5019,35,1211.0146484375,122.7744140625
5020,40,1206.8544921875,136.1494140625
5021,45,1206.3251953125,147.0927734375
5022,50,1208.880859375,160.0712890625
5023,53,1211.0556640625,170.845703125
5024,55,1211.1455078125,178.4228515625
5025,57,1211.0947265625,181.8720703125
5026,58,1215.837890625,188.5927734375
5027,59,1218.283203125,192.1865234375
5028,59,1220.43359375,194.107421875
5029,59,1222.015625,194.208984375
5030,59,1219.478515625,193.6953125
5031,59,1220.6923828125,193.703125
5032,59,1222.744140625,194.23828125
5033,59,1221.4775390625,193.99609375
5034,59,1222.751953125,193.873046875
5035,59,1224.7578125,194.3828125
5036,59,1222.4814453125,193.943359375
5037,59,1222.69921875,194.00390625
5038,59,1224.794921875,194.490234375
5039,59,1225.5947265625,194.6220703125
5040,59,1225.33203125,194.306640625
5041,59,1220.669921875,193.611328125
5042,59,1222.943359375,193.6875
5043,59,1226.0732421875,194.4912109375
5044,59,1222.529296875,193.83203125
5045,59,1222.849609375,193.66796875
5046,59,1226.279296875,194.591796875
5047,59,1227.408203125,194.669921875
5048,59,1228.34765625,194.7978515625
5049,59,1228.6806640625,195.060546875
5050,59,1228.4501953125,195.10546875
5051,59,1227.6376953125,194.9697265625
5052,59,1227.1474609375,195.025390625
5053,59,1220.69140625,194.1005859375
5054,59,1218.3232421875,194.111328125
5055,59,1221.19921875,195.44921875
5056,59,1222.1064453125,195.150390625
5057,59,1224.0498046875,194.53515625
5058,59,1230.3134765625,194.9921875
5059,59,1238.9765625,196.2783203125
5060,59,1241.826171875,196.8916015625
5061,59,1239.0009765625,196.236328125
5062,59,1238.98046875,195.98828125
5063,59,1241.7685546875,196.4345703125
5064,59,1239.919921875,195.8818359375
5065,59,1240.380859375,195.8115234375
5066,59,1242.537109375,196.3056640625
5067,59,1238.052734375,195.7568359375
5068,59,1237.4140625,195.2255859375
5069,59,1240.2158203125,195.7060546875
5070,59,1240.826171875,195.837890625
5071,59,1237.8408203125,195.111328125
5072,59,1238.0361328125,195.091796875
5073,59,1240.591796875,195.6416015625
5074,59,1239.9228515625,195.583984375
5075,59,1238.51953125,195.666015625
5076,59,1238.2099609375,195.673828125
5077,59,1234.7578125,194.6474609375
5078,59,1235.185546875,194.8681640625
5079,59,1238.1650390625,195.6669921875
5080,59,1237.181640625,195.2587890625
5081,59,1234.7646484375,194.724609375
5082,59,1229.3115234375,194.2490234375
5083,59,1228.13671875,194.009765625
5084,59,1230.67578125,195.1865234375
5085,59,1232.03515625,195.5693359375
5086,59,1232.455078125,195.3310546875
5087,59,1233.1064453125,195.4306640625
5088,59,1232.0986328125,194.708984375
5089,59,1236.50390625,195.455078125
5090,59,1243.724609375,196.767578125
5091,59,1246.2333984375,197.138671875
5092,59,1246.8818359375,197.0263671875
5093,59,1245.2294921875,196.5751953125
5094,59,1245.2314453125,196.546875
5095,59,1246.822265625,196.86328125
5096,59,1245.4521484375,196.509765625
5097,59,1245.25390625,196.6025390625
5098,59,1246.5146484375,196.630859375
5099,59,1244.587890625,196.142578125
5100,59,1244.314453125,196.0302734375
5101,59,1245.828125,196.3515625
5102,59,1243.041015625,195.841796875
5103,59,1242.908203125,195.88671875
5104,59,1244.4208984375,196.1865234375
5105,59,1243.146484375,195.8896484375
5106,59,1241.115234375,195.4462890625
5107,59,1240.755859375,195.5283203125
5108,59,1242.6416015625,195.923828125
5109,59,1242.423828125,195.8759765625
5110,59,1241.6748046875,195.8076171875
5111,59,1240.4541015625,195.7060546875
5112,59,1238.697265625,195.5498046875
5113,59,1237.6923828125,195.416015625
5114,59,1237.37890625,195.53125
5115,59,1236.2744140625,195.31640625
5116,59,1222.3759765625,195.005859375
5117,59,1219.8115234375,194.8056640625
5118,59,1218.603515625,194.623046875
5119,59,1216.83203125,194.4111328125
5120,59,1217.671875,194.525390625
5121,59,1231.4931640625,199.5751953125
5122,59,1231.580078125,199.580078125
5123,59,1232.3623046875,199.564453125
5124,59,1233.12109375,199.3291015625
5125,59,1230.794921875,198.388671875
5126,59,1230.2265625,197.92578125
5127,59,1230.880859375,198.02734375
5128,59,1230.923828125,198.052734375
5129,59,1230.4423828125,197.9130859375
5130,59,1228.08984375,197.6064453125
5131,59,1227.9833984375,197.52734375
5132,59,1230.220703125,197.873046875
5133,59,1229.8427734375,197.7392578125
5134,59,1227.4677734375,197.2080078125
5135,59,1225.83984375,196.89453125
5136,59,1225.197265625,196.873046875
5137,59,1224.1259765625,196.677734375
5138,59,1224.634765625,196.6904296875
5139,59,1224.484375,196.6220703125
5140,59,1223.0205078125,196.55078125
5141,59,1221.390625,196.3154296875
5142,59,1221.71484375,196.1767578125
5143,59,1221.7177734375,196.2236328125
5144,59,1221.9052734375,196.3974609375
5145,59,1222.9794921875,196.4267578125
5146,59,1223.0732421875,196.2734375
5147,59,1213.1953125,195.986328125
5148,59,1215.1181640625,196.189453125
5149,59,1215.8486328125,196.2490234375
5150,59,1216.876953125,196.34375
5151,59,1222.5908203125,197.095703125
5152,59,1225.4267578125,197.232421875
5153,59,1226.6220703125,196.3359375
5154,59,1236.193359375,196.7041015625
5155,59,1243.80078125,197.44140625
5156,59,1242.8779296875,196.9755859375
5157,59,1244.33984375,197.0732421875
5158,59,1245.8076171875,197.2861328125
5159,59,1244.4443359375,196.9404296875
5160,59,1245.01171875,196.8349609375
5161,59,1247.234375,197.1376953125
5162,59,1247.8955078125,197.1435546875
5163,59,1248.6689453125,197.560546875
5164,59,1246.220703125,197.1630859375
5165,59,1245.94921875,196.82421875
5166,59,1248.2119140625,197.142578125
5167,59,1244.3681640625,196.54296875
5168,59,1244.892578125,196.478515625
5169,59,1246.7294921875,196.94140625
5170,59,1244.630859375,196.44921875
5171,59,1244.8447265625,196.423828125
5172,59,1246.552734375,196.736328125
5173,59,1246.99609375,196.771484375
5174,59,1246.75,196.8447265625
5175,59,1247.0,197.1640625
5176,59,1247.3857421875,197.3203125
5177,59,1248.060546875,197.330078125
5178,59,1248.322265625,197.447265625
5179,59,1239.91796875,197.62109375
5180,59,1241.5625,197.5166015625
5181,59,1243.3798828125,197.857421875
5182,59,1244.6640625,197.9013671875
5183,59,1245.3935546875,197.9169921875
5184,59,1246.412109375,198.0146484375
5185,59,1255.97265625,198.27734375
5186,59,1254.5556640625,198.0859375
5187,59,1257.5859375,198.0
5188,59,1257.646484375,198.0517578125
5189,59,1258.7578125,197.9033203125
5190,59,1258.8173828125,197.9462890625
5191,59,1259.640625,197.712890625
5192,59,1259.3642578125,197.8720703125
5193,59,1258.9716796875,197.4423828125
5194,59,1258.70703125,197.7138671875
5195,59,1257.298828125,197.25
5196,59,1256.5146484375,197.22265625
5197,59,1253.7509765625,196.62890625
5198,59,1252.9296875,196.564453125
5199,59,1254.2119140625,196.9248046875
5200,59,1254.0126953125,196.94921875
5201,59,1253.3427734375,196.65234375
5202,59,1253.83203125,196.58984375
5203,59,1251.283203125,195.9912109375
5204,59,1251.09765625,196.001953125
5205,59,1254.2177734375,196.869140625
5206,59,1254.3466796875,196.7880859375
5207,59,1254.5498046875,196.7900390625
5208,59,1254.396484375,197.1162109375
5209,59,1253.1962890625,197.2451171875
5210,59,1254.5244140625,197.1376953125
5211,59,1245.560546875,196.9091796875
5212,59,1245.7900390625,197.037109375
5213,59,1246.5673828125,197.173828125
5214,59,1244.5927734375,196.8837890625
5215,59,1245.4443359375,196.5341796875
5216,59,1247.0234375,196.876953125
5217,59,1256.3994140625,197.2890625
5218,59,1254.8916015625,197.0087890625
5219,59,1256.7001953125,196.96875
5220,59,1259.1513671875,197.6533203125
5221,59,1257.8447265625,196.8984375
5222,59,1257.794921875,196.890625
5223,59,1259.5400390625,197.0908203125
5224,59,1257.2353515625,196.7099609375
5225,59,1257.8310546875,196.8037109375
5226,59,1260.1884765625,197.1708984375
5227,59,1257.5498046875,196.6669921875
5228,59,1256.8232421875,196.625
5229,59,1259.1640625,196.9482421875
5230,59,1258.83203125,197.0205078125
5231,59,1258.490234375,196.9169921875
5232,59,1258.029296875,196.8251953125
5233,59,1257.34375,196.8154296875
5234,59,1258.298828125,196.890625
5235,59,1258.470703125,196.91015625
5236,59,1259.072265625,196.986328125
5237,59,1259.623046875,197.0947265625
5238,59,1258.7470703125,197.0888671875
5239,59,1258.5029296875,197.0283203125
5240,59,1258.3984375,197.0458984375
5241,59,1258.8232421875,197.052734375
5242,59,1250.412109375,197.0458984375
5243,59,1252.3642578125,197.1474609375
5244,59,1252.8486328125,197.3818359375
5245,59,1253.380859375,197.486328125
5246,59,1251.951171875,197.2236328125
5247,59,1252.248046875,197.15234375
5248,59,1253.0048828125,197.3447265625
5249,59,1250.455078125,196.6787109375
5250,59,1253.955078125,196.814453125
5251,59,1258.5498046875,197.451171875
5252,59,1257.13671875,197.1005859375
5253,59,1257.9609375,197.1669921875
5254,59,1260.5458984375,197.494140625
5255,59,1258.2470703125,197.0419921875
5256,59,1257.8046875,197.08984375
5257,59,1260.3701171875,197.3349609375
5258,59,1257.5078125,197.0234375
5259,59,1257.7744140625,196.9423828125
5260,59,1258.7939453125,197.193359375
5261,59,1257.759765625,196.91796875
5262,59,1257.486328125,196.869140625
5263,59,1256.9140625,196.8232421875
5264,59,1256.2275390625,196.70703125
5265,59,1253.0146484375,196.4111328125
5266,59,1253.2978515625,196.3388671875
5267,59,1253.5185546875,196.5703125
5268,59,1252.95703125,196.44921875
5269,59,1252.3095703125,196.4228515625
5270,59,1252.166015625,196.419921875
5271,59,1250.8935546875,196.3251953125
5272,59,1249.9208984375,196.203125
5273,59,1237.71875,195.4326171875
5274,59,1234.9853515625,195.3349609375
5275,59,1234.1875,195.1845703125
5276,59,1233.39453125,195.1318359375
5277,59,1232.2080078125,194.8798828125
5278,59,1232.5634765625,194.8984375
5279,59,1232.6953125,194.9111328125
5280,59,1231.98828125,194.8662109375
5281,59,1218.96875,196.501953125
5282,59,1219.9697265625,196.029296875
5283,59,1220.7587890625,196.080078125
5284,59,1221.509765625,196.3125
5285,59,1220.7802734375,196.001953125
5286,59,1222.29296875,196.015625
5287,59,1224.1064453125,196.3837890625
5288,59,1220.341796875,195.884765625
5289,59,1221.7578125,195.798828125
5290,59,1223.8720703125,196.171875
5291,59,1220.0556640625,195.6005859375
5292,59,1220.5859375,195.478515625
5293,59,1221.505859375,195.818359375
5294,59,1220.595703125,195.8193359375
5295,59,1220.4287109375,195.78125
5296,59,1220.8466796875,195.8369140625
5297,59,1222.33984375,195.6044921875
5298,59,1223.759765625,195.8642578125
5299,59,1224.49609375,195.810546875
5300,59,1224.595703125,195.7275390625
5301,59,1224.0439453125,195.6953125
5302,59,1223.3291015625,195.595703125
5303,59,1222.8017578125,195.845703125
5304,59,1215.31640625,195.6630859375
5305,59,1216.5205078125,195.650390625
5306,59,1217.9296875,195.6171875
5307,59,1218.9912109375,195.6962890625
5308,59,1217.546875,195.5244140625
5309,59,1219.1083984375,195.587890625
5310,59,1219.8837890625,195.7109375
5311,59,1219.3076171875,194.81640625
5312,59,1230.2734375,195.056640625
5313,59,1239.91015625,196.5546875
5314,59,1239.1328125,196.279296875
5315,59,1241.564453125,196.3740234375
5316,59,1244.423828125,196.724609375
5317,59,1242.564453125,196.3984375
5318,59,1242.115234375,196.458984375
5319,59,1244.21875,196.68359375
5320,59,1241.7939453125,196.3369140625
5321,59,1241.041015625,196.0849609375
5322,59,1243.1611328125,196.40234375
5323,59,1240.658203125,195.9921875
5324,59,1240.65234375,195.9384765625
5325,59,1242.8232421875,196.390625
5326,59,1243.3603515625,196.396484375
5327,59,1242.3310546875,196.4345703125
5328,59,1242.4521484375,196.5810546875
5329,59,1238.0556640625,195.92578125
5330,59,1239.251953125,195.7490234375
5331,59,1242.9775390625,196.5634765625
5332,59,1243.3701171875,196.5009765625
5333,59,1242.994140625,196.4970703125
5334,59,1243.2314453125,196.5947265625
5335,59,1241.3271484375,196.6689453125
5336,59,1241.87109375,196.814453125
5337,59,1242.6796875,196.5927734375
5338,59,1239.47265625,196.05859375
5339,59,1240.17578125,196.1845703125
5340,59,1242.1162109375,196.662109375
5341,59,1243.505859375,196.673828125
5342,59,1244.3056640625,196.7763671875
5343,59,1241.66015625,196.029296875
5344,59,1241.3876953125,196.1005859375
5345,59,1246.1083984375,197.2294921875
5346,59,1245.0458984375,196.966796875
5347,59,1246.3896484375,196.8037109375
5348,59,1248.4521484375,197.322265625
5349,59,1246.474609375,196.9501953125
5350,59,1246.8193359375,196.9931640625
5351,59,1248.9072265625,197.2568359375
5352,59,1247.3125,196.9580078125
5353,59,1246.84375,196.798828125
5354,59,1248.1796875,197.1669921875
5355,59,1248.140625,197.2265625
5356,59,1247.7080078125,197.083984375
5357,59,1245.71875,196.58203125
5358,59,1245.654296875,196.51171875
5359,59,1247.314453125,197.0068359375
5360,59,1247.6298828125,196.958984375
5361,59,1242.36328125,196.083984375
5362,59,1242.9306640625,196.14453125
5363,59,1245.4033203125,196.9169921875
5364,59,1243.0029296875,196.4765625
5365,59,1244.341796875,196.5478515625
5366,59,1247.068359375,197.095703125
5367,59,1245.2509765625,197.021484375
5368,59,1246.056640625,197.2783203125
5369,59,1247.0966796875,197.373046875
5370,59,1244.76171875,196.9580078125
5371,59,1245.8369140625,197.0263671875
5372,59,1248.1015625,197.3447265625
5373,59,1249.640625,197.466796875
5374,59,1247.8974609375,197.15234375
5375,59,1248.4931640625,197.2275390625
5376,59,1249.5986328125,197.4501953125
5377,59,1247.5634765625,196.7958984375
5378,59,1251.9267578125,196.720703125
5379,59,1256.7392578125,197.3642578125
5380,59,1254.9736328125,197.130859375
5381,59,1255.7314453125,197.224609375
5382,59,1257.7744140625,197.537109375
5383,59,1255.2822265625,197.19921875
5384,59,1254.9384765625,197.068359375
5385,59,1257.1650390625,197.3095703125
5386,59,1254.0126953125,196.9150390625
5387,59,1254.341796875,196.7783203125
5388,59,1256.6552734375,197.18359375
5389,59,1254.28125,196.74609375
5390,59,1255.154296875,196.947265625
5391,59,1256.0302734375,197.1220703125
5392,59,1255.646484375,197.1171875
5393,59,1249.119140625,196.47265625
5394,59,1247.5517578125,196.3857421875
5395,59,1250.0517578125,197.1875
5396,59,1245.2685546875,196.33203125
5397,59,1243.5146484375,196.1845703125
5398,59,1246.4111328125,196.7255859375
5399,59,1247.59765625,196.8408203125
5400,59,1249.3056640625,197.056640625
5401,59,1246.978515625,196.6328125
5402,59,1247.986328125,196.669921875
5403,59,1250.1953125,196.84375
5404,59,1251.341796875,197.0712890625
5405,59,1251.96484375,197.099609375
5406,59,1251.9921875,197.138671875
5407,59,1252.34765625,197.125
5408,59,1250.3095703125,196.44140625
5409,59,1250.1181640625,196.416015625
5410,59,1253.6533203125,197.1494140625
5411,59,1251.7919921875,196.84765625
5412,59,1252.388671875,196.7734375
5413,59,1254.8095703125,197.125
5414,59,1251.3115234375,196.486328125
5415,59,1251.29296875,196.376953125
5416,59,1253.2255859375,196.6865234375
5417,59,1251.1806640625,196.3642578125
5418,59,1250.8046875,196.2724609375
5419,59,1252.373046875,196.626953125
5420,59,1251.9541015625,196.568359375
5421,59,1249.0087890625,196.0927734375
5422,59,1248.4521484375,196.1171875
5423,59,1249.9560546875,196.375
5424,59,1246.1015625,195.634765625
5425,59,1242.4619140625,195.513671875
5426,59,1242.6455078125,195.916015625
5427,59,1240.462890625,195.615234375
5428,59,1239.8740234375,195.5751953125
5429,59,1242.0625,195.86328125
5430,59,1237.8798828125,195.6943359375
5431,59,1237.99609375,195.634765625
5432,59,1237.4482421875,195.6357421875
5433,59,1237.2900390625,195.6171875
5434,59,1236.578125,195.4775390625
5435,59,1236.43359375,195.4970703125
5436,59,1236.3779296875,195.5078125
5437,59,1235.3076171875,195.30078125
5438,59,1234.904296875,195.150390625
5439,59,1235.462890625,195.1748046875
5440,59,1235.4736328125,195.1767578125
5441,59,1237.8173828125,198.7568359375
5442,59,1237.5068359375,198.369140625
5443,59,1238.6259765625,198.38671875
5444,59,1240.1953125,198.6083984375
5445,59,1239.173828125,198.298828125
5446,59,1239.3505859375,198.2880859375
5447,59,1240.62109375,198.4619140625
5448,59,1237.900390625,197.9677734375
5449,59,1238.28515625,197.908203125
5450,59,1239.6201171875,198.2001953125
5451,59,1237.298828125,197.7744140625
5452,59,1237.361328125,197.6572265625
5453,59,1238.755859375,197.970703125
5454,59,1238.912109375,198.0537109375
5455,59,1233.201171875,197.1943359375
5456,59,1235.3515625,196.8984375
5457,59,1236.322265625,197.453125
5458,59,1234.236328125,197.095703125
5459,59,1235.2412109375,197.1474609375
5460,59,1237.615234375,197.45703125
5461,59,1235.28125,197.1689453125
5462,59,1234.9921875,197.1015625
5463,59,1235.7841796875,196.9716796875
5464,59,1232.498046875,196.7822265625
5465,59,1233.416015625,196.8720703125
5466,59,1234.6748046875,197.0869140625
5467,59,1236.0888671875,197.1904296875
5468,59,1236.5947265625,197.294921875
5469,59,1236.1787109375,197.166015625
5470,59,1237.0224609375,196.9892578125
5471,59,1238.1474609375,197.1953125
5472,59,1236.25390625,196.6826171875
5473,59,1243.18359375,196.7138671875
5474,59,1247.8642578125,197.3994140625
5475,59,1246.2841796875,197.28125
5476,59,1247.833984375,197.23046875
5477,59,1250.2265625,197.5537109375
5478,59,1248.087890625,197.271484375
5479,59,1247.953125,197.1494140625
5480,59,1249.484375,197.5888671875
5481,59,1246.12109375,197.15234375
5482,59,1245.93359375,197.0107421875
5483,59,1248.0458984375,197.224609375
5484,59,1245.4296875,197.0048828125
5485,59,1246.697265625,196.888671875
5486,59,1248.2900390625,197.2939453125
5487,59,1248.4345703125,197.41015625
5488,59,1249.083984375,197.6484375
5489,59,1243.203125,196.7568359375
5490,59,1241.359375,196.5986328125
5491,59,1242.015625,197.130859375
5492,59,1240.927734375,196.9560546875
5493,59,1240.951171875,197.037109375
5494,59,1242.177734375,197.1494140625
5495,59,1243.525390625,197.12109375
5496,59,1242.1689453125,196.8564453125
5497,59,1244.587890625,196.9765625
5498,59,1246.0302734375,197.2822265625
5499,59,1248.0263671875,197.4658203125
5500,59,1246.65625,197.134765625
5501,59,1247.5166015625,197.1201171875
5502,59,1248.4716796875,197.2373046875
5503,59,1247.0380859375,196.638671875
5504,59,1250.3916015625,196.8466796875
5505,59,1254.9140625,197.4140625
5506,59,1253.46875,197.0947265625
5507,59,1255.6328125,197.193359375
5508,59,1257.287109375,197.478515625
5509,59,1254.9794921875,197.076171875
5510,59,1255.26171875,196.9541015625
5511,59,1257.095703125,197.302734375
5512,59,1255.318359375,196.99609375
5513,59,1255.03125,196.923828125
5514,59,1256.5546875,197.267578125
5515,59,1254.5498046875,196.7763671875
5516,59,1254.26953125,196.8681640625
5517,59,1255.8095703125,197.1142578125
5518,59,1256.2138671875,197.123046875
5519,59,1256.3369140625,197.2314453125
5520,59,1256.5224609375,197.2216796875
5521,59,1249.9658203125,196.3486328125
5522,59,1247.2041015625,196.1240234375
5523,59,1248.2490234375,196.7109375
5524,59,1245.7490234375,196.751953125
5525,59,1246.1796875,196.7900390625
5526,59,1247.8486328125,197.0205078125
5527,59,1250.2255859375,197.14453125
5528,59,1251.8583984375,197.2626953125
5529,59,1252.51953125,197.23046875
5530,59,1254.78515625,197.4521484375
5531,59,1253.650390625,197.1630859375
5532,59,1253.1884765625,197.0888671875
5533,59,1253.8857421875,197.177734375
5534,59,1253.013671875,196.8388671875
5535,59,1253.5380859375,196.8779296875
5536,59,1254.7021484375,196.99609375
5537,59,1252.3759765625,196.3291015625
5538,59,1255.728515625,196.375
5539,59,1259.64453125,197.123046875
5540,59,1258.01171875,196.87890625
5541,59,1258.484375,196.9111328125
5542,59,1260.7705078125,197.296875
5543,59,1258.5986328125,196.947265625
5544,59,1258.2119140625,196.884765625
5545,59,1259.94921875,197.3017578125
5546,59,1260.1650390625,197.3408203125
5547,59,1260.453125,197.2353515625
5548,59,1260.5146484375,197.26171875
5549,59,1259.88671875,197.392578125
5550,59,1260.01953125,197.4580078125
5551,59,1260.1953125,197.51171875
5552,59,1260.1943359375,197.6015625
5553,59,1252.240234375,196.66796875
5554,59,1248.7470703125,196.3896484375
5555,59,1250.7265625,197.216796875
5556,59,1247.359375,196.7353515625
5557,59,1247.7763671875,196.8232421875
5558,59,1250.3798828125,197.09765625
5559,59,1251.9052734375,197.0283203125
5560,59,1253.7451171875,197.1953125
5561,59,1254.85546875,197.3251953125
5562,59,1256.6025390625,197.48828125
5563,59,1258.361328125,197.671875
5564,59,1256.037109375,197.2255859375
5565,59,1256.6875,197.2255859375
5566,59,1257.625,197.3125
5567,59,1255.96484375,196.771484375
5568,59,1259.23046875,196.7958984375
5569,59,1262.6455078125,197.3369140625
5570,59,1261.87890625,197.1259765625
5571,59,1262.8505859375,197.212890625
5572,59,1264.3818359375,197.5341796875
5573,59,1262.6259765625,197.1533203125
5574,59,1262.744140625,197.07421875
5575,59,1263.6337890625,197.408203125
5576,59,1263.3134765625,197.2626953125
5577,59,1263.4453125,197.3212890625
5578,59,1263.2626953125,197.43359375
5579,59,1263.1767578125,197.404296875
5580,59,1262.673828125,197.357421875
5581,59,1262.7939453125,197.3681640625
5582,59,1261.9765625,197.3544921875
5583,59,1260.5400390625,197.416015625
5584,59,1260.3134765625,197.3173828125
5585,59,1254.255859375,196.462890625
5586,59,1247.6787109375,196.078125
5587,59,1245.0849609375,196.62890625
5588,59,1244.3046875,196.330078125
5589,59,1244.216796875,196.1572265625
5590,59,1244.6474609375,196.4697265625
5591,59,1245.66796875,196.373046875
5592,59,1245.9267578125,196.2412109375
5593,59,1246.025390625,196.2958984375
5594,59,1245.5166015625,196.1044921875
5595,59,1244.1826171875,195.9326171875
5596,59,1243.845703125,196.0078125
5597,59,1244.0439453125,195.8466796875
5598,59,1243.5126953125,195.697265625
5599,59,1243.4921875,195.7421875
5600,59,1243.5458984375,195.7333984375
5601,59,1230.3544921875,196.7978515625
5602,59,1231.44921875,196.697265625
5603,59,1232.439453125,196.74609375
5604,59,1232.666015625,196.759765625
5605,59,1232.6357421875,196.5419921875
5606,59,1232.947265625,196.533203125
5607,59,1233.28125,196.8349609375
5608,59,1233.7666015625,196.728515625
5609,59,1234.0556640625,196.83203125
5610,59,1234.2763671875,196.884765625
5611,59,1234.740234375,197.0244140625
5612,59,1234.9501953125,196.9375
5613,59,1235.419921875,196.951171875
5614,59,1235.8837890625,197.013671875
5615,59,1237.27734375,197.0068359375
5616,59,1237.8271484375,197.07421875
5617,59,1231.6689453125,196.25
5618,59,1233.005859375,196.328125
5619,59,1229.267578125,196.51171875
5620,59,1226.95703125,196.029296875
5621,59,1227.294921875,195.8115234375
5622,59,1229.0751953125,196.3330078125
5623,59,1231.740234375,196.4609375
5624,59,1233.5078125,196.44921875
5625,59,1234.55859375,196.53515625
5626,59,1236.7373046875,196.74609375
5627,59,1236.146484375,196.5546875
5628,59,1235.7646484375,196.3359375
5629,59,1235.380859375,196.482421875
5630,59,1235.009765625,196.2177734375
5631,59,1236.482421875,196.291015625
5632,59,1237.0810546875,196.4208984375
5633,59,1237.31640625,195.7451171875
5634,59,1245.9189453125,196.0869140625
5635,59,1251.1884765625,196.884765625
5636,59,1250.7109375,196.6767578125
5637,59,1251.380859375,196.779296875
5638,59,1252.2548828125,197.046875
5639,59,1250.8251953125,196.8125
5640,59,1251.90234375,196.8232421875
5641,59,1252.822265625,197.162109375
5642,59,1254.3369140625,197.3505859375
5643,59,1255.6884765625,197.5146484375
5644,59,1256.7978515625,197.638671875
5645,59,1257.5673828125,197.796875
5646,59,1257.9189453125,197.98828125
5647,59,1258.64453125,198.0126953125
5648,59,1259.05078125,198.1376953125
5649,59,1251.4541015625,197.138671875
5650,59,1249.427734375,197.15234375
5651,59,1251.3505859375,197.9775390625
5652,59,1249.322265625,197.4560546875
5653,59,1250.3896484375,197.5087890625
5654,59,1252.0302734375,197.8291015625
5655,59,1253.923828125,197.87109375
5656,59,1254.77734375,197.9697265625
5657,59,1256.2314453125,198.0908203125
5658,59,1256.6513671875,198.1083984375
5659,59,1258.4658203125,198.1748046875
5660,59,1257.9140625,198.1123046875
5661,59,1258.6845703125,198.12890625
5662,59,1259.7880859375,198.5185546875
5663,59,1257.3662109375,197.6669921875
5664,59,1258.88671875,197.8125
5665,59,1261.79296875,198.7255859375
5666,59,1260.947265625,198.3369140625
5667,59,1262.4619140625,198.4169921875
5668,59,1264.26171875,198.7470703125
5669,59,1262.8173828125,198.5400390625
5670,59,1262.9453125,198.4951171875
5671,59,1264.4072265625,198.8662109375
5672,59,1263.2080078125,198.5732421875
5673,59,1263.9443359375,198.6171875
5674,59,1265.5009765625,198.9873046875
5675,59,1266.7744140625,199.1162109375
5676,59,1267.2724609375,199.1630859375
5677,59,1267.9609375,199.1875
5678,59,1265.482421875,198.677734375
5679,59,1265.3994140625,198.8115234375
5680,59,1266.96875,199.2744140625
5681,59,1259.650390625,198.2080078125
5682,59,1258.3232421875,198.0185546875
5683,59,1260.1015625,198.927734375
5684,59,1258.37109375,198.4873046875
5685,59,1259.4306640625,198.607421875
5686,59,1261.3623046875,198.8583984375
5687,59,1262.208984375,198.8447265625
5688,59,1263.1591796875,198.8984375
5689,59,1264.3017578125,199.005859375
5690,59,1264.6298828125,199.05859375
5691,59,1265.408203125,199.2294921875
5692,59,1266.24609375,199.3427734375
5693,59,1266.8720703125,199.359375
5694,59,1267.9013671875,199.41015625
5695,59,1268.171875,199.2705078125
5696,59,1268.1123046875,199.2041015625
5697,59,1264.94921875,198.4560546875
5698,59,1266.1240234375,198.384765625
5699,59,1268.5283203125,198.9052734375
5700,59,1270.142578125,199.0537109375
5701,59,1270.6171875,199.04296875
5702,59,1270.494140625,199.0185546875
5703,59,1270.5986328125,198.98046875
5704,59,1270.5625,198.8896484375
5705,59,1270.8701171875,198.9189453125
5706,59,1270.431640625,198.7880859375
5707,59,1270.2021484375,198.8115234375
5708,59,1269.875,198.6748046875
5709,59,1269.19140625,198.6416015625
5710,59,1269.01171875,198.720703125
5711,59,1269.3125,198.8671875
5712,59,1268.0078125,198.8388671875
5713,59,1257.40625,198.275390625
5714,59,1257.333984375,198.2294921875
5715,59,1258.7119140625,198.2470703125
5716,59,1258.94921875,198.2255859375
5717,59,1259.15625,198.203125
5718,59,1260.1806640625,198.283203125
5719,59,1261.4453125,198.259765625
5720,59,1262.525390625,198.349609375
5721,59,1264.2265625,198.328125
5722,59,1264.4521484375,198.501953125
5723,59,1265.45703125,198.6015625
5724,59,1265.9658203125,198.638671875
5725,59,1266.87109375,198.6474609375
5726,59,1266.103515625,198.6484375
5727,59,1263.85546875,197.9423828125
5728,59,1265.8564453125,197.7451171875
5729,59,1267.1064453125,198.2880859375
5730,59,1266.5849609375,198.1796875
5731,59,1266.978515625,198.154296875
5732,59,1268.140625,198.4765625
5733,59,1268.529296875,198.5224609375
5734,59,1268.580078125,198.515625
5735,59,1268.9365234375,198.5517578125
5736,59,1268.458984375,198.4990234375
5737,59,1268.1318359375,198.54296875
5738,59,1267.4521484375,198.3701171875
5739,59,1266.6484375,198.2626953125
5740,59,1266.20703125,198.1669921875
5741,59,1265.783203125,198.0185546875
5742,59,1264.408203125,197.99609375
5743,59,1263.3857421875,197.9091796875
5744,59,1262.3896484375,197.9052734375
5745,59,1257.2841796875,196.7294921875
5746,59,1251.900390625,196.359375
5747,59,1251.65625,197.0947265625
5748,59,1251.8447265625,196.912109375
5749,59,1252.3115234375,196.8447265625
5750,59,1252.7197265625,196.9296875
5751,59,1252.8974609375,196.880859375
5752,59,1253.23046875,196.900390625
5753,59,1253.1357421875,196.9775390625
5754,59,1253.490234375,197.0400390625
5755,59,1253.1796875,196.96484375
5756,59,1253.3505859375,196.9052734375
5757,59,1252.7119140625,196.85546875
5758,59,1251.4052734375,196.603515625
5759,59,1250.9287109375,196.626953125
5760,59,1251.9453125,196.77734375
5761,59,1210.361328125,195.73828125
5762,59,1210.6982421875,195.5166015625
5763,59,1212.7763671875,195.654296875
5764,59,1213.9140625,195.9013671875
5765,59,1215.1044921875,196.056640625
5766,59,1216.134765625,196.0400390625
5767,59,1216.1748046875,195.9853515625
5768,59,1216.3115234375,195.9443359375
5769,59,1216.8857421875,196.23828125
5770,59,1217.6650390625,196.064453125
5771,59,1218.73828125,196.3779296875
5772,59,1219.9716796875,196.5048828125
5773,59,1220.759765625,196.5634765625
5774,59,1221.6884765625,196.58203125
5775,59,1222.5947265625,196.7197265625
5776,59,1217.2841796875,196.3388671875
5777,59,1232.08984375,196.4140625
5778,59,1236.634765625,196.7001953125
5779,59,1238.6689453125,196.6572265625
5780,59,1238.009765625,196.4716796875
5781,59,1238.306640625,196.498046875
5782,59,1239.2119140625,196.576171875
5783,59,1238.8505859375,196.46875
5784,59,1238.951171875,196.3203125
5785,59,1238.1533203125,196.3271484375
5786,59,1239.9052734375,196.505859375
5787,59,1238.6494140625,196.1953125
5788,59,1239.314453125,196.1953125
5789,59,1239.80859375,196.3349609375
5790,59,1239.1162109375,196.154296875
5791,59,1240.0537109375,196.21875
5792,59,1241.4892578125,196.5546875
5793,59,1239.36328125,195.9521484375
5794,59,1242.3955078125,196.046875
5795,59,1244.9423828125,196.291015625
5796,59,1246.91796875,196.40234375
5797,59,1247.1435546875,196.650390625
5798,59,1247.5771484375,196.5361328125
5799,59,1247.740234375,196.47265625
5800,59,1248.330078125,196.5927734375
5801,59,1248.740234375,196.5625
5802,59,1249.3544921875,196.6650390625
5803,59,1249.5029296875,196.8232421875
5804,59,1249.3046875,196.8984375
5805,59,1249.837890625,196.873046875
5806,59,1249.9638671875,197.0048828125
5807,59,1249.740234375,197.130859375
5808,59,1241.193359375,196.8828125
5809,59,1240.4150390625,196.083984375
5810,59,1245.931640625,196.1767578125
5811,59,1252.6552734375,197.400390625
5812,59,1252.318359375,197.05859375
5813,59,1254.478515625,197.4150390625
5814,59,1254.9853515625,197.4853515625
5815,59,1254.359375,197.2353515625
5816,59,1253.732421875,197.19921875
5817,59,1254.1669921875,197.3330078125
5818,59,1253.69140625,197.1484375
5819,59,1254.5341796875,197.1220703125
5820,59,1255.63671875,197.2939453125
5821,59,1254.1318359375,196.9921875
5822,59,1255.576171875,197.0615234375
5823,59,1257.1640625,197.318359375
5824,59,1254.8623046875,196.95703125
5825,59,1254.935546875,197.0234375
5826,59,1256.87109375,197.4150390625
5827,59,1254.7431640625,196.9853515625
5828,59,1254.48828125,197.0400390625
5829,59,1256.1162109375,197.400390625
5830,59,1256.8369140625,197.3330078125
5831,59,1256.3349609375,197.314453125
5832,59,1255.791015625,197.1875
5833,59,1256.611328125,197.0791015625
5834,59,1256.3486328125,197.2705078125
5835,59,1256.59375,197.2255859375
5836,59,1256.703125,197.2509765625
5837,59,1255.8583984375,197.166015625
5838,59,1255.5185546875,197.25390625
5839,59,1247.318359375,197.0048828125
5840,59,1244.61328125,195.9384765625
5841,59,1248.4384765625,196.1787109375
5842,59,1255.1708984375,197.419921875
5843,59,1254.201171875,197.212890625
5844,59,1255.75,197.349609375
5845,59,1256.8828125,197.470703125
5846,59,1258.3603515625,197.5458984375
5847,59,1258.482421875,197.5810546875
5848,59,1258.03125,197.3720703125
5849,59,1258.423828125,197.3349609375
5850,59,1258.9091796875,197.5400390625
5851,59,1257.947265625,197.3388671875
5852,59,1258.224609375,197.384765625
5853,59,1259.55078125,197.58984375
5854,59,1258.2666015625,197.3916015625
5855,59,1258.41015625,197.443359375
5856,59,1259.4912109375,197.6416015625
5857,59,1257.0595703125,197.2197265625
5858,59,1258.193359375,197.216796875
5859,59,1260.359375,197.54296875
5860,59,1260.921875,197.578125
5861,59,1260.9130859375,197.50390625
5862,59,1261.0751953125,197.6767578125
5863,59,1261.34375,197.80859375
5864,59,1261.4638671875,197.7275390625
5865,59,1261.556640625,197.7646484375
5866,59,1262.0390625,197.8349609375
5867,59,1261.642578125,197.8583984375
5868,59,1261.6787109375,197.8271484375
5869,59,1260.1298828125,197.6796875
5870,59,1252.146484375,197.462890625
5871,59,1253.0322265625,197.583984375
5872,59,1252.8349609375,197.5361328125
5873,59,1255.3037109375,196.8271484375
5874,59,1261.5380859375,197.0771484375
5875,59,1268.8681640625,197.9169921875
5876,59,1268.2490234375,197.626953125
5877,59,1269.7685546875,197.859375
5878,59,1270.6484375,197.9169921875
5879,59,1272.099609375,197.951171875
5880,59,1271.205078125,197.7333984375
5881,59,1271.1611328125,197.626953125
5882,59,1271.4677734375,197.794921875
5883,59,1270.67578125,197.49609375
5884,59,1271.1044921875,197.484375
5885,59,1272.1767578125,197.7060546875
5886,59,1271.0068359375,197.38671875
5887,59,1270.7138671875,197.3525390625
5888,59,1272.0654296875,197.5517578125
5889,59,1268.423828125,197.091796875
5890,59,1268.44140625,197.078125
5891,59,1269.6162109375,197.3642578125
5892,59,1266.908203125,196.8408203125
5893,59,1264.9697265625,196.595703125
5894,59,1267.4345703125,196.80859375
5895,59,1264.638671875,196.375
5896,59,1264.7001953125,196.341796875
5897,59,1265.1767578125,196.7255859375
5898,59,1263.251953125,196.326171875
5899,59,1263.34375,196.3515625
5900,59,1264.0537109375,196.6689453125
5901,59,1262.287109375,196.3056640625
5902,59,1261.7451171875,196.423828125
5903,59,1262.744140625,196.609375
5904,59,1250.3466796875,196.0810546875
5905,59,1246.3154296875,195.2451171875
5906,59,1246.9755859375,195.0263671875
5907,59,1249.515625,195.578125
5908,59,1248.9150390625,195.41015625
5909,59,1250.15625,195.5732421875
5910,59,1250.3837890625,195.580078125
5911,59,1250.373046875,195.556640625
5912,59,1250.029296875,195.373046875
5913,59,1248.640625,195.1630859375
5914,59,1248.52734375,195.259765625
5915,59,1249.8447265625,195.380859375
5916,59,1248.0869140625,195.1123046875
5917,59,1247.8310546875,194.962890625
5918,59,1248.8046875,195.16796875
