4754,35,1339.92578125,157.833984375
4755,38,1341.076171875,175.599609375
4756,39,1341.52734375,185.8994140625
4757,40,1341.884765625,188.8876953125
4758,41,1341.7880859375,190.380859375
4759,41,1342.1455078125,195.154296875
4760,41,1342.17578125,195.263671875
4761,41,1342.2353515625,195.3349609375
4762,41,1342.8115234375,195.4541015625
4763,41,1343.0380859375,195.4794921875
4764,41,1343.3154296875,195.6123046875
4765,41,1343.6689453125,195.6806640625
4766,41,1344.0673828125,195.755859375
4767,41,1344.162109375,195.806640625
4768,41,1344.162109375,195.8935546875
4769,41,1342.7314453125,195.55078125
4770,41,1342.4599609375,195.6484375
4771,41,1343.3291015625,195.7744140625
4772,41,1343.451171875,195.697265625
4773,41,1343.1708984375,195.7294921875
4774,41,1343.2705078125,195.689453125
4775,41,1342.7373046875,195.583984375
4776,41,1342.794921875,195.6103515625
4777,41,1342.974609375,195.59375
4778,41,1343.0439453125,195.572265625
4779,41,1343.013671875,195.62890625
4780,41,1343.0615234375,195.6181640625
4781,41,1343.150390625,195.5859375
4782,41,1342.853515625,195.5947265625
4783,41,1342.6103515625,195.529296875
4784,41,1342.4013671875,195.638671875
4785,41,1341.2548828125,195.4931640625
4786,41,1340.333984375,195.505859375
4787,41,1340.537109375,195.5166015625
4788,41,1340.318359375,195.4951171875
4789,41,1340.083984375,195.5244140625
4790,41,1339.7744140625,195.4111328125
4791,41,1339.6044921875,195.349609375
4792,41,1339.4697265625,195.3583984375
4793,41,1339.142578125,195.37109375
4794,41,1339.0986328125,195.3173828125
4795,41,1339.1875,195.2734375
4796,41,1339.1796875,195.3056640625
4797,41,1339.0478515625,195.27734375
4798,41,1339.150390625,195.318359375
4799,41,1338.705078125,195.2490234375
4800,41,1338.6494140625,195.2900390625
4801,41,1312.5537109375,194.8388671875
4802,41,1313.69140625,194.8095703125
4803,41,1314.021484375,194.7919921875
4804,41,1314.603515625,194.783203125
4805,41,1315.005859375,194.802734375
4806,41,1315.173828125,194.7666015625
4807,41,1315.228515625,194.75390625
4808,41,1315.2392578125,194.767578125
4809,41,1315.5224609375,194.8017578125
4810,41,1315.7490234375,194.833984375
4811,41,1316.244140625,194.8896484375
4812,41,1316.2646484375,194.95703125
4813,41,1316.7099609375,194.935546875
4814,41,1317.1787109375,195.1708984375
4815,41,1318.0693359375,195.2080078125
4816,41,1318.4248046875,195.36328125
4817,41,1319.169921875,195.19140625
4818,41,1320.328125,195.248046875
4819,41,1321.9931640625,195.330078125
4820,41,1323.208984375,195.4287109375
4821,41,1323.9814453125,195.4658203125
4822,41,1324.9951171875,195.490234375
4823,41,1325.4453125,195.552734375
4824,41,1325.7431640625,195.65234375
4825,41,1326.1982421875,195.73046875
4826,41,1326.6591796875,195.8125
4827,41,1327.0625,195.9697265625
4828,41,1327.8076171875,196.0556640625
4829,41,1328.341796875,196.177734375
4830,41,1328.923828125,196.177734375
4831,41,1332.3583984375,196.6669921875
4832,41,1334.1552734375,196.8818359375
4833,41,1333.279296875,196.599609375
4834,41,1337.1162109375,196.5263671875
4835,41,1338.912109375,196.892578125
4836,41,1340.8935546875,196.9326171875
4837,41,1342.4443359375,197.03515625
4838,41,1342.9111328125,197.0576171875
4839,41,1342.7236328125,197.08203125
4840,41,1343.15625,197.09375
4841,41,1343.5009765625,197.189453125
4842,41,1343.9443359375,197.201171875
4843,41,1344.271484375,197.2080078125
4844,41,1344.7529296875,197.2421875
4845,41,1344.8447265625,197.228515625
4846,41,1344.927734375,197.2958984375
4847,41,1345.51171875,197.3427734375
4848,41,1346.029296875,197.45703125
4849,41,1345.69140625,197.3505859375
4850,41,1346.6962890625,197.3583984375
4851,41,1347.779296875,197.5146484375
4852,41,1348.4892578125,197.4931640625
4853,41,1348.7548828125,197.5146484375
4854,41,1348.9619140625,197.634765625
4855,41,1349.7646484375,197.7294921875
4856,41,1350.3486328125,197.751953125
4857,41,1350.8134765625,197.9248046875
4858,41,1351.4501953125,197.974609375
4859,41,1352.0986328125,198.0830078125
4860,41,1352.388671875,198.11328125
4861,41,1352.9140625,198.26953125
4862,41,1353.4111328125,198.2978515625
4863,41,1354.076171875,198.4287109375
4864,41,1354.6572265625,198.4482421875
4865,41,1354.9189453125,198.0029296875
4866,41,1354.875,197.83984375
4867,41,1355.9228515625,197.90625
4868,41,1356.3369140625,198.0166015625
4869,41,1356.4150390625,197.947265625
4870,41,1357.0029296875,198.03515625
4871,41,1357.4794921875,198.1396484375
4872,41,1357.2802734375,198.0712890625
4873,41,1357.2607421875,197.978515625
4874,41,1357.751953125,198.123046875
4875,41,1357.2451171875,197.931640625
4876,41,1357.49609375,197.96484375
4877,41,1358.5029296875,198.158203125
4878,41,1358.98828125,198.220703125
4879,41,1359.3974609375,198.3359375
4880,41,1359.802734375,198.3974609375
4881,41,1358.2333984375,198.1484375
4882,41,1359.7119140625,198.2265625
4883,41,1360.67578125,198.3212890625
4884,41,1360.3740234375,198.2197265625
4885,41,1360.859375,198.212890625
4886,41,1361.4345703125,198.380859375
4887,41,1360.607421875,198.123046875
4888,41,1360.5986328125,198.1484375
4889,41,1361.1552734375,198.203125
4890,41,1360.8232421875,198.16015625
4891,41,1361.1455078125,198.15625
4892,41,1361.8232421875,198.2529296875
4893,41,1362.11328125,198.3427734375
4894,41,1362.20703125,198.39453125
4895,41,1361.6455078125,198.427734375
4896,41,1362.4052734375,198.4755859375
4897,41,1360.2646484375,198.177734375
4898,41,1359.275390625,198.0048828125
4899,41,1359.8515625,198.162109375
4900,41,1359.404296875,198.072265625
4901,41,1359.7138671875,198.0625
4902,41,1360.65234375,198.2138671875
4903,41,1361.3056640625,198.23828125
4904,41,1361.458984375,198.2421875
4905,41,1361.71875,198.251953125
4906,41,1362.171875,198.302734375
4907,41,1362.3505859375,198.3896484375
4908,41,1362.931640625,198.44140625
4909,41,1363.3125,198.5537109375
4910,41,1364.0341796875,198.5654296875
4911,41,1364.3232421875,198.6015625
4912,41,1364.4619140625,198.6474609375
4913,41,1362.6396484375,198.3291015625
4914,41,1363.5908203125,198.291015625
4915,41,1364.7919921875,198.5595703125
4916,41,1364.5400390625,198.3681640625
4917,41,1364.59765625,198.40234375
4918,41,1365.3310546875,198.4072265625
4919,41,1364.8251953125,198.271484375
4920,41,1364.935546875,198.244140625
4921,41,1365.2490234375,198.36328125
4922,41,1365.5205078125,198.4326171875
4923,41,1365.7021484375,198.4384765625
4924,41,1366.119140625,198.4599609375
4925,41,1365.7802734375,198.5595703125
4926,41,1366.65234375,198.51953125
4927,41,1366.76953125,198.63671875
4928,41,1367.181640625,198.607421875
4929,41,1365.4267578125,198.3525390625
4930,41,1365.5908203125,198.4384765625
4931,41,1366.2041015625,198.5947265625
4932,41,1365.8544921875,198.48828125
4933,41,1366.3583984375,198.3525390625
4934,41,1366.873046875,198.482421875
4935,41,1366.30859375,198.314453125
4936,41,1365.7822265625,198.1796875
4937,41,1366.1708984375,198.3740234375
4938,41,1365.3505859375,198.220703125
4939,41,1365.27734375,198.130859375
4940,41,1365.794921875,198.2158203125
4941,41,1364.6376953125,198.01953125
4942,41,1364.513671875,198.0634765625
4943,41,1364.9765625,198.2236328125
4944,41,1364.9072265625,198.2490234375
4945,41,1363.4755859375,197.9609375
4946,41,1363.52734375,197.9443359375
4947,41,1363.9990234375,198.1376953125
4948,41,1364.1552734375,198.125
4949,41,1364.015625,198.181640625
4950,41,1364.3359375,198.216796875
4951,41,1364.357421875,198.330078125
4952,41,1363.4921875,198.0634765625
4953,41,1362.990234375,198.1328125
4954,41,1363.2353515625,198.2421875
4955,41,1362.8408203125,198.19921875
4956,41,1362.0400390625,198.02734375
4957,41,1361.9453125,198.052734375
4958,41,1362.1943359375,198.1376953125
4959,41,1361.640625,197.986328125
4960,41,1361.9619140625,198.068359375
4961,41,1324.73046875,195.7353515625
4962,41,1325.2177734375,195.6044921875
4963,41,1325.640625,195.5908203125
4964,41,1325.5185546875,195.689453125
4965,41,1325.3271484375,195.5087890625
4966,41,1325.34375,195.5
4967,41,1325.4287109375,195.5654296875
4968,41,1324.9931640625,195.4091796875
4969,41,1324.83984375,195.330078125
4970,41,1325.478515625,195.4345703125
4971,41,1324.5,195.2568359375
4972,41,1324.6787109375,195.2958984375
4973,41,1325.2265625,195.341796875
4974,41,1325.6953125,195.4765625
4975,41,1325.8466796875,195.4306640625
4976,41,1326.3759765625,195.5751953125
4977,41,1325.986328125,195.443359375
4978,41,1327.1650390625,195.474609375
4979,41,1327.99609375,195.6796875
4980,41,1329.0439453125,195.671875
4981,41,1328.3056640625,195.5751953125
4982,41,1328.591796875,195.5546875
4983,41,1328.6728515625,195.5654296875
4984,41,1328.84765625,195.578125
4985,41,1328.2509765625,195.4423828125
4986,41,1327.890625,195.4384765625
4987,41,1328.1572265625,195.509765625
4988,41,1328.583984375,195.51953125
4989,41,1328.953125,195.5419921875
4990,41,1329.2685546875,195.6328125
4991,41,1331.6123046875,195.9267578125
4992,41,1333.658203125,196.1171875
4993,41,1335.255859375,196.0029296875
4994,41,1337.0556640625,196.0390625
4995,41,1338.833984375,196.0849609375
4996,41,1339.7890625,196.1171875
4997,41,1340.0458984375,196.1025390625
4998,41,1339.7314453125,195.98046875
4999,41,1339.6591796875,195.962890625
5000,41,1339.794921875,196.0234375
5001,41,1339.2607421875,195.8642578125
5002,41,1339.189453125,195.76953125
5003,41,1339.12890625,195.76953125
5004,41,1338.2666015625,195.595703125
5005,41,1337.9091796875,195.5
5006,41,1337.9736328125,195.5185546875
5007,41,1338.3056640625,195.552734375
5008,41,1338.623046875,195.591796875
5009,41,1338.4853515625,195.2470703125
5010,41,1339.1220703125,195.236328125
5011,41,1340.0654296875,195.310546875
5012,41,1340.5830078125,195.369140625
5013,41,1341.1015625,195.4501953125
5014,41,1341.65625,195.51953125
5015,41,1341.404296875,195.529296875
5016,41,1342.0615234375,195.65625
5017,41,1342.271484375,195.6796875
5018,41,1342.3759765625,195.7138671875
5019,41,1343.2763671875,195.775390625
5020,41,1343.8603515625,195.8349609375
5021,41,1344.0048828125,195.78125
5022,41,1344.0712890625,195.845703125
5023,41,1344.259765625,195.880859375
5024,41,1344.4541015625,196.0048828125
5025,41,1342.7216796875,195.42578125
5026,41,1342.94921875,195.349609375
5027,41,1344.3857421875,195.5126953125
5028,41,1345.841796875,195.5595703125
5029,41,1346.3330078125,195.47265625
5030,41,1346.84765625,195.4169921875
5031,41,1346.818359375,195.4091796875
5032,41,1346.8798828125,195.453125
5033,41,1346.9326171875,195.4677734375
5034,41,1346.7900390625,195.3212890625
5035,41,1346.77734375,195.306640625
5036,41,1346.791015625,195.3408203125
5037,41,1346.7265625,195.3720703125
5038,41,1346.681640625,195.423828125
5039,41,1346.83984375,195.466796875
5040,41,1347.0390625,195.419921875
5041,41,1348.060546875,195.2587890625
5042,41,1348.6748046875,195.275390625
5043,41,1348.9970703125,195.296875
5044,41,1349.419921875,195.279296875
5045,41,1349.2236328125,195.3359375
5046,41,1349.1044921875,195.24609375
5047,41,1349.2646484375,195.3095703125
5048,41,1349.29296875,195.283203125
5049,41,1349.3408203125,195.3564453125
5050,41,1349.34375,195.3603515625
5051,41,1349.357421875,195.3818359375
5052,41,1349.2666015625,195.400390625
5053,41,1349.25390625,195.4921875
5054,41,1349.25,195.51171875
5055,41,1349.2041015625,195.65234375
5056,41,1349.0986328125,195.703125
5057,41,1347.513671875,195.2734375
5058,41,1346.8759765625,195.3212890625
5059,41,1348.0380859375,195.3505859375
5060,41,1348.556640625,195.298828125
5061,41,1348.5390625,195.349609375
5062,41,1348.6328125,195.271484375
5063,41,1348.912109375,195.30859375
5064,41,1348.947265625,195.3203125
5065,41,1349.126953125,195.470703125
5066,41,1349.5810546875,195.4345703125
5067,41,1349.3427734375,195.4248046875
5068,41,1349.4453125,195.427734375
5069,41,1349.4921875,195.4521484375
5070,41,1349.6767578125,195.515625
5071,41,1350.080078125,195.634765625
5072,41,1350.8447265625,195.7373046875
5073,41,1349.3798828125,195.4892578125
5074,41,1349.265625,195.390625
5075,41,1349.794921875,195.4736328125
5076,41,1350.2783203125,195.484375
5077,41,1351.0400390625,195.54296875
5078,41,1351.30078125,195.509765625
5079,41,1351.2490234375,195.421875
5080,41,1350.875,195.48828125
5081,41,1350.8779296875,195.4501953125
5082,41,1350.8212890625,195.40625
5083,41,1350.7294921875,195.3896484375
5084,41,1350.8125,195.404296875
5085,41,1350.7001953125,195.4296875
5086,41,1350.6806640625,195.4521484375
5087,41,1350.9169921875,195.501953125
5088,41,1351.287109375,195.5390625
5089,41,1348.4755859375,195.103515625
5090,41,1347.638671875,194.9169921875
5091,41,1348.4921875,195.0390625
5092,41,1349.11328125,194.9814453125
5093,41,1349.279296875,194.92578125
5094,41,1349.0498046875,194.8740234375
5095,41,1348.7529296875,194.8447265625
5096,41,1348.560546875,194.8154296875
5097,41,1347.375,194.658203125
5098,41,1347.0224609375,194.693359375
5099,41,1346.8876953125,194.630859375
5100,41,1346.9052734375,194.6767578125
5101,41,1347.0595703125,194.7119140625
5102,41,1347.03125,194.7529296875
5103,41,1346.9765625,194.744140625
5104,41,1345.6650390625,194.69140625
5105,41,1342.0732421875,194.0791015625
5106,41,1342.166015625,193.9794921875
5107,41,1342.01171875,193.8974609375
5108,41,1341.8994140625,193.87109375
5109,41,1341.5751953125,193.86328125
5110,41,1341.1572265625,193.7705078125
5111,41,1340.55859375,193.6455078125
5112,41,1340.0517578125,193.6064453125
5113,41,1339.6279296875,193.5634765625
5114,41,1339.1884765625,193.5087890625
5115,41,1338.9130859375,193.44140625
5116,41,1338.798828125,193.5068359375
5117,41,1338.888671875,193.4853515625
5118,41,1338.7412109375,193.453125
5119,41,1338.3408203125,193.4052734375
5120,41,1338.453125,193.3876953125
5121,42,1294.01953125,191.181640625
5122,42,1294.3603515625,193.625
5123,42,1294.5458984375,193.576171875
5124,42,1294.7333984375,193.5849609375
5125,42,1294.552734375,193.5146484375
5126,42,1294.44921875,193.4794921875
5127,42,1294.091796875,193.396484375
5128,42,1294.0400390625,193.3369140625
5129,42,1294.0302734375,193.3330078125
5130,42,1294.3671875,193.41796875
5131,42,1294.599609375,193.4619140625
5132,42,1294.7744140625,193.494140625
5133,42,1294.931640625,193.478515625
5134,42,1294.7265625,193.5595703125
5135,42,1294.8896484375,193.48828125
5136,42,1295.4580078125,193.6826171875
5137,42,1300.63671875,193.4453125
5138,42,1302.384765625,193.5625
5139,42,1303.0908203125,193.4853515625
5140,42,1303.5478515625,193.466796875
5141,42,1303.8720703125,193.4150390625
5142,42,1303.78125,193.390625
5143,42,1303.8037109375,193.3310546875
5144,42,1303.7470703125,193.244140625
5145,42,1303.81640625,193.248046875
5146,42,1303.7900390625,193.3427734375
5147,42,1303.919921875,193.3525390625
5148,42,1304.009765625,193.3603515625
5149,42,1304.59375,193.498046875
5150,42,1304.677734375,193.537109375
5151,42,1306.533203125,193.8828125
5152,42,1307.88671875,194.01171875
5153,42,1311.623046875,194.017578125
5154,42,1312.435546875,194.07421875
5155,42,1313.3798828125,194.0615234375
5156,42,1313.521484375,194.009765625
5157,42,1313.7236328125,193.9912109375
5158,42,1313.6572265625,194.056640625
5159,42,1313.916015625,194.0
5160,42,1314.0048828125,194.1083984375
5161,42,1314.49609375,194.1201171875
5162,42,1314.4169921875,194.171875
5163,42,1314.4169921875,194.0625
5164,42,1314.3779296875,194.1962890625
5165,42,1315.7060546875,194.40234375
5166,42,1316.1533203125,194.48828125
5167,42,1317.1796875,194.5810546875
5168,42,1317.478515625,194.6669921875
5169,42,1320.041015625,194.3798828125
5170,42,1321.001953125,194.38671875
5171,42,1321.396484375,194.2685546875
5172,42,1321.5078125,194.2421875
5173,42,1321.4599609375,194.1875
5174,42,1321.3857421875,194.2119140625
5175,42,1321.2998046875,194.1953125
5176,42,1321.2392578125,194.107421875
5177,42,1321.00390625,194.1044921875
5178,42,1320.6875,194.109375
5179,42,1320.703125,194.060546875
5180,42,1320.7353515625,194.0595703125
5181,42,1320.8173828125,194.10546875
5182,42,1321.087890625,194.181640625
5183,42,1321.693359375,194.2392578125
5184,42,1322.1357421875,194.248046875
5185,42,1322.447265625,194.095703125
5186,42,1323.0166015625,194.1376953125
5187,42,1323.4423828125,194.189453125
5188,42,1323.7841796875,194.1416015625
5189,42,1323.6875,194.1171875
5190,42,1323.7880859375,194.0966796875
5191,42,1323.666015625,194.0478515625
5192,42,1323.4677734375,194.0234375
5193,42,1323.7138671875,194.1474609375
5194,42,1324.0537109375,194.1337890625
5195,42,1324.2548828125,194.158203125
5196,42,1325.451171875,194.45703125
5197,42,1325.716796875,194.49609375
5198,42,1326.138671875,194.6376953125
5199,42,1326.39453125,194.978515625
5200,42,1326.9794921875,195.0078125
5201,42,1324.8916015625,194.6416015625
5202,42,1325.650390625,194.4912109375
5203,42,1326.96484375,194.904296875
5204,42,1327.12109375,194.6552734375
5205,42,1328.044921875,194.748046875
5206,42,1328.3974609375,194.8994140625
5207,42,1328.2734375,194.7421875
5208,42,1328.3671875,194.8701171875
5209,42,1328.6181640625,195.00390625
5210,42,1329.166015625,194.91796875
5211,42,1329.9306640625,195.0771484375
5212,42,1330.8505859375,195.0673828125
5213,42,1331.2734375,195.4072265625
5214,42,1331.86328125,195.3662109375
5215,42,1332.5830078125,195.609375
5216,42,1333.1787109375,195.5517578125
5217,42,1334.255859375,195.5263671875
5218,42,1335.244140625,195.515625
5219,42,1335.40234375,195.560546875
5220,42,1335.740234375,195.525390625
5221,42,1335.1220703125,195.5
5222,42,1335.228515625,195.3876953125
5223,42,1335.5869140625,195.38671875
5224,42,1336.2607421875,195.47265625
5225,42,1336.4638671875,195.4794921875
5226,42,1336.9501953125,195.68359375
5227,42,1337.0322265625,195.7529296875
5228,42,1337.7470703125,195.8837890625
5229,42,1338.078125,196.0927734375
5230,42,1338.7734375,196.2275390625
5231,42,1339.3740234375,196.4072265625
5232,42,1340.322265625,196.517578125
5233,42,1337.2421875,196.072265625
5234,42,1337.236328125,195.9326171875
5235,42,1339.419921875,196.419921875
5236,42,1338.63671875,196.1962890625
5237,42,1339.0126953125,196.1806640625
5238,42,1339.33984375,196.2998046875
5239,42,1338.6435546875,196.2080078125
5240,42,1338.9833984375,196.201171875
5241,42,1339.8798828125,196.587890625
5242,42,1341.2783203125,196.7314453125
5243,42,1341.8828125,196.8544921875
5244,42,1342.5869140625,196.8505859375
5245,42,1343.2333984375,197.1640625
5246,42,1344.109375,197.2939453125
5247,42,1344.4521484375,197.2861328125
5248,42,1344.8486328125,197.4560546875
5249,42,1343.1708984375,197.0751953125
5250,42,1343.28125,196.916015625
5251,42,1344.8125,197.1943359375
5252,42,1344.0478515625,196.98046875
5253,42,1343.6953125,196.8798828125
5254,42,1344.623046875,197.1044921875
5255,42,1344.7841796875,197.0615234375
5256,42,1344.775390625,196.935546875
5257,42,1344.7001953125,196.9521484375
5258,42,1345.349609375,196.953125
5259,42,1345.4091796875,197.0732421875
5260,42,1345.505859375,197.1259765625
5261,42,1345.9267578125,197.33984375
5262,42,1346.392578125,197.2607421875
5263,42,1346.6787109375,197.259765625
5264,42,1346.6181640625,197.455078125
5265,42,1344.0078125,197.0224609375
5266,42,1343.3212890625,196.8447265625
5267,42,1343.8759765625,197.111328125
5268,42,1343.28125,196.8955078125
5269,42,1343.365234375,196.880859375
5270,42,1344.0234375,197.001953125
5271,42,1343.71484375,197.0283203125
5272,42,1343.255859375,197.0126953125
5273,42,1342.986328125,197.056640625
5274,42,1342.94140625,197.037109375
5275,42,1343.1162109375,197.1123046875
5276,42,1342.6884765625,197.048828125
5277,42,1342.609375,197.0361328125
5278,42,1341.71875,196.9775390625
5279,42,1341.169921875,196.837890625
5280,42,1340.78125,196.8701171875
5281,42,1301.5244140625,195.3232421875
5282,42,1301.8271484375,195.158203125
5283,42,1301.8076171875,195.052734375
5284,42,1301.6513671875,195.15234375
5285,42,1301.0517578125,194.8837890625
423,47,764.7158203125,76.734375
424,52,765.8349609375,81.095703125
425,57,773.5654296875,86.4912109375
426,62,775.8994140625,93.669921875
427,67,792.65234375,102.5830078125
428,72,796.958984375,111.66796875
429,77,786.9345703125,121.3671875
430,82,802.587890625,142.056640625
431,86,799.25,164.064453125
432,86,788.3056640625,192.306640625
433,87,783.8525390625,191.8896484375
434,87,778.4833984375,197.5126953125
435,87,768.2880859375,196.0791015625
436,87,760.8759765625,195.28125
437,92,298.1201171875,78.2451171875
438,97,339.888671875,112.05078125
439,94,353.9482421875,215.5302734375
440,99,351.2109375,145.140625
441,94,359.7548828125,321.943359375
442,99,357.740234375,146.34765625
443,94,372.0107421875,332.3427734375
444,99,373.955078125,151.255859375
445,94,366.826171875,326.9091796875
446,99,372.046875,150.6904296875
447,94,369.830078125,328.4619140625
448,99,371.3193359375,149.7373046875
449,94,378.0078125,334.806640625
450,99,369.6533203125,149.7255859375
451,94,382.095703125,338.046875
452,99,381.9423828125,151.9599609375
453,94,378.00390625,335.5830078125
454,99,377.6435546875,152.78125
455,94,346.96484375,309.7353515625
456,99,361.765625,147.7978515625
457,94,367.6904296875,328.1376953125
458,99,357.228515625,147.1865234375
459,94,360.90625,320.986328125
460,99,357.724609375,147.2890625
461,94,367.69921875,326.48828125
462,99,379.2138671875,153.4912109375
463,94,367.296875,326.9365234375
464,99,381.4443359375,155.162109375
465,94,388.4072265625,344.8232421875
466,98,398.4951171875,161.8095703125
467,93,396.3818359375,270.1630859375
468,98,401.9833984375,143.349609375
469,93,405.189453125,274.87109375
470,98,401.9169921875,143.4169921875
471,93,407.3115234375,276.783203125
472,98,396.2421875,142.0107421875
473,93,406.6533203125,276.9384765625
474,98,418.2861328125,147.888671875
475,93,415.728515625,282.4638671875
476,98,409.2939453125,144.6611328125
477,93,405.974609375,275.8486328125
478,98,410.4599609375,144.353515625
479,93,411.845703125,278.390625
480,98,396.583984375,140.451171875
481,93,367.1826171875,254.5205078125
482,98,395.716796875,142.8125
483,93,390.693359375,267.931640625
484,98,409.1806640625,146.5390625
485,93,972.4208984375,647.1396484375
486,98,448.8525390625,151.556640625
487,93,338.6171875,243.4091796875
488,98,347.537109375,118.69140625
489,95,302.623046875,218.1943359375
490,99,345.5546875,164.2841796875
491,94,340.03125,315.4150390625
492,99,320.404296875,130.578125
493,94,322.298828125,300.2705078125
494,99,318.4287109375,131.4453125
495,94,303.0732421875,282.517578125
496,99,310.7294921875,131.10546875
497,94,297.6845703125,279.248046875
498,99,327.3193359375,137.12890625
499,94,327.6806640625,308.3359375
500,99,325.1044921875,135.6181640625
501,94,301.5068359375,283.4765625
502,99,301.0625,125.642578125
503,94,295.2255859375,277.7607421875
504,99,313.580078125,133.001953125
505,94,332.0576171875,313.3134765625
506,99,325.154296875,138.150390625
507,94,300.607421875,283.75
508,99,272.0888671875,117.193359375
509,94,279.408203125,263.759765625
510,99,306.5185546875,130.84765625
511,94,283.5634765625,267.9208984375
512,99,292.04296875,125.2900390625
513,94,288.0361328125,272.462890625
514,99,301.8994140625,128.67578125
515,94,258.7744140625,243.8740234375
516,99,295.3662109375,126.705078125
517,94,264.1083984375,249.49609375
518,99,309.2265625,131.4697265625
519,94,294.66015625,278.76953125
520,99,313.564453125,132.5029296875
521,94,311.912109375,294.7216796875
522,99,325.8916015625,136.7607421875
523,94,320.615234375,302.31640625
524,99,321.3857421875,133.94921875
525,94,321.5498046875,302.626953125
526,99,330.9873046875,137.4814453125
527,94,321.8271484375,303.0517578125
528,99,329.11328125,136.796875
529,94,339.35546875,320.2568359375
530,99,353.638671875,146.1025390625
531,94,294.1298828125,276.755859375
532,99,323.298828125,134.27734375
533,94,308.8662109375,290.4697265625
534,99,313.8095703125,130.6005859375
535,94,303.0517578125,284.7421875
536,99,316.783203125,131.34375
537,94,318.3251953125,300.0390625
538,99,328.796875,136.2880859375
539,94,337.1220703125,318.2587890625
540,99,357.26953125,151.3984375
541,94,365.5986328125,343.595703125
542,98,368.1435546875,163.744140625
543,93,429.748046875,322.29296875
544,95,460.8818359375,184.4267578125
545,90,479.3173828125,246.90234375
546,95,506.3681640625,160.2568359375
547,90,521.423828125,264.0244140625
548,94,542.0478515625,166.20703125
549,89,556.3173828125,236.8857421875
550,93,596.193359375,163.7470703125
551,91,561.3671875,210.513671875
552,91,619.099609375,194.896484375
553,93,586.1494140625,182.8505859375
554,90,590.4541015625,220.173828125
555,93,580.0166015625,169.599609375
556,90,581.7744140625,217.578125
557,93,614.966796875,174.158203125
558,89,627.564453125,225.787109375
559,92,647.080078125,170.55859375
560,91,643.412109375,206.06640625
561,91,650.8759765625,194.5732421875
562,89,695.2998046875,210.19140625
563,92,667.451171875,175.9072265625
564,88,707.3447265625,230.4814453125
565,92,655.56640625,166.75390625
566,89,672.939453125,221.0478515625
567,92,648.15625,171.181640625
568,89,666.9140625,216.115234375
569,92,629.2705078125,170.154296875
570,91,616.43359375,203.435546875
571,93,582.5732421875,184.208984375
572,91,568.14453125,213.7255859375
573,93,549.5693359375,176.912109375
574,90,574.314453125,215.9267578125
575,93,542.345703125,169.4560546875
576,92,536.2177734375,206.8466796875
577,94,535.015625,183.7041015625
578,90,529.1337890625,226.587890625
579,94,532.39453125,163.4375
580,90,540.7529296875,230.4384765625
581,94,536.4423828125,164.091796875
582,90,526.087890625,225.6015625
583,94,533.2958984375,164.0107421875
584,90,533.8662109375,228.4404296875
585,94,523.1279296875,162.0693359375
586,90,539.421875,229.546875
587,94,541.669921875,164.748046875
588,89,560.953125,236.0908203125
589,93,585.3369140625,163.2021484375
590,90,586.720703125,218.369140625
591,93,584.201171875,175.9130859375
592,90,588.81640625,219.5576171875
593,93,602.2998046875,176.4404296875
594,90,599.78125,222.7783203125
595,92,609.9384765625,181.1064453125
596,92,591.82421875,198.53515625
597,92,599.7080078125,199.20703125
598,92,561.6455078125,194.244140625
599,93,558.11328125,191.33984375
600,91,568.1142578125,215.44921875
601,86,975.9072265625,324.697265625
602,87,774.6806640625,188.140625
603,84,972.7314453125,222.1875
604,89,658.6484375,145.22265625
605,92,616.1689453125,174.173828125
606,92,543.32421875,192.578125
607,93,539.9013671875,191.5419921875
608,91,537.248046875,211.2685546875
609,94,518.8857421875,175.1982421875
610,91,504.5673828125,221.1552734375
611,92,553.529296875,184.8134765625
612,94,512.4833984375,182.2841796875
613,89,572.8154296875,242.677734375
614,93,574.0537109375,163.8427734375
615,91,574.517578125,215.462890625
616,93,569.486328125,181.57421875
617,91,570.56640625,214.2783203125
618,93,550.4130859375,181.3984375
619,91,562.587890625,212.8076171875
620,92,574.6162109375,186.4560546875
621,94,517.8974609375,181.453125
622,89,580.15234375,242.6689453125
623,94,578.716796875,157.9365234375
624,89,573.841796875,244.0283203125
625,94,567.162109375,157.4052734375
626,89,563.603515625,237.4345703125
627,94,567.96484375,158.861328125
628,89,568.7109375,239.9443359375
629,94,574.939453125,157.0625
630,89,570.6005859375,236.8076171875
631,93,590.75390625,161.458984375
632,89,601.5556640625,223.400390625
633,94,578.6513671875,158.390625
634,89,575.7216796875,241.8173828125
635,94,577.5361328125,158.6142578125
636,89,568.392578125,240.8095703125
637,94,570.263671875,158.380859375
638,89,566.1640625,236.9052734375
639,94,568.578125,156.7900390625
640,89,580.5244140625,242.998046875
641,94,567.119140625,158.3798828125
642,90,534.4140625,228.7353515625
643,93,562.33984375,170.9169921875
644,98,320.0517578125,130.40625
645,93,379.9521484375,264.7734375
646,98,400.4345703125,151.345703125
647,93,400.3955078125,277.77734375
648,98,398.7099609375,150.3251953125
649,93,398.8740234375,275.517578125
650,98,412.5673828125,151.2568359375
651,93,401.3505859375,275.951171875
652,98,410.5498046875,151.041015625
653,93,398.9619140625,273.6923828125
654,98,415.640625,151.53515625
655,93,408.5380859375,278.91796875
656,98,419.251953125,152.115234375
657,93,417.015625,284.9765625
658,98,416.966796875,152.0146484375
659,93,418.8583984375,286.513671875
660,98,413.919921875,152.3720703125
661,93,423.560546875,289.9755859375
662,98,440.458984375,159.3095703125
663,93,412.02734375,283.9033203125
664,98,424.765625,154.900390625
665,93,431.77734375,295.0576171875
666,98,416.595703125,151.8125
667,93,414.3779296875,283.3408203125
668,98,408.9677734375,149.6845703125
669,93,398.587890625,273.7978515625
670,98,405.2646484375,149.6748046875
671,93,405.2529296875,278.2841796875
672,98,405.0087890625,149.6005859375
673,93,406.3359375,279.1708984375
674,98,404.51171875,148.9462890625
675,93,406.357421875,279.7802734375
676,98,404.6376953125,149.4833984375
677,93,409.76171875,281.650390625
678,98,400.4345703125,147.4111328125
679,93,403.11328125,277.7216796875
680,98,401.4013671875,148.3095703125
681,93,397.3583984375,274.4970703125
682,98,394.5302734375,146.7451171875
683,93,394.33984375,272.623046875
684,98,394.015625,146.26953125
685,93,391.8193359375,270.8408203125
686,98,394.9072265625,146.654296875
687,93,395.580078125,273.8291015625
688,98,397.3125,147.8193359375
689,93,381.0185546875,263.421875
690,98,385.1826171875,144.0615234375
691,93,382.2373046875,264.099609375
692,98,376.787109375,141.9599609375
693,93,380.0234375,262.3916015625
694,98,381.1611328125,142.7548828125
695,93,383.205078125,265.3896484375
696,98,380.05859375,143.2529296875
697,93,400.6708984375,277.046875
698,98,403.16796875,149.7666015625
699,93,401.42578125,277.2548828125
700,98,400.2802734375,148.13671875
701,93,696.5751953125,459.0966796875
702,88,714.0498046875,254.4306640625
703,89,715.806640625,186.4970703125
704,89,715.8427734375,194.548828125
705,90,705.388671875,190.8642578125
706,89,712.6376953125,206.93359375
707,90,705.3486328125,192.1396484375
708,89,701.8154296875,203.9921875
709,90,696.5087890625,187.904296875
710,89,695.02734375,202.537109375
711,90,677.76953125,186.2392578125
712,90,683.4150390625,199.603515625
713,90,681.1884765625,199.0322265625
714,89,682.8994140625,200.330078125
715,91,667.375,184.23046875
716,89,682.7978515625,210.7685546875
717,90,678.982421875,185.4423828125
718,89,680.572265625,201.0107421875
719,90,669.2333984375,185.62890625
720,89,699.658203125,205.38671875
721,85,886.7451171875,227.337890625
722,87,865.6015625,177.7802734375
723,88,814.0078125,186.380859375
724,88,763.453125,195.171875
725,88,766.4033203125,197.849609375
726,88,773.6865234375,197.802734375
727,88,762.1259765625,195.2021484375
728,87,768.6025390625,200.0888671875
729,88,773.341796875,189.6982421875
730,87,780.3466796875,201.8828125
731,88,764.671875,185.8515625
732,88,766.0205078125,199.6767578125
733,87,761.8720703125,200.1982421875
734,89,749.990234375,183.51171875
735,88,749.7939453125,203.9833984375
736,88,742.685546875,197.9755859375
737,88,747.7333984375,197.181640625
738,88,742.56640625,195.203125
739,88,749.912109375,198.2646484375
740,88,739.1494140625,197.9541015625
741,88,736.8662109375,194.6416015625
742,88,737.642578125,197.9921875
743,88,741.783203125,196.359375
744,88,738.5625,196.2431640625
745,88,750.208984375,199.7431640625
746,88,736.5546875,198.20703125
747,88,749.9599609375,199.1318359375
748,88,754.75,198.0185546875
749,87,769.66015625,203.046875
750,88,758.193359375,191.44921875
751,87,770.046875,203.6123046875
752,87,778.421875,192.40625
753,87,788.138671875,195.4931640625
754,87,778.08203125,196.4296875
755,87,782.0107421875,195.919921875
756,87,784.126953125,196.3212890625
757,87,783.59375,197.1162109375
758,87,774.7197265625,196.8115234375
759,87,782.9326171875,196.6796875
760,87,783.7939453125,196.8935546875
761,87,792.1806640625,198.9365234375
762,87,783.8369140625,199.2138671875
763,87,793.9755859375,199.994140625
764,86,805.7607421875,202.328125
765,86,816.31640625,198.751953125
766,86,808.76171875,198.9443359375
767,86,814.0498046875,199.4404296875
768,85,821.330078125,201.0703125
769,85,823.9248046875,194.0908203125
770,85,824.8251953125,195.1494140625
771,85,831.2939453125,197.076171875
772,85,827.3994140625,197.251953125
773,90,187.3525390625,44.580078125
774,95,165.6083984375,53.8955078125
775,100,171.4814453125,86.9052734375
776,98,206.8095703125,211.5771484375
777,100,204.6123046875,142.0244140625
778,99,197.90234375,202.9404296875
779,100,203.6435546875,181.0556640625
780,95,228.9775390625,233.87109375
781,100,237.3388671875,116.8896484375
782,99,196.7236328125,201.486328125
783,97,234.43359375,209.451171875
784,100,241.0205078125,151.2216796875
785,95,251.1064453125,255.658203125
786,100,239.375,119.16796875
787,95,260.353515625,264.890625
788,100,263.5712890625,130.2392578125
789,95,264.03515625,269.234375
790,100,266.5478515625,131.8662109375
