8106,34,1355.2412109375,165.673828125
8107,36,1360.654296875,180.9208984375
8108,37,1353.93359375,188.021484375
8109,38,1347.7158203125,189.2109375
8110,38,1356.2578125,195.462890625
8111,38,1350.654296875,194.7685546875
8112,38,1348.3837890625,194.2763671875
8113,38,1355.107421875,195.1953125
8114,38,1348.09765625,194.26171875
8115,38,1348.1689453125,193.9833984375
8116,38,1354.43359375,195.1259765625
8117,38,1346.4013671875,194.462890625
8118,38,1348.455078125,193.931640625
8119,38,1352.37109375,195.1572265625
8120,38,1343.0791015625,193.390625
8121,38,1345.982421875,193.671875
8122,38,1352.0361328125,194.9130859375
8123,38,1342.412109375,192.8720703125
8124,38,1349.6513671875,194.4189453125
8125,38,1352.5791015625,195.14453125
8126,38,1344.7431640625,193.5859375
8127,38,1343.873046875,193.142578125
8128,38,1347.5048828125,194.3525390625
8129,38,1344.5458984375,193.263671875
8130,38,1341.134765625,193.1552734375
8131,38,1344.99609375,194.5234375
8132,38,1339.748046875,193.0537109375
8133,39,1335.87109375,192.1337890625
8134,39,1341.6552734375,196.916015625
8135,39,1336.9775390625,195.748046875
8136,39,1331.9384765625,194.8974609375
8137,39,1342.4140625,197.65234375
8138,39,1337.7265625,196.205078125
8139,39,1339.4560546875,196.7275390625
8140,39,1344.0498046875,198.0361328125
8141,39,1335.810546875,195.87890625
8142,39,1335.0888671875,195.9423828125
8143,39,1337.1796875,197.2421875
8144,39,1331.869140625,195.7509765625
8145,39,1329.9375,195.1181640625
8146,39,1329.234375,196.072265625
8147,39,1322.548828125,194.1826171875
8148,39,1318.716796875,193.375
8149,39,1319.8818359375,194.568359375
8150,39,1313.2900390625,192.59765625
8151,39,1312.3447265625,192.6259765625
8152,39,1313.4365234375,193.830078125
8153,40,1305.658203125,191.236328125
8154,40,1300.3505859375,192.365234375
8155,40,1302.0537109375,193.5546875
8156,41,1295.849609375,191.771484375
8157,41,1292.8359375,195.56640625
8158,41,1291.96484375,196.9443359375
8159,41,1283.953125,194.7373046875
8160,41,1284.5380859375,195.318359375
8161,40,1255.240234375,200.9931640625
8162,40,1266.25390625,193.4443359375
8163,40,1271.8291015625,193.3125
8164,40,1275.248046875,195.3427734375
8165,40,1278.5673828125,193.486328125
8166,41,1279.05078125,192.22265625
8167,41,1279.5283203125,198.798828125
8168,41,1283.8125,197.35546875
8169,41,1283.8232421875,196.556640625
8170,41,1292.0361328125,199.3779296875
8171,41,1290.982421875,197.8017578125
8172,41,1287.44921875,197.6865234375
8173,40,1297.6318359375,200.0283203125
8174,40,1294.912109375,193.5146484375
8175,40,1293.7490234375,193.625
8176,40,1297.7138671875,195.12890625
8177,40,1292.83203125,193.1689453125
8178,40,1294.265625,193.9326171875
8179,40,1298.30078125,195.0595703125
8180,40,1293.1513671875,192.8544921875
8181,40,1295.046875,193.7158203125
8182,40,1297.8193359375,195.2705078125
8183,40,1290.5634765625,192.935546875
8184,40,1290.322265625,193.0224609375
8185,40,1294.1630859375,194.701171875
8186,40,1287.0986328125,192.5927734375
8187,40,1285.7119140625,192.3974609375
8188,40,1285.5654296875,193.1357421875
8189,41,1279.5625,191.1591796875
8190,41,1274.4111328125,194.748046875
8191,41,1276.0625,196.7353515625
8192,41,1278.490234375,195.5849609375
8193,41,1285.8798828125,196.80078125
8194,41,1293.20703125,199.41015625
8195,41,1286.4921875,197.41015625
8196,41,1281.474609375,196.87890625
8197,41,1283.896484375,197.96484375
8198,41,1271.0185546875,194.9794921875
8199,41,1264.328125,193.9638671875
8200,41,1265.529296875,194.8857421875
8201,41,1256.671875,192.73046875
8202,41,1254.1748046875,193.3994140625
8203,41,1250.548828125,194.5322265625
8204,41,1245.1123046875,192.3193359375
8205,42,1237.6884765625,191.111328125
8206,42,1246.7294921875,197.29296875
8207,42,1256.2919921875,195.8896484375
8208,42,1263.7626953125,195.3798828125
8209,42,1274.91015625,196.7275390625
8210,42,1285.5234375,199.57421875
8211,42,1285.2919921875,198.0478515625
8212,42,1293.212890625,198.7626953125
8213,42,1297.8720703125,199.9912109375
8214,42,1292.2421875,197.6484375
8215,42,1295.099609375,197.9521484375
8216,42,1295.890625,199.7275390625
8217,42,1290.3154296875,198.2080078125
8218,42,1290.470703125,199.2314453125
8219,41,1289.9521484375,201.912109375
8220,41,1290.83984375,198.1904296875
8221,41,1295.59765625,198.318359375
8222,41,1295.755859375,199.1640625
8223,41,1297.001953125,198.0185546875
8224,41,1299.314453125,198.6142578125
8225,40,1303.93359375,200.1865234375
8226,40,1304.1005859375,193.95703125
8227,40,1306.3701171875,194.576171875
8228,40,1311.49609375,195.97265625
8229,40,1311.26953125,195.2109375
8230,40,1316.0244140625,196.078125
8231,40,1318.8515625,197.1787109375
8232,40,1314.982421875,195.578125
8233,40,1322.3037109375,196.7119140625
8234,40,1328.1220703125,198.0654296875
8235,40,1323.1708984375,196.716796875
8236,40,1324.2802734375,196.6435546875
8237,40,1330.0439453125,198.12109375
8238,40,1327.2294921875,197.220703125
8239,40,1329.1015625,197.28125
8240,40,1333.4111328125,198.6474609375
8241,40,1326.123046875,196.6494140625
8242,40,1327.6708984375,196.80078125
8243,40,1333.0947265625,198.7021484375
8244,40,1330.1982421875,197.62109375
8245,40,1329.9580078125,197.7822265625
8246,40,1332.5595703125,198.90625
8247,40,1330.8427734375,197.7734375
8248,40,1330.2373046875,197.849609375
8249,40,1329.986328125,198.8935546875
8250,40,1330.57421875,198.572265625
8251,40,1324.271484375,196.83984375
8252,40,1326.26953125,197.0087890625
8253,40,1329.623046875,198.638671875
8254,40,1320.9013671875,195.5849609375
8255,40,1321.94921875,196.0927734375
8256,40,1325.7021484375,197.98828125
8257,40,1322.62109375,196.326171875
8258,40,1329.04296875,197.3193359375
8259,40,1331.8994140625,198.763671875
8260,40,1318.9541015625,195.2109375
8261,40,1333.4580078125,197.6181640625
8262,40,1336.1259765625,198.6171875
8263,40,1333.2646484375,197.1220703125
8264,40,1333.1318359375,197.0546875
8265,40,1335.6083984375,198.2919921875
8266,40,1333.037109375,197.0947265625
8267,40,1331.970703125,197.0478515625
8268,40,1331.0029296875,197.58203125
8269,40,1326.5693359375,196.19140625
8270,40,1325.5927734375,196.166015625
8271,40,1326.9755859375,197.197265625
8272,40,1317.857421875,194.640625
8273,40,1319.5439453125,195.0615234375
8274,40,1320.7861328125,195.9052734375
8275,40,1312.2568359375,193.7431640625
8276,40,1313.28125,194.4287109375
8277,40,1316.6259765625,195.3046875
8278,40,1311.107421875,193.85546875
8279,40,1306.5615234375,193.3486328125
8280,40,1306.8515625,194.26171875
8281,40,1303.5,193.4326171875
8282,41,1296.8154296875,191.4345703125
8283,41,1304.0888671875,198.1064453125
8284,41,1307.7451171875,199.4345703125
8285,41,1296.5126953125,197.3515625
8286,41,1285.537109375,196.8759765625
8287,41,1282.509765625,197.3837890625
8288,41,1286.958984375,196.8623046875
8289,41,1288.81640625,196.3125
8290,41,1299.5205078125,198.5234375
8291,41,1300.580078125,197.9248046875
8292,41,1309.966796875,198.3076171875
8293,41,1319.72265625,199.41015625
8294,40,1331.4921875,201.974609375
8295,40,1333.931640625,196.7109375
8296,40,1337.2578125,196.9970703125
8297,40,1338.8203125,197.4462890625
8298,40,1336.6083984375,196.4111328125
8299,40,1336.7548828125,196.09765625
8300,40,1338.7880859375,196.7978515625
8301,40,1333.23828125,195.3876953125
8302,40,1333.2119140625,195.326171875
8303,40,1335.32421875,196.2978515625
8304,40,1331.4501953125,195.12109375
8305,40,1332.529296875,195.240234375
8306,40,1333.8857421875,195.94140625
8307,40,1327.27734375,194.0673828125
8308,40,1324.361328125,193.9833984375
8309,40,1324.4169921875,194.4609375
8310,40,1315.7734375,192.537109375
8311,41,1314.1796875,192.2451171875
8312,41,1315.51171875,198.1982421875
8313,41,1314.296875,197.576171875
8314,41,1313.2177734375,197.48046875
8315,41,1315.71875,198.3798828125
8316,41,1314.650390625,198.1416015625
8317,41,1313.744140625,197.7744140625
8318,41,1315.5517578125,198.7275390625
8319,41,1312.2275390625,197.6103515625
8320,41,1311.025390625,197.7236328125
8321,39,1308.6904296875,207.76953125
8322,39,1310.62890625,197.625
8323,39,1308.8232421875,197.3955078125
8324,39,1319.0634765625,199.26171875
8325,39,1316.919921875,195.6552734375
8326,39,1308.884765625,196.2744140625
8327,39,1316.2080078125,198.6044921875
8328,39,1303.150390625,194.6640625
8329,39,1306.2744140625,194.9658203125
8330,39,1305.326171875,194.8359375
8331,40,1292.0576171875,192.169921875
8332,40,1297.98046875,194.216796875
8333,40,1299.7998046875,195.7275390625
8334,41,1288.677734375,192.1328125
8335,41,1292.1318359375,197.7578125
8336,40,1295.3251953125,200.146484375
8337,40,1288.998046875,192.8017578125
8338,40,1290.02734375,193.2294921875
8339,40,1288.279296875,194.4296875
8340,41,1285.33203125,192.171875
8341,41,1280.0263671875,196.830078125
8342,41,1286.833984375,198.9287109375
8343,41,1283.677734375,196.2783203125
8344,41,1282.1279296875,196.841796875
8345,41,1290.490234375,199.2763671875
8346,41,1284.05078125,196.158203125
8347,41,1284.884765625,197.0107421875
8348,41,1294.4765625,199.65234375
8349,41,1286.9619140625,197.6884765625
8350,41,1288.01953125,197.6572265625
8351,41,1295.1015625,199.4970703125
8352,41,1298.2373046875,198.791015625
8353,41,1307.0322265625,199.884765625
8354,40,1317.6689453125,202.669921875
8355,40,1316.8212890625,197.0693359375
8356,40,1316.041015625,196.37109375
8357,40,1321.90234375,198.4169921875
8358,40,1316.099609375,196.7412109375
8359,40,1317.201171875,196.462890625
8360,40,1322.1220703125,198.2861328125
8361,40,1318.380859375,197.173828125
8362,40,1317.583984375,196.7451171875
8363,40,1322.751953125,198.755859375
8364,40,1316.71875,196.5439453125
8365,40,1316.681640625,196.712890625
8366,40,1321.05859375,198.40625
8367,40,1314.88671875,195.494140625
8368,40,1311.5791015625,194.33984375
8369,40,1317.263671875,197.2294921875
8370,40,1304.7412109375,194.0595703125
8371,40,1311.5361328125,194.56640625
8372,40,1316.5810546875,196.4765625
8373,40,1310.623046875,194.2529296875
8374,40,1312.8046875,194.1240234375
8375,40,1319.2744140625,196.6044921875
8376,40,1313.18359375,194.83203125
8377,40,1314.9150390625,194.1669921875
8378,40,1318.001953125,195.955078125
8379,40,1315.7861328125,195.0673828125
8380,40,1321.6865234375,195.4716796875
8381,40,1325.3203125,197.3984375
8382,40,1321.8642578125,196.0068359375
8383,40,1329.7294921875,196.89453125
8384,40,1333.9931640625,198.572265625
8385,40,1327.4091796875,196.5
8386,40,1330.896484375,197.119140625
8387,40,1335.5390625,198.8671875
8388,40,1332.3056640625,197.7578125
8389,40,1330.4189453125,197.3095703125
8390,40,1336.1884765625,199.2763671875
8391,40,1330.6796875,197.37890625
8392,40,1323.228515625,196.0556640625
8393,40,1335.2568359375,199.2431640625
8394,40,1329.9345703125,197.4140625
8395,40,1327.390625,197.3056640625
8396,40,1331.2216796875,198.9677734375
8397,40,1329.33984375,197.640625
8398,40,1325.07421875,196.966796875
8399,40,1326.806640625,199.4921875
8400,40,1322.751953125,197.5166015625
8401,40,1323.18359375,197.130859375
8402,40,1327.80078125,199.4736328125
8403,40,1324.0439453125,197.45703125
8404,40,1326.7998046875,198.283203125
8405,39,1332.3359375,200.53125
8406,39,1324.1103515625,195.94140625
8407,39,1330.275390625,197.1201171875
8408,39,1339.642578125,199.861328125
8409,39,1333.94140625,198.08984375
8410,39,1336.57421875,198.279296875
8411,38,1343.396484375,200.1220703125
8412,38,1331.50390625,194.5654296875
8413,38,1338.3505859375,195.0166015625
8414,38,1344.6728515625,197.0537109375
8415,38,1337.044921875,194.8994140625
8416,38,1340.3681640625,195.373046875
8417,38,1344.87109375,196.810546875
8418,38,1337.9765625,194.775390625
8419,38,1339.1298828125,195.23828125
8420,38,1343.8125,196.21484375
8421,38,1332.541015625,193.4287109375
8422,38,1335.2578125,194.2421875
8423,38,1340.5556640625,195.6513671875
8424,38,1335.8720703125,194.0322265625
8425,38,1335.18359375,194.6123046875
8426,38,1339.6318359375,195.599609375
8427,38,1334.4169921875,193.8369140625
8428,38,1326.8427734375,192.322265625
8429,38,1335.681640625,195.314453125
8430,39,1322.095703125,192.0859375
8431,39,1325.5927734375,195.4970703125
8432,39,1331.4619140625,197.5263671875
8433,39,1325.40234375,195.349609375
8434,39,1324.0537109375,195.357421875
8435,39,1329.6865234375,197.3173828125
8436,39,1318.3173828125,194.51953125
8437,39,1323.451171875,195.7236328125
8438,39,1332.146484375,198.21484375
8439,39,1327.126953125,196.517578125
8440,39,1322.9306640625,195.0380859375
8441,39,1339.2890625,199.2958984375
8442,39,1332.630859375,196.9912109375
8443,39,1329.01953125,196.767578125
8444,39,1340.2763671875,199.2724609375
8445,39,1331.955078125,196.9169921875
8446,39,1329.603515625,196.2333984375
8447,39,1341.30078125,199.0283203125
8448,39,1330.779296875,195.7578125
8449,39,1327.9775390625,195.6767578125
8450,39,1338.0693359375,198.361328125
8451,39,1328.986328125,195.494140625
8452,39,1328.830078125,196.0244140625
8453,39,1335.19921875,197.7265625
8454,39,1324.958984375,195.6240234375
8455,39,1324.39453125,195.861328125
8456,39,1333.35546875,197.77734375
8457,39,1322.6572265625,195.0263671875
8458,39,1322.080078125,195.744140625
8459,39,1326.25,198.1640625
8460,39,1319.8330078125,195.9912109375
8461,39,1320.28515625,196.4072265625
8462,39,1329.650390625,199.2822265625
8463,39,1323.841796875,196.9833984375
8464,39,1326.1962890625,196.533203125
8465,39,1332.72265625,199.5625
8466,39,1322.9384765625,196.2314453125
8467,39,1324.01171875,195.91796875
8468,39,1329.8603515625,198.755859375
8469,39,1316.765625,194.16796875
8470,39,1317.892578125,194.5908203125
8471,39,1321.35546875,197.0390625
8472,39,1313.166015625,194.541015625
8473,39,1311.080078125,194.240234375
8474,39,1315.6630859375,196.0888671875
8475,39,1310.375,193.7431640625
8476,39,1304.818359375,193.509765625
8477,39,1303.8193359375,194.73828125
8478,40,1302.28515625,192.19140625
8479,40,1296.7958984375,194.18359375
8480,40,1294.0380859375,194.29296875
8481,39,1303.5673828125,205.3427734375
8482,39,1320.0185546875,198.736328125
8483,39,1321.13671875,198.537109375
8484,38,1322.40625,201.63671875
8485,38,1317.146484375,194.80859375
8486,38,1319.099609375,194.9072265625
8487,38,1314.81640625,195.705078125
8488,38,1305.05859375,192.4775390625
8489,39,1299.7451171875,191.423828125
8490,39,1303.8642578125,196.9560546875
8491,39,1294.5625,194.287109375
8492,39,1297.96484375,194.7880859375
8493,39,1303.2099609375,196.8994140625
8494,39,1298.7236328125,194.6806640625
8495,39,1297.8017578125,194.9091796875
8496,39,1305.7861328125,197.6015625
8497,39,1299.4248046875,195.447265625
8498,39,1301.708984375,195.9765625
8499,39,1307.875,198.2001953125
8500,39,1300.208984375,196.0107421875
8501,39,1304.2158203125,195.904296875
8502,39,1310.6455078125,198.34375
8503,39,1301.4912109375,195.6103515625
8504,39,1303.724609375,195.6162109375
8505,39,1309.072265625,197.7900390625
8506,39,1302.0478515625,194.94140625
8507,39,1305.0693359375,195.359375
8508,39,1312.1865234375,198.1533203125
8509,39,1306.2900390625,195.80078125
8510,39,1307.9560546875,196.44140625
8511,39,1314.8271484375,199.185546875
8512,39,1321.3212890625,197.9306640625
8513,39,1322.6787109375,197.990234375
8514,38,1332.2451171875,201.0966796875
8515,38,1323.470703125,195.2119140625
8516,38,1325.025390625,195.267578125
8517,38,1333.90234375,197.7373046875
8518,38,1329.345703125,194.59375
8519,38,1326.6767578125,193.7734375
8520,38,1333.4443359375,196.3583984375
8521,38,1322.09765625,192.619140625
8522,38,1324.087890625,192.689453125
8523,38,1337.3662109375,196.5654296875
8524,38,1330.7021484375,193.9658203125
8525,38,1331.5517578125,194.125
8526,38,1340.22265625,196.6845703125
8527,38,1330.2373046875,193.95703125
8528,38,1336.400390625,194.859375
8529,38,1340.0166015625,196.4765625
8530,38,1334.98828125,194.658203125
8531,38,1331.3486328125,193.755859375
8532,38,1334.916015625,195.0458984375
8533,38,1329.83203125,193.4169921875
8534,38,1327.78515625,192.95703125
8535,38,1334.5927734375,194.861328125
8536,38,1328.5556640625,192.787109375
8537,38,1329.06640625,193.1259765625
8538,38,1335.275390625,194.548828125
8539,38,1327.1240234375,192.390625
8540,38,1327.671875,193.0009765625
8541,38,1334.62109375,193.857421875
8542,39,1324.953125,191.7666015625
8543,39,1326.341796875,195.3466796875
8544,39,1331.6201171875,196.7490234375
8545,39,1322.298828125,194.125
8546,39,1324.1494140625,195.1318359375
8547,39,1332.1220703125,196.8955078125
8548,39,1323.619140625,194.4755859375
8549,39,1323.5634765625,194.8037109375
8550,39,1327.576171875,196.4931640625
8551,39,1321.6357421875,194.326171875
8552,39,1322.1943359375,194.6015625
8553,39,1328.1669921875,196.4580078125
8554,39,1321.5810546875,194.6982421875
8555,39,1320.6318359375,194.416015625
8556,39,1327.6513671875,196.298828125
8557,39,1321.9111328125,194.30859375
8558,39,1326.5517578125,194.7177734375
8559,39,1333.302734375,197.2275390625
8560,39,1327.7099609375,195.3994140625
8561,39,1330.1455078125,195.134765625
8562,39,1333.4248046875,196.96484375
8563,39,1327.064453125,195.1015625
8564,39,1332.0771484375,195.310546875
8565,39,1338.3828125,197.6396484375
8566,39,1324.271484375,194.1376953125
8567,39,1324.5380859375,194.2529296875
8568,39,1336.3330078125,197.30859375
8569,39,1324.1357421875,194.884765625
8570,39,1328.595703125,194.994140625
8571,39,1335.0966796875,197.2119140625
8572,39,1323.634765625,194.24609375
8573,39,1324.3837890625,194.6806640625
8574,39,1331.5986328125,197.01171875
8575,39,1323.3134765625,194.2861328125
8576,39,1327.5986328125,194.7470703125
8577,39,1331.6318359375,197.009765625
8578,39,1322.71875,194.3388671875
8579,39,1323.8427734375,194.2197265625
8580,39,1328.39453125,196.9345703125
8581,39,1322.384765625,194.791015625
8582,39,1323.3603515625,194.9814453125
8583,39,1330.1357421875,196.822265625
8584,39,1319.373046875,194.009765625
8585,39,1329.576171875,195.501953125
8586,39,1336.9853515625,197.3408203125
8587,39,1327.8076171875,195.6962890625
8588,39,1331.525390625,196.2265625
8589,39,1338.9677734375,198.03125
8590,39,1332.5673828125,196.16796875
8591,39,1332.849609375,196.041015625
8592,39,1337.9765625,197.810546875
8593,39,1326.4169921875,195.0693359375
8594,39,1323.03515625,194.1826171875
8595,39,1335.29296875,197.2021484375
8596,39,1323.6376953125,194.490234375
8597,39,1325.5302734375,194.0615234375
8598,39,1339.123046875,197.39453125
8599,39,1331.8984375,195.6572265625
8600,39,1328.0244140625,194.5771484375
390,44,717.88671875,71.1650390625
391,49,721.626953125,76.767578125
392,54,706.2158203125,82.703125
393,59,716.8251953125,86.3251953125
394,64,720.6181640625,93.25390625
395,69,727.2958984375,100.76171875
396,74,718.9912109375,111.09765625
397,79,715.0498046875,123.9814453125
398,84,701.7734375,139.662109375
399,88,711.84375,166.37109375
400,88,711.5703125,196.228515625
401,88,708.2060546875,197.353515625
402,88,720.142578125,198.3984375
403,87,722.6103515625,200.4072265625
404,88,740.056640625,189.7880859375
405,87,763.05078125,205.9072265625
406,87,782.1826171875,197.927734375
407,87,778.86328125,196.783203125
408,87,771.9462890625,194.482421875
409,87,767.4853515625,196.0224609375
410,88,757.02734375,192.24609375
411,86,763.3837890625,208.19140625
412,87,764.6650390625,188.8828125
413,87,776.259765625,197.3525390625
414,87,771.8916015625,198.076171875
415,87,768.130859375,196.5146484375
416,87,761.4775390625,192.8544921875
417,87,753.001953125,193.0498046875
418,88,739.8408203125,188.0625
419,87,742.890625,202.9521484375
420,88,750.0947265625,190.666015625
421,87,747.111328125,200.564453125
422,87,762.6064453125,193.1982421875
423,87,764.7158203125,193.255859375
424,87,765.8349609375,192.4814453125
425,87,773.5654296875,193.123046875
426,87,775.8994140625,194.21875
427,87,792.65234375,198.0625
428,87,796.958984375,198.935546875
429,87,786.9345703125,195.078125
430,87,802.587890625,199.77734375
431,87,799.25,198.7138671875
432,87,788.3056640625,198.21484375
433,87,783.8525390625,197.693359375
434,87,778.4833984375,197.5126953125
435,87,768.2880859375,196.0791015625
436,87,760.8759765625,195.28125
437,92,298.1201171875,78.2451171875
438,97,339.888671875,112.05078125
439,94,353.9482421875,215.5302734375
440,99,351.2109375,145.140625
441,94,359.7548828125,321.943359375
442,99,357.740234375,146.34765625
443,94,372.0107421875,332.3427734375
444,99,373.955078125,151.255859375
445,94,366.826171875,326.9091796875
446,99,372.046875,150.6904296875
447,94,369.830078125,328.4619140625
448,99,371.3193359375,149.7373046875
449,94,378.0078125,334.806640625
450,99,369.6533203125,149.7255859375
451,94,382.095703125,338.046875
452,99,381.9423828125,151.9599609375
453,94,378.00390625,335.5830078125
454,99,377.6435546875,152.78125
455,94,346.96484375,309.7353515625
456,99,361.765625,147.7978515625
457,94,367.6904296875,328.1376953125
458,99,357.228515625,147.1865234375
459,94,360.90625,320.986328125
460,99,357.724609375,147.2890625
461,94,367.69921875,326.48828125
462,99,379.2138671875,153.4912109375
463,94,367.296875,326.9365234375
464,99,381.4443359375,155.162109375
465,94,388.4072265625,344.8232421875
466,98,398.4951171875,161.8095703125
467,93,396.3818359375,270.1630859375
468,98,401.9833984375,143.349609375
469,93,405.189453125,274.87109375
470,98,401.9169921875,143.4169921875
471,93,407.3115234375,276.783203125
472,98,396.2421875,142.0107421875
473,93,406.6533203125,276.9384765625
474,98,418.2861328125,147.888671875
475,93,415.728515625,282.4638671875
476,98,409.2939453125,144.6611328125
477,93,405.974609375,275.8486328125
478,98,410.4599609375,144.353515625
479,93,411.845703125,278.390625
480,98,396.583984375,140.451171875
481,93,367.1826171875,254.5205078125
482,98,395.716796875,142.8125
483,93,390.693359375,267.931640625
484,98,409.1806640625,146.5390625
485,93,972.4208984375,647.1396484375
486,98,448.8525390625,151.556640625
487,93,338.6171875,243.4091796875
488,98,347.537109375,118.69140625
489,95,302.623046875,218.1943359375
490,99,345.5546875,164.2841796875
491,94,340.03125,315.4150390625
492,99,320.404296875,130.578125
493,94,322.298828125,300.2705078125
494,99,318.4287109375,131.4453125
495,94,303.0732421875,282.517578125
496,99,310.7294921875,131.10546875
497,94,297.6845703125,279.248046875
498,99,327.3193359375,137.12890625
499,94,327.6806640625,308.3359375
500,99,325.1044921875,135.6181640625
501,94,301.5068359375,283.4765625
502,99,301.0625,125.642578125
503,94,295.2255859375,277.7607421875
504,99,313.580078125,133.001953125
505,94,332.0576171875,313.3134765625
506,99,325.154296875,138.150390625
507,94,300.607421875,283.75
508,99,272.0888671875,117.193359375
509,94,279.408203125,263.759765625
510,99,306.5185546875,130.84765625
511,94,283.5634765625,267.9208984375
512,99,292.04296875,125.2900390625
513,94,288.0361328125,272.462890625
514,99,301.8994140625,128.67578125
515,94,258.7744140625,243.8740234375
516,99,295.3662109375,126.705078125
517,94,264.1083984375,249.49609375
518,99,309.2265625,131.4697265625
519,94,294.66015625,278.76953125
520,99,313.564453125,132.5029296875
521,94,311.912109375,294.7216796875
522,99,325.8916015625,136.7607421875
523,94,320.615234375,302.31640625
524,99,321.3857421875,133.94921875
525,94,321.5498046875,302.626953125
526,99,330.9873046875,137.4814453125
527,94,321.8271484375,303.0517578125
528,99,329.11328125,136.796875
529,94,339.35546875,320.2568359375
530,99,353.638671875,146.1025390625
531,94,294.1298828125,276.755859375
532,99,323.298828125,134.27734375
533,94,308.8662109375,290.4697265625
534,99,313.8095703125,130.6005859375
535,94,303.0517578125,284.7421875
536,99,316.783203125,131.34375
537,94,318.3251953125,300.0390625
538,99,328.796875,136.2880859375
539,94,337.1220703125,318.2587890625
540,99,357.26953125,151.3984375
541,94,365.5986328125,343.595703125
542,98,368.1435546875,163.744140625
543,93,429.748046875,322.29296875
544,95,460.8818359375,184.4267578125
545,90,479.3173828125,246.90234375
546,95,506.3681640625,160.2568359375
547,90,521.423828125,264.0244140625
548,94,542.0478515625,166.20703125
549,89,556.3173828125,236.8857421875
550,93,596.193359375,163.7470703125
551,91,561.3671875,210.513671875
552,91,619.099609375,194.896484375
553,93,586.1494140625,182.8505859375
554,90,590.4541015625,220.173828125
555,93,580.0166015625,169.599609375
556,90,581.7744140625,217.578125
557,93,614.966796875,174.158203125
558,89,627.564453125,225.787109375
559,92,647.080078125,170.55859375
560,91,643.412109375,206.06640625
561,91,650.8759765625,194.5732421875
562,89,695.2998046875,210.19140625
563,92,667.451171875,175.9072265625
564,88,707.3447265625,230.4814453125
565,92,655.56640625,166.75390625
566,89,672.939453125,221.0478515625
567,92,648.15625,171.181640625
568,89,666.9140625,216.115234375
569,92,629.2705078125,170.154296875
570,91,616.43359375,203.435546875
571,93,582.5732421875,184.208984375
572,91,568.14453125,213.7255859375
573,93,549.5693359375,176.912109375
574,90,574.314453125,215.9267578125
575,93,542.345703125,169.4560546875
576,92,536.2177734375,206.8466796875
577,94,535.015625,183.7041015625
578,90,529.1337890625,226.587890625
579,94,532.39453125,163.4375
580,90,540.7529296875,230.4384765625
581,94,536.4423828125,164.091796875
582,90,526.087890625,225.6015625
583,94,533.2958984375,164.0107421875
584,90,533.8662109375,228.4404296875
585,94,523.1279296875,162.0693359375
586,90,539.421875,229.546875
587,94,541.669921875,164.748046875
588,89,560.953125,236.0908203125
589,93,585.3369140625,163.2021484375
590,90,586.720703125,218.369140625
591,93,584.201171875,175.9130859375
592,90,588.81640625,219.5576171875
593,93,602.2998046875,176.4404296875
594,90,599.78125,222.7783203125
595,92,609.9384765625,181.1064453125
596,92,591.82421875,198.53515625
597,92,599.7080078125,199.20703125
598,92,561.6455078125,194.244140625
599,93,558.11328125,191.33984375
600,91,568.1142578125,215.44921875
601,86,975.9072265625,324.697265625
602,87,774.6806640625,188.140625
603,84,972.7314453125,222.1875
604,89,658.6484375,145.22265625
605,92,616.1689453125,174.173828125
606,92,543.32421875,192.578125
607,93,539.9013671875,191.5419921875
608,91,537.248046875,211.2685546875
609,94,518.8857421875,175.1982421875
610,91,504.5673828125,221.1552734375
611,92,553.529296875,184.8134765625
612,94,512.4833984375,182.2841796875
613,89,572.8154296875,242.677734375
614,93,574.0537109375,163.8427734375
615,91,574.517578125,215.462890625
616,93,569.486328125,181.57421875
617,91,570.56640625,214.2783203125
618,93,550.4130859375,181.3984375
619,91,562.587890625,212.8076171875
620,92,574.6162109375,186.4560546875
621,94,517.8974609375,181.453125
622,89,580.15234375,242.6689453125
623,94,578.716796875,157.9365234375
624,89,573.841796875,244.0283203125
625,94,567.162109375,157.4052734375
626,89,563.603515625,237.4345703125
627,94,567.96484375,158.861328125
628,89,568.7109375,239.9443359375
629,94,574.939453125,157.0625
630,89,570.6005859375,236.8076171875
631,93,590.75390625,161.458984375
632,89,601.5556640625,223.400390625
633,94,578.6513671875,158.390625
634,89,575.7216796875,241.8173828125
635,94,577.5361328125,158.6142578125
636,89,568.392578125,240.8095703125
637,94,570.263671875,158.380859375
638,89,566.1640625,236.9052734375
639,94,568.578125,156.7900390625
640,89,580.5244140625,242.998046875
641,94,567.119140625,158.3798828125
642,90,534.4140625,228.7353515625
643,93,562.33984375,170.9169921875
644,98,320.0517578125,130.40625
645,93,379.9521484375,264.7734375
646,98,400.4345703125,151.345703125
647,93,400.3955078125,277.77734375
648,98,398.7099609375,150.3251953125
649,93,398.8740234375,275.517578125
650,98,412.5673828125,151.2568359375
651,93,401.3505859375,275.951171875
652,98,410.5498046875,151.041015625
653,93,398.9619140625,273.6923828125
654,98,415.640625,151.53515625
655,93,408.5380859375,278.91796875
656,98,419.251953125,152.115234375
657,93,417.015625,284.9765625
658,98,416.966796875,152.0146484375
659,93,418.8583984375,286.513671875
660,98,413.919921875,152.3720703125
661,93,423.560546875,289.9755859375
662,98,440.458984375,159.3095703125
663,93,412.02734375,283.9033203125
664,98,424.765625,154.900390625
665,93,431.77734375,295.0576171875
666,98,416.595703125,151.8125
667,93,414.3779296875,283.3408203125
668,98,408.9677734375,149.6845703125
669,93,398.587890625,273.7978515625
670,98,405.2646484375,149.6748046875
671,93,405.2529296875,278.2841796875
672,98,405.0087890625,149.6005859375
673,93,406.3359375,279.1708984375
674,98,404.51171875,148.9462890625
675,93,406.357421875,279.7802734375
676,98,404.6376953125,149.4833984375
677,93,409.76171875,281.650390625
678,98,400.4345703125,147.4111328125
679,93,403.11328125,277.7216796875
680,98,401.4013671875,148.3095703125
681,93,397.3583984375,274.4970703125
682,98,394.5302734375,146.7451171875
683,93,394.33984375,272.623046875
684,98,394.015625,146.26953125
685,93,391.8193359375,270.8408203125
686,98,394.9072265625,146.654296875
687,93,395.580078125,273.8291015625
688,98,397.3125,147.8193359375
689,93,381.0185546875,263.421875
690,98,385.1826171875,144.0615234375
691,93,382.2373046875,264.099609375
692,98,376.787109375,141.9599609375
693,93,380.0234375,262.3916015625
694,98,381.1611328125,142.7548828125
695,93,383.205078125,265.3896484375
696,98,380.05859375,143.2529296875
697,93,400.6708984375,277.046875
698,98,403.16796875,149.7666015625
699,93,401.42578125,277.2548828125
700,98,400.2802734375,148.13671875
701,93,696.5751953125,459.0966796875
702,88,714.0498046875,254.4306640625
703,89,715.806640625,186.4970703125
704,89,715.8427734375,194.548828125
705,90,705.388671875,190.8642578125
706,89,712.6376953125,206.93359375
707,90,705.3486328125,192.1396484375
708,89,701.8154296875,203.9921875
709,90,696.5087890625,187.904296875
710,89,695.02734375,202.537109375
711,90,677.76953125,186.2392578125
712,90,683.4150390625,199.603515625
713,90,681.1884765625,199.0322265625
714,89,682.8994140625,200.330078125
715,91,667.375,184.23046875
716,89,682.7978515625,210.7685546875
717,90,678.982421875,185.4423828125
718,89,680.572265625,201.0107421875
719,90,669.2333984375,185.62890625
720,89,699.658203125,205.38671875
721,85,886.7451171875,227.337890625
722,87,865.6015625,177.7802734375
723,88,814.0078125,186.380859375
724,88,763.453125,195.171875
725,88,766.4033203125,197.849609375
726,88,773.6865234375,197.802734375
727,88,762.1259765625,195.2021484375
728,87,768.6025390625,200.0888671875
729,88,773.341796875,189.6982421875
730,87,780.3466796875,201.8828125
731,88,764.671875,185.8515625
732,88,766.0205078125,199.6767578125
733,87,761.8720703125,200.1982421875
734,89,749.990234375,183.51171875
735,88,749.7939453125,203.9833984375
736,88,742.685546875,197.9755859375
737,88,747.7333984375,197.181640625
738,88,742.56640625,195.203125
739,88,749.912109375,198.2646484375
740,88,739.1494140625,197.9541015625
741,88,736.8662109375,194.6416015625
742,88,737.642578125,197.9921875
743,88,741.783203125,196.359375
744,88,738.5625,196.2431640625
745,88,750.208984375,199.7431640625
746,88,736.5546875,198.20703125
747,88,749.9599609375,199.1318359375
748,88,754.75,198.0185546875
749,87,769.66015625,203.046875
750,88,758.193359375,191.44921875
751,87,770.046875,203.6123046875
752,87,778.421875,192.40625
753,87,788.138671875,195.4931640625
754,87,778.08203125,196.4296875
755,87,782.0107421875,195.919921875
756,87,784.126953125,196.3212890625
757,87,783.59375,197.1162109375
758,87,774.7197265625,196.8115234375
759,87,782.9326171875,196.6796875
760,87,783.7939453125,196.8935546875
761,87,792.1806640625,198.9365234375
762,87,783.8369140625,199.2138671875
763,87,793.9755859375,199.994140625
764,86,805.7607421875,202.328125
765,86,816.31640625,198.751953125
766,86,808.76171875,198.9443359375
767,86,814.0498046875,199.4404296875
768,85,821.330078125,201.0703125
769,85,823.9248046875,194.0908203125
770,85,824.8251953125,195.1494140625
771,85,831.2939453125,197.076171875
772,85,827.3994140625,197.251953125
773,90,187.3525390625,44.580078125
774,95,165.6083984375,53.8955078125
775,100,171.4814453125,86.9052734375
776,98,206.8095703125,211.5771484375
777,100,204.6123046875,142.0244140625
778,99,197.90234375,202.9404296875
779,100,203.6435546875,181.0556640625
780,95,228.9775390625,233.87109375
781,100,237.3388671875,116.8896484375
782,99,196.7236328125,201.486328125
783,97,234.43359375,209.451171875
784,100,241.0205078125,151.2216796875
785,95,251.1064453125,255.658203125
786,100,239.375,119.16796875
787,95,260.353515625,264.890625
788,100,263.5712890625,130.2392578125
789,95,264.03515625,269.234375
790,100,266.5478515625,131.8662109375
791,95,263.2783203125,268.625
792,100,264.2626953125,130.978515625
793,95,254.29296875,259.4541015625
794,100,265.3505859375,131.9140625
