333,34,1350.2734375,167.017578125
334,36,1349.7568359375,180.6513671875
335,37,1351.3515625,189.9228515625
336,37,1351.9990234375,192.923828125
337,38,1351.00390625,192.2275390625
338,38,1352.0595703125,197.3388671875
339,38,1352.2734375,198.0791015625
340,38,1351.435546875,196.8037109375
341,38,1352.615234375,196.857421875
342,38,1352.3984375,197.7509765625
343,38,1356.375,198.1015625
344,38,1355.3779296875,197.0537109375
345,38,1356.21484375,197.205078125
346,38,1356.2587890625,198.3076171875
347,38,1351.123046875,196.2890625
348,38,1347.5390625,195.279296875
349,38,1348.1025390625,196.5068359375
350,38,1350.251953125,196.6162109375
351,38,1344.48046875,194.8984375
352,38,1342.712890625,194.2353515625
353,38,1341.9951171875,195.07421875
354,38,1343.89453125,194.4228515625
355,38,1343.9501953125,194.3173828125
356,38,1345.6669921875,195.34765625
357,38,1346.81640625,195.21484375
358,38,1342.6259765625,193.75390625
359,38,1341.263671875,193.736328125
360,38,1340.931640625,194.2412109375
361,38,1337.5458984375,192.958984375
362,38,1334.626953125,192.611328125
363,38,1335.4951171875,193.7666015625
364,39,1330.798828125,192.0712890625
365,39,1323.736328125,193.2255859375
366,39,1324.3056640625,193.3623046875
367,39,1328.75390625,195.173828125
368,39,1323.5556640625,193.5068359375
369,39,1321.55859375,193.51953125
370,39,1322.62890625,194.6455078125
371,39,1319.6328125,193.1533203125
372,39,1321.4990234375,193.5224609375
373,39,1324.078125,195.0341796875
374,39,1326.3349609375,194.9921875
375,39,1320.169921875,193.1005859375
376,39,1319.77734375,192.77734375
377,39,1327.57421875,195.3125
378,39,1324.076171875,193.6171875
379,39,1326.41015625,193.9052734375
380,39,1329.271484375,195.51171875
381,39,1322.2783203125,193.8701171875
382,39,1323.7119140625,193.1220703125
383,39,1330.22265625,195.2099609375
384,39,1326.3544921875,193.287109375
385,39,1326.3876953125,193.931640625
386,39,1330.669921875,195.5087890625
387,39,1325.10546875,193.65625
388,39,1327.1728515625,194.3857421875
389,39,1328.7744140625,195.4794921875
390,39,1323.7177734375,193.7998046875
391,39,1320.7353515625,193.634765625
392,39,1325.9755859375,195.361328125
393,39,1322.4443359375,194.109375
394,39,1325.060546875,194.39453125
395,39,1330.6220703125,196.0546875
396,39,1328.236328125,194.9404296875
397,39,1322.3115234375,193.6201171875
398,39,1331.7451171875,195.7939453125
399,39,1322.03125,193.333984375
400,39,1322.6962890625,193.23046875
401,39,1329.12890625,194.689453125
402,39,1322.5498046875,193.052734375
403,39,1323.1279296875,193.390625
404,39,1332.8017578125,195.2578125
405,39,1327.4423828125,193.5654296875
406,39,1327.4306640625,193.5107421875
407,39,1331.86328125,194.9384765625
408,39,1323.05078125,192.8037109375
409,39,1325.2431640625,192.9306640625
410,39,1327.51171875,193.96875
411,39,1321.634765625,192.4931640625
412,39,1323.4345703125,192.6513671875
413,39,1329.0185546875,194.2890625
414,40,1321.2744140625,192.1181640625
415,40,1321.62109375,193.923828125
416,40,1326.626953125,195.4208984375
417,40,1323.2958984375,194.2099609375
418,40,1324.11328125,194.396484375
419,40,1327.51171875,195.7431640625
420,40,1325.8876953125,194.759765625
421,40,1321.388671875,194.45703125
422,40,1324.2109375,195.5517578125
423,40,1324.0703125,195.029296875
424,40,1326.3212890625,195.2294921875
425,40,1329.1416015625,196.26171875
426,40,1325.7822265625,195.16015625
427,40,1325.9072265625,195.1318359375
428,40,1329.27734375,196.1162109375
429,40,1328.3896484375,195.27734375
430,40,1331.2958984375,195.716796875
431,40,1334.7255859375,196.716796875
432,40,1334.0078125,196.0849609375
433,40,1335.3564453125,196.4228515625
434,40,1337.306640625,197.10546875
435,40,1333.646484375,196.0927734375
436,40,1336.8251953125,196.609375
437,40,1338.6201171875,197.302734375
438,40,1337.0302734375,196.8271484375
439,40,1336.1787109375,196.306640625
440,40,1339.5009765625,197.3916015625
441,40,1338.375,196.892578125
442,40,1337.5439453125,196.7685546875
443,40,1339.36328125,197.5439453125
444,40,1338.462890625,196.958984375
445,40,1337.9853515625,196.9375
446,40,1339.8125,197.6943359375
447,40,1338.595703125,196.95703125
448,40,1338.455078125,196.96875
449,40,1339.193359375,197.6044921875
450,40,1337.7890625,196.6484375
451,40,1334.7021484375,196.5361328125
452,40,1334.115234375,197.0927734375
453,40,1330.0810546875,195.6494140625
454,40,1327.490234375,194.8720703125
455,40,1327.7392578125,195.55859375
456,40,1325.6318359375,194.638671875
457,40,1325.4794921875,194.552734375
458,40,1324.9873046875,195.1416015625
459,40,1320.7578125,193.607421875
460,40,1320.6376953125,193.509765625
461,40,1321.2919921875,194.2255859375
462,40,1318.31640625,193.24609375
463,40,1318.6298828125,193.0537109375
464,40,1319.4375,193.689453125
465,40,1319.12890625,193.1171875
466,40,1322.3330078125,193.2099609375
467,40,1323.927734375,193.1044921875
468,41,1319.5693359375,191.9189453125
469,41,1318.69921875,196.7099609375
470,41,1318.8115234375,197.0634765625
471,41,1318.6259765625,196.5400390625
472,41,1317.56640625,196.13671875
473,41,1316.2138671875,196.1005859375
474,41,1314.9140625,196.07421875
475,41,1315.755859375,195.87890625
476,41,1315.220703125,195.798828125
477,41,1315.3896484375,196.0576171875
478,41,1314.3828125,195.806640625
479,41,1314.2861328125,195.8076171875
480,41,1314.5068359375,195.9765625
481,40,1313.7119140625,202.236328125
482,40,1320.642578125,196.8818359375
483,40,1318.421875,196.486328125
484,40,1315.5322265625,195.580078125
485,40,1316.830078125,195.783203125
486,40,1318.0546875,196.1630859375
487,40,1314.451171875,195.2587890625
488,40,1314.2060546875,195.0361328125
489,40,1316.0625,195.626953125
490,40,1314.3828125,195.2177734375
491,40,1316.3564453125,195.169921875
492,40,1318.1689453125,195.7353515625
493,40,1316.033203125,195.2763671875
494,40,1316.298828125,195.3583984375
495,40,1317.419921875,195.7802734375
496,40,1317.677734375,196.0419921875
497,40,1316.8134765625,195.587890625
498,40,1317.8388671875,195.650390625
499,40,1319.41796875,196.310546875
500,40,1315.75,195.400390625
501,40,1315.23046875,195.2333984375
502,40,1316.5810546875,195.9580078125
503,40,1313.466796875,195.623046875
504,40,1311.4033203125,195.1767578125
505,40,1311.849609375,195.0966796875
506,40,1313.5107421875,195.689453125
507,40,1309.6806640625,194.7900390625
508,40,1309.3583984375,194.705078125
509,40,1310.80078125,195.0048828125
510,40,1308.0205078125,194.23046875
511,40,1305.9921875,194.154296875
512,40,1309.595703125,195.3056640625
513,40,1319.2373046875,196.0615234375
514,40,1320.640625,195.93359375
515,40,1329.2197265625,196.6064453125
516,40,1334.15234375,197.857421875
517,40,1332.9951171875,197.2421875
518,40,1332.62890625,197.05859375
519,40,1332.3896484375,197.513671875
520,40,1331.7822265625,197.0234375
521,40,1333.49609375,197.2236328125
522,40,1334.822265625,197.8603515625
523,40,1334.0419921875,197.2685546875
524,40,1334.6552734375,197.3056640625
525,40,1335.1650390625,197.9482421875
526,40,1334.9482421875,197.3857421875
527,40,1333.92578125,197.521484375
528,40,1335.0732421875,198.2431640625
529,40,1332.0546875,197.365234375
530,40,1332.505859375,197.2802734375
531,40,1332.638671875,197.830078125
532,40,1331.2978515625,197.18359375
533,40,1331.7666015625,197.36328125
534,40,1332.6279296875,197.99609375
535,40,1330.3232421875,197.236328125
536,40,1330.6845703125,197.2607421875
537,40,1331.580078125,197.95703125
538,40,1329.927734375,197.0537109375
539,40,1330.46875,197.0908203125
540,40,1330.728515625,197.736328125
541,40,1319.9072265625,195.0302734375
542,40,1319.240234375,195.056640625
543,40,1322.646484375,196.849609375
544,40,1313.1494140625,195.326171875
545,40,1312.91796875,194.134765625
546,40,1321.80859375,196.416015625
547,40,1312.177734375,194.3037109375
548,40,1311.8212890625,193.7509765625
549,40,1320.6162109375,196.1396484375
550,40,1305.533203125,192.7822265625
551,40,1311.8544921875,193.6640625
552,40,1315.1220703125,195.05078125
553,40,1305.078125,193.201171875
554,41,1301.0380859375,191.5556640625
555,41,1314.322265625,199.998046875
556,41,1307.9736328125,198.2734375
557,41,1310.8310546875,199.001953125
558,40,1315.6171875,200.2421875
559,40,1307.0302734375,193.0751953125
560,40,1303.5322265625,192.9033203125
561,40,1312.3916015625,194.494140625
562,41,1298.9501953125,191.4833984375
563,41,1302.5791015625,197.8251953125
564,40,1314.482421875,200.2900390625
565,40,1307.4658203125,193.7958984375
566,40,1306.892578125,193.65234375
567,40,1313.138671875,195.0029296875
568,40,1302.1123046875,193.3408203125
569,40,1307.1123046875,193.794921875
570,40,1311.5009765625,194.9462890625
571,40,1299.34375,192.283203125
572,40,1299.9423828125,192.8115234375
573,40,1305.1591796875,193.865234375
574,40,1299.1376953125,192.8515625
575,40,1301.810546875,192.9599609375
576,40,1306.1572265625,194.216796875
577,40,1302.375,192.873046875
578,41,1296.65234375,191.5263671875
579,41,1308.458984375,199.2138671875
580,41,1304.787109375,197.94921875
581,41,1305.0927734375,197.75390625
582,41,1309.6318359375,199.0048828125
583,41,1307.8427734375,198.8017578125
584,41,1306.6103515625,198.1904296875
585,41,1309.97265625,198.7119140625
586,40,1315.185546875,200.16015625
587,40,1311.87109375,193.8330078125
588,40,1310.146484375,193.533203125
589,40,1311.9306640625,194.3251953125
590,40,1308.7626953125,193.3896484375
591,40,1309.4404296875,193.654296875
592,40,1311.9794921875,194.66796875
593,40,1308.400390625,193.4755859375
594,40,1307.294921875,193.1533203125
595,40,1310.8193359375,194.5576171875
596,40,1310.94921875,194.5458984375
597,40,1308.115234375,193.4306640625
598,40,1309.7802734375,193.7939453125
599,40,1312.5673828125,194.970703125
600,40,1306.2978515625,192.8505859375
601,41,1297.6533203125,191.75390625
602,41,1294.91796875,197.1474609375
603,41,1293.6640625,197.044921875
604,41,1290.2841796875,195.966796875
605,41,1290.70703125,196.1103515625
851,46,606.140625,59.865234375
852,51,605.0166015625,65.40234375
853,56,608.271484375,69.1982421875
854,61,605.1708984375,74.5380859375
855,66,608.966796875,81.24609375
856,71,617.0078125,89.6015625
857,76,615.4091796875,99.5087890625
858,81,599.5224609375,108.1796875
859,86,598.162109375,125.720703125
860,91,607.4599609375,159.662109375
861,90,607.4599609375,201.552734375
862,89,681.388671875,204.330078125
863,91,648.0126953125,177.23828125
864,95,542.5634765625,166.0888671875
865,90,549.623046875,252.3916015625
866,95,541.509765625,154.421875
867,90,553.470703125,254.15234375
868,94,561.1416015625,161.37890625
869,89,585.802734375,231.7509765625
870,94,583.546875,156.0517578125
871,89,590.5390625,234.6044921875
872,94,594.71875,155.2021484375
873,89,604.9541015625,236.556640625
874,94,594.494140625,156.353515625
875,89,587.068359375,232.583984375
876,94,577.9140625,152.51171875
877,90,573.4033203125,227.2861328125
878,95,559.626953125,159.8310546875
879,90,554.6552734375,251.2236328125
880,95,558.6552734375,156.9453125
881,90,534.919921875,240.8623046875
882,95,515.07421875,144.1171875
883,93,456.5908203125,214.275390625
884,98,397.560546875,149.7177734375
885,93,375.3564453125,259.482421875
886,98,326.525390625,127.255859375
887,95,301.201171875,217.9599609375
888,100,271.072265625,143.4521484375
889,95,252.4990234375,257.8408203125
890,100,231.49609375,126.2646484375
891,97,212.21484375,217.994140625
892,100,191.0068359375,131.853515625
893,100,160.861328125,168.0234375
894,100,142.9638671875,148.775390625
895,100,161.5859375,167.44140625
896,99,198.7607421875,206.9716796875
897,100,189.58984375,169.6240234375
898,98,200.9521484375,211.4609375
899,100,248.9560546875,183.3798828125
900,95,282.2001953125,293.9150390625
901,100,284.6611328125,156.27734375
902,95,241.126953125,255.0556640625
903,100,223.43359375,124.1123046875
904,95,233.5595703125,244.03515625
905,100,230.779296875,123.8251953125
906,100,180.7138671875,186.2373046875
907,100,173.8515625,179.9208984375
908,100,175.7802734375,179.2060546875
909,100,166.2666015625,169.6748046875
910,100,125.494140625,129.501953125
911,100,140.0888671875,143.939453125
912,100,142.2041015625,145.0341796875
913,100,173.3720703125,177.6845703125
914,100,169.517578125,174.0107421875
915,100,162.068359375,166.22265625
916,100,155.556640625,159.2001953125
917,100,148.875,152.98828125
918,100,133.48828125,137.4970703125
919,100,191.04296875,194.9296875
920,98,205.7734375,209.10546875
921,100,183.6708984375,126.5888671875
922,100,191.4111328125,195.552734375
923,100,191.4609375,195.5546875
924,98,209.7099609375,213.97265625
925,100,215.791015625,146.052734375
926,96,224.1953125,228.9951171875
927,100,249.32421875,131.7666015625
928,95,277.2392578125,282.90234375
929,100,303.556640625,141.2001953125
930,95,322.296875,328.3388671875
931,99,351.419921875,162.8779296875
932,94,400.9501953125,346.017578125
933,94,473.0126953125,198.685546875
934,89,553.7431640625,232.79296875
935,89,654.5205078125,194.86328125
936,86,747.5771484375,222.509765625
937,83,834.7490234375,220.5390625
938,81,901.5009765625,215.1103515625
939,79,948.91796875,209.533203125
940,79,968.7919921875,199.990234375
941,79,971.859375,199.3427734375
942,79,959.36328125,195.615234375
943,80,937.2509765625,189.6240234375
944,82,883.8701171875,183.6181640625
945,84,816.1806640625,178.59765625
946,87,743.189453125,175.1982421875
947,90,665.7451171875,174.19140625
948,92,573.3447265625,178.5703125
949,95,505.6533203125,174.53515625
950,93,437.0244140625,209.779296875
951,98,384.20703125,149.1015625
952,93,336.744140625,232.8466796875
953,98,295.728515625,117.919921875
954,99,272.0166015625,190.1181640625
955,95,256.5517578125,225.3642578125
956,100,249.23046875,125.2646484375
957,95,252.0751953125,256.724609375
958,100,248.7373046875,123.109375
959,95,247.61328125,251.9130859375
960,100,239.421875,118.095703125
961,95,230.236328125,231.4091796875
962,100,234.5068359375,117.587890625
963,95,236.0986328125,239.451171875
964,100,229.99609375,115.5947265625
965,95,227.609375,232.5712890625
966,100,225.595703125,113.2275390625
967,96,223.3837890625,228.5380859375
968,100,222.0478515625,125.6015625
969,96,225.5361328125,230.4580078125
970,100,231.40234375,129.8486328125
971,95,234.5849609375,239.744140625
972,100,236.4052734375,118.0693359375
973,95,240.2314453125,244.466796875
974,100,258.0703125,129.5849609375
975,95,282.1865234375,286.880859375
976,100,311.1376953125,158.365234375
977,95,330.775390625,335.8486328125
978,98,340.33203125,176.6337890625
979,93,345.4326171875,247.646484375
980,98,345.62109375,148.794921875
981,93,326.6025390625,236.787109375
982,98,297.19140625,133.375
983,96,283.513671875,210.63671875
984,100,259.189453125,160.9501953125
985,95,246.4833984375,250.732421875
986,100,240.03515625,130.9375
987,97,213.1103515625,216.765625
988,100,197.1962890625,131.9697265625
989,99,202.4560546875,205.2158203125
990,100,197.4462890625,177.1337890625
991,99,201.2041015625,204.5390625
992,100,214.6328125,190.701171875
993,97,212.3125,216.0576171875
994,100,272.6904296875,176.6708984375
995,95,301.8505859375,308.5498046875
996,100,304.5732421875,157.9794921875
997,95,316.822265625,324.4501953125
998,98,332.9189453125,170.537109375
999,93,341.080078125,244.388671875
1000,98,365.955078125,145.150390625
1001,93,389.6767578125,277.783203125
1002,98,403.162109375,159.8720703125
1003,93,420.876953125,301.6328125
1004,96,425.654296875,169.8173828125
1005,91,426.1982421875,239.193359375
1006,96,424.08203125,141.5078125
1007,91,419.263671875,235.171875
1008,96,416.5,137.6591796875
1009,91,419.4326171875,233.8779296875
1010,96,416.1025390625,135.91015625
1011,92,416.478515625,230.943359375
1012,97,417.2685546875,141.9033203125
1013,92,416.724609375,260.8720703125
1014,97,398.01953125,137.451171875
1015,92,389.3349609375,245.6982421875
1016,97,392.0947265625,135.1923828125
1017,92,391.8193359375,246.837890625
1018,97,394.435546875,136.3369140625
1019,92,391.67578125,246.7177734375
1020,97,395.078125,136.9189453125
1021,92,395.9443359375,248.7509765625
1022,97,395.8427734375,136.931640625
1023,92,394.998046875,248.37890625
1024,97,395.95703125,136.955078125
1025,92,395.7041015625,248.8291015625
1026,97,395.8642578125,137.09375
1027,92,394.8115234375,248.33984375
1028,97,395.7568359375,136.9345703125
1029,92,396.6328125,249.3857421875
1030,97,396.71875,137.19140625
1031,92,632.53125,380.0126953125
1032,89,632.7958984375,216.875
1033,91,634.0244140625,182.0107421875
1034,90,634.4873046875,205.5556640625
1035,90,638.09375,197.158203125
1036,90,636.5517578125,196.654296875
1037,90,636.814453125,196.7685546875
1038,90,638.3076171875,197.1103515625
1039,90,639.814453125,197.443359375
1040,90,634.720703125,195.5166015625
1041,90,635.65625,196.1044921875
1042,90,634.44140625,195.60546875
1043,90,637.52734375,196.6416015625
1044,90,636.1728515625,195.9921875
1045,90,634.4990234375,195.333984375
1046,90,630.91015625,193.5654296875
1047,90,626.58984375,192.814453125
1048,90,628.1455078125,192.669921875
1049,91,624.8349609375,191.3330078125
1050,91,623.8125,199.9384765625
1051,91,619.1640625,198.3720703125
1052,91,637.0234375,199.232421875
1053,91,636.5947265625,194.5517578125
1054,92,626.3203125,191.8232421875
1055,92,604.9091796875,198.2861328125
1056,92,616.2294921875,197.3935546875
1057,92,614.85546875,198.09375
1058,91,626.7626953125,202.052734375
1059,92,611.8017578125,190.984375
1060,91,641.6845703125,204.4873046875
1061,91,625.0791015625,192.3134765625
1062,91,635.91015625,192.7451171875
1063,92,612.7890625,187.091796875
1064,92,619.755859375,198.255859375
1065,91,636.9111328125,204.404296875
1066,91,641.81640625,196.8720703125
1067,91,628.8017578125,195.7900390625
1068,89,686.8662109375,209.583984375
1069,90,692.1533203125,185.5498046875
1070,89,692.7802734375,201.650390625
1071,90,685.6318359375,185.7001953125
1072,89,685.0361328125,200.4970703125
1073,90,689.125,185.96484375
1074,89,693.7919921875,202.396484375
1075,90,694.4775390625,187.162109375
1076,89,697.4697265625,203.3837890625
1077,90,696.9921875,188.1123046875
1078,89,693.609375,202.8984375
1079,90,694.412109375,187.728515625
1080,89,695.2255859375,203.294921875
1081,90,659.515625,190.8759765625
1082,89,660.8046875,205.119140625
1083,90,659.966796875,190.1416015625
1084,89,663.53515625,205.9970703125
1085,90,664.0126953125,191.3232421875
1086,89,664.4306640625,206.2236328125
1087,94,358.572265625,106.7841796875
1088,98,381.619140625,166.8349609375
1089,93,392.443359375,277.5185546875
1090,98,395.216796875,154.4140625
1091,93,386.4150390625,274.7041015625
1092,98,375.4033203125,145.7744140625
1093,93,354.2529296875,251.197265625
1094,98,356.23046875,136.3720703125
1095,93,364.8994140625,260.0673828125
1096,98,367.7275390625,140.8759765625
1097,93,352.6923828125,252.9365234375
1098,98,360.0673828125,137.298828125
1099,93,347.3466796875,247.703125
1100,98,358.494140625,138.681640625
1101,93,384.2021484375,271.37109375
1102,98,392.4375,147.25
1103,93,403.798828125,282.111328125
1104,98,389.93359375,148.9384765625
1105,93,423.58203125,293.2333984375
1106,98,424.2998046875,157.6787109375
1107,93,446.8359375,308.0126953125
1108,97,457.732421875,166.390625
1109,92,460.447265625,280.0068359375
1110,97,442.7041015625,148.1708984375
1111,92,482.236328125,291.6591796875
1112,97,482.7734375,156.720703125
1113,92,486.421875,295.7646484375
1114,97,485.6435546875,160.2890625
1115,92,491.767578125,298.767578125
1116,97,491.3369140625,160.9697265625
1117,92,501.0712890625,303.537109375
1118,96,500.2919921875,163.4326171875
1119,91,505.158203125,267.9296875
1120,96,505.5283203125,154.8251953125
1121,91,505.9052734375,268.3369140625
1122,96,504.0869140625,155.1943359375
1123,91,508.6806640625,269.8388671875
1124,96,510.3232421875,156.609375
1125,91,510.7314453125,270.84765625
1126,96,508.58984375,156.267578125
1127,91,510.619140625,270.5419921875
1128,96,510.244140625,156.208984375
1129,91,511.115234375,270.65625
1130,96,508.8896484375,156.1484375
1131,91,510.48046875,270.4150390625
1132,96,511.19140625,156.5234375
1133,91,511.05078125,270.6875
1134,96,510.412109375,156.4111328125
1135,91,512.568359375,271.27734375
1136,96,512.537109375,156.9267578125
1137,91,512.37890625,270.95703125
1138,96,504.4375,153.80859375
1139,91,502.8330078125,266.3994140625
1140,96,501.6572265625,153.3974609375
1141,91,491.4267578125,261.2861328125
1142,96,490.5224609375,149.7431640625
1143,91,496.6201171875,264.310546875
1144,96,501.1533203125,154.7939453125
1145,91,512.1435546875,271.8876953125
1146,96,513.3818359375,158.818359375
1147,91,512.986328125,272.8583984375
1148,96,507.6142578125,157.3583984375
1149,91,512.1904296875,272.421875
1150,96,513.25,158.775390625
1151,91,543.916015625,288.3662109375
1152,93,544.1435546875,178.2060546875
1153,91,561.5205078125,210.2451171875
1154,93,562.849609375,180.1650390625
1155,91,569.056640625,212.609375
1156,93,568.400390625,181.04296875
1157,91,568.9951171875,211.0078125
1158,93,571.2177734375,181.6298828125
1159,91,574.8515625,213.2890625
1160,93,568.845703125,180.6630859375
1161,91,572.935546875,212.2998046875
1162,94,543.09765625,173.88671875
1163,91,536.06640625,219.73828125
1164,94,532.2900390625,169.279296875
1165,91,528.4716796875,216.2109375
1166,95,527.36328125,166.98046875
1167,90,520.9453125,241.2509765625
1168,95,522.9736328125,157.521484375
1169,90,516.9970703125,239.03125
1170,95,519.185546875,156.1220703125
1171,90,516.861328125,238.2998046875
1172,95,518.025390625,154.8681640625
1173,90,507.2119140625,233.12890625
1174,95,502.681640625,149.7431640625
1175,91,500.4130859375,230.6044921875
1176,96,499.94921875,156.8916015625
1177,91,496.822265625,257.787109375
1178,96,499.96875,158.625
1179,91,498.44921875,261.0625
1180,95,512.2939453125,166.4482421875
1181,90,528.9501953125,246.884765625
1182,94,544.5185546875,167.7099609375
1183,90,552.224609375,228.2998046875
1184,93,569.0400390625,176.220703125
1185,91,577.591796875,215.1669921875
1186,93,572.04296875,184.228515625
1187,91,571.4091796875,214.7080078125
1188,93,555.447265625,181.9912109375
1189,90,581.08203125,218.6279296875
1190,92,584.6982421875,179.6806640625
1191,91,584.9765625,200.123046875
1192,92,582.4580078125,189.3896484375
1193,92,582.75,199.6689453125
1194,92,580.1796875,199.150390625
1195,92,578.2685546875,198.4677734375
1196,92,575.275390625,198.193359375
1197,92,574.703125,197.42578125
1198,92,571.4140625,196.1865234375
1199,92,572.5029296875,196.7041015625
1200,92,569.4248046875,196.498046875
1201,90,589.7705078125,213.689453125
1202,91,599.8544921875,188.904296875
1203,91,594.3408203125,195.4150390625
1204,91,584.5380859375,193.65234375
1205,91,585.0400390625,194.8837890625
1206,96,427.091796875,132.650390625
1207,97,349.212890625,187.2353515625
1208,94,363.458984375,219.16796875
1209,99,386.3427734375,158.4365234375
1210,94,404.837890625,354.70703125
1211,97,424.724609375,173.1708984375
1212,92,434.017578125,260.193359375
1213,97,444.9716796875,145.7412109375
1214,92,454.4375,271.9345703125
1215,97,476.125,155.2021484375
1216,92,486.099609375,289.091796875
1217,95,547.130859375,176.763671875
1218,90,560.439453125,255.908203125
1219,95,539.3935546875,158.2880859375
1220,90,518.2109375,240.32421875
1221,95,555.681640625,161.203125
1222,90,566.6142578125,258.2021484375
1223,94,581.537109375,166.93359375
1224,90,573.2490234375,229.46484375
1225,94,592.787109375,168.9150390625
1226,89,596.7255859375,234.7041015625
1227,94,603.119140625,157.7255859375
1228,89,597.0849609375,236.8193359375
1229,94,607.9267578125,158.4873046875
1230,89,610.162109375,239.0546875
1231,94,615.396484375,160.6865234375
1232,89,609.322265625,240.58203125
1233,94,617.0712890625,160.474609375
1234,89,618.6083984375,242.2314453125
1235,93,625.1630859375,163.0234375
1236,90,618.4755859375,217.6396484375
1237,93,618.5859375,174.3251953125
1238,90,620.5087890625,216.69921875
1239,92,626.978515625,177.4462890625
1240,92,626.806640625,198.7783203125
1241,92,622.048828125,196.6806640625
1242,92,626.712890625,198.27734375
1243,92,627.8916015625,198.53125
1244,92,625.6064453125,198.6943359375
1245,91,631.6337890625,200.26171875
1246,92,641.087890625,191.75
1247,91,645.5634765625,203.287109375
1248,96,277.1748046875,89.0107421875
1249,100,277.1708984375,152.1162109375
1250,95,282.6005859375,288.8876953125
1251,100,287.75390625,139.1279296875
1252,95,294.1015625,301.076171875
1253,100,297.9599609375,143.1494140625
1254,95,304.625,312.068359375
1255,100,305.328125,145.87890625
1256,95,305.919921875,313.748046875
1257,100,309.408203125,147.1708984375
1258,95,311.615234375,319.6005859375
1259,100,313.1728515625,148.6318359375
1260,95,315.9052734375,323.9716796875
1261,100,317.455078125,149.9990234375
1262,95,317.3369140625,326.0654296875
1263,100,322.373046875,152.638671875
1264,95,323.9912109375,332.677734375
1265,100,327.45703125,155.05859375
1266,95,330.16796875,338.7919921875
1267,100,335.1181640625,157.9345703125
1268,95,338.669921875,347.7470703125
1269,100,339.4052734375,159.7529296875
1270,95,342.6083984375,351.734375
1271,100,334.5361328125,158.05078125
1272,95,328.279296875,337.0009765625
1273,100,329.9130859375,156.6015625
1274,95,331.6201171875,340.2958984375
1275,100,338.62109375,160.1787109375
1276,95,345.630859375,354.7587890625
1277,99,345.384765625,162.400390625
1278,94,346.1728515625,303.71875
1279,99,342.2470703125,139.9326171875
1280,94,345.4306640625,302.9814453125
1281,99,328.6552734375,134.53125
1282,94,308.2587890625,271.681640625
1283,99,301.408203125,124.1904296875
1284,94,306.2099609375,270.0908203125
1285,99,309.1982421875,126.7900390625
1286,94,319.185546875,281.2880859375
1287,99,316.3984375,129.9970703125
1288,94,322.146484375,283.2783203125
1289,99,321.71484375,132.47265625
1290,94,334.9794921875,294.2392578125
1291,99,338.3662109375,138.826171875
1292,94,338.09765625,297.3076171875
1293,99,331.9033203125,137.4013671875
1294,94,338.048828125,297.3466796875
1295,99,339.9775390625,139.990234375
1296,94,341.904296875,300.9228515625
1297,89,700.53515625,299.580078125
1298,87,700.6298828125,212.3720703125
1299,88,718.1943359375,189.2666015625
1300,88,709.6748046875,198.6474609375
1301,88,707.8154296875,199.939453125
1302,88,716.1767578125,199.375
1303,87,726.3056640625,202.1953125
1304,87,737.828125,193.30859375
1305,87,739.6533203125,194.4853515625
1306,88,737.8349609375,190.765625
1307,87,744.8095703125,205.802734375
1308,87,750.884765625,195.7880859375
1309,87,756.701171875,197.0859375
1310,88,745.453125,191.935546875
1311,87,748.572265625,205.8447265625
1312,87,754.98828125,195.857421875
1313,86,770.857421875,201.248046875
1314,86,760.68359375,192.51953125
1315,86,765.21875,194.181640625
1316,86,764.0712890625,194.2763671875
1317,86,775.30078125,196.966796875
1318,86,766.4580078125,193.9736328125
1319,86,766.197265625,194.16796875
1320,86,783.1142578125,197.9951171875
1321,86,723.142578125,193.7138671875
1322,87,736.85546875,190.0390625
1323,87,732.091796875,193.4775390625
1324,87,726.1943359375,192.49609375
1325,87,735.49609375,195.5732421875
1326,87,737.9697265625,194.427734375
1327,87,732.9169921875,192.7822265625
1328,92,265.466796875,67.79296875
1329,97,265.4765625,93.548828125
1330,100,270.2802734375,172.6279296875
1331,95,272.4716796875,278.6162109375
1332,100,281.87890625,140.3876953125
1333,95,261.73046875,269.4970703125
1334,100,264.5302734375,132.873046875
1335,95,264.033203125,271.7939453125
1336,100,259.7919921875,130.26171875
1337,95,262.3134765625,269.6083984375
1338,100,268.83203125,134.234375
1339,95,274.548828125,281.9599609375
1340,100,274.6884765625,136.5107421875
1341,95,276.02734375,283.44140625
1342,100,271.1748046875,135.560546875
1343,95,275.66015625,282.5166015625
1344,100,276.7607421875,137.361328125
1345,95,278.2490234375,285.3955078125
1346,100,268.298828125,133.3583984375
1347,95,263.1328125,270.8671875
1348,100,261.1396484375,130.5126953125
1349,95,260.92578125,268.6943359375
1350,100,266.3076171875,132.9736328125
1351,95,274.421875,282.060546875
1352,100,285.4560546875,142.2529296875
1353,95,290.697265625,298.0009765625
1354,100,292.5556640625,145.12890625
1355,95,294.400390625,301.9814453125
1356,90,651.7607421875,316.1728515625
1357,87,652.2734375,218.8330078125
1358,89,655.7119140625,179.2080078125
1359,89,647.771484375,194.0166015625
1360,89,652.5078125,196.615234375
1361,89,658.5830078125,197.0693359375
1362,89,663.8203125,199.1806640625
1363,88,670.9462890625,201.1953125
1364,88,675.9404296875,196.359375
1365,88,693.00390625,198.5712890625
1366,88,690.78515625,196.283203125
1367,88,694.845703125,197.251953125
1368,88,694.4208984375,197.2802734375
1369,88,694.7470703125,196.7939453125
1370,88,693.064453125,196.603515625
1371,88,692.41015625,197.3359375
1372,88,702.98046875,199.1806640625
1373,88,685.2353515625,194.4375
1374,88,681.1162109375,193.4013671875
1375,88,682.7216796875,194.25
1376,88,693.5048828125,196.94921875
1377,88,680.3408203125,193.1953125
1378,89,674.24609375,191.8134765625
1379,89,665.8388671875,196.3212890625
1380,89,660.5458984375,195.068359375
1381,94,465.900390625,128.126953125
1382,99,360.25,149.236328125
1383,94,295.2607421875,264.9677734375
1384,99,238.3232421875,103.4970703125
1385,94,651.28515625,559.8876953125
1386,89,651.404296875,253.583984375
1387,92,671.4697265625,171.7998046875
1388,88,720.34375,224.41015625
1389,93,647.1162109375,158.3828125
1390,89,662.9365234375,224.2763671875
1391,93,655.31640625,165.8037109375
1392,88,688.744140625,233.5126953125
1393,92,685.0400390625,168.3076171875
1394,90,694.06640625,214.736328125
1395,90,702.8505859375,194.607421875
1396,90,713.1728515625,198.595703125
1397,89,721.41796875,201.1259765625
1398,90,720.693359375,185.2744140625
1399,89,724.099609375,201.98046875
1400,91,714.828125,183.818359375
1401,88,730.37890625,218.3779296875
1402,90,728.517578125,182.552734375
1403,90,695.3125,193.90625
1404,91,675.3193359375,186.2626953125
1405,91,666.205078125,194.2705078125
1406,92,641.228515625,188.0302734375
1407,91,646.1435546875,200.7216796875
1408,90,679.6640625,200.474609375
1409,90,709.2236328125,197.5693359375
1410,89,725.9755859375,202.4697265625
1411,90,738.3330078125,189.861328125
1412,88,746.140625,208.2392578125
1413,89,750.060546875,186.7421875
1414,89,760.5341796875,196.7744140625
1415,89,764.400390625,198.6611328125
1416,88,780.447265625,204.3115234375
1417,87,788.8046875,200.453125
1418,88,794.6923828125,189.296875
1419,87,795.849609375,201.8544921875
1420,88,794.0849609375,189.3017578125
1421,87,797.673828125,202.693359375
1422,88,799.6396484375,190.9794921875
1423,87,804.9453125,204.658203125
1424,87,806.8251953125,194.138671875
1425,87,814.6591796875,196.5927734375
1426,87,808.787109375,197.583984375
1427,87,812.7216796875,195.5556640625
1428,87,802.69140625,192.8935546875
1429,87,813.609375,195.5947265625
1430,87,813.10546875,198.26171875
1431,87,816.3369140625,196.841796875
1432,87,819.0947265625,198.326171875
1433,86,830.06640625,201.7734375
1434,86,824.8359375,195.8173828125
1435,87,815.982421875,190.2744140625
1436,87,817.2412109375,195.818359375
1437,87,814.943359375,196.7548828125
1438,87,807.55078125,192.666015625
1439,87,811.9609375,194.56640625
1440,87,810.451171875,196.07421875
1441,86,803.0078125,205.265625
1442,86,798.8818359375,193.259765625
1443,87,784.8798828125,188.5068359375
1444,87,796.3896484375,198.5009765625
1445,87,789.26953125,197.619140625
1446,87,790.59765625,196.6259765625
1447,87,780.138671875,192.865234375
1448,87,796.8828125,197.978515625
1449,87,787.6416015625,196.6875
1450,87,798.4111328125,198.6123046875
1451,87,790.3056640625,196.3486328125
1452,86,807.169921875,201.96484375
1453,86,799.341796875,194.4326171875
1454,86,809.00390625,196.21484375
1455,86,799.2177734375,193.0888671875
1456,86,815.7509765625,198.662109375
1457,86,808.8544921875,197.2060546875
1458,86,816.7822265625,198.990234375
1459,86,812.69921875,198.1064453125
1460,91,569.43359375,147.333984375
1461,92,570.181640625,186.30859375
1462,91,603.4873046875,202.7734375
1463,91,612.4638671875,192.8876953125
1464,92,611.541015625,190.7900390625
1465,91,612.525390625,201.685546875
1466,92,598.3193359375,190.4013671875
1467,91,622.9443359375,202.7705078125
1468,91,623.5615234375,192.60546875
1469,91,629.25390625,195.7783203125
1470,91,614.302734375,193.505859375
1471,91,648.5244140625,197.2509765625
1472,91,643.6337890625,199.0771484375
1473,90,665.2744140625,201.9921875
1474,91,672.884765625,191.21875
1475,91,670.224609375,199.0849609375
1476,91,678.3154296875,198.7119140625
1477,91,675.66015625,197.8955078125
