2986,35,1273.94140625,127.4150390625
2987,40,1273.9482421875,141.8642578125
2988,45,1274.2275390625,153.751953125
2989,49,1273.158203125,166.3828125
2990,51,1273.3095703125,177.0908203125
2991,53,1272.9501953125,178.29296875
2992,54,1274.3515625,185.8232421875
2993,55,1272.3095703125,186.8818359375
2994,56,1274.6181640625,189.328125
2995,56,1275.650390625,192.578125
2996,56,1274.94140625,192.2822265625
2997,57,1274.994140625,192.24609375
2998,57,1275.6396484375,196.0029296875
2999,57,1276.99609375,196.1669921875
3000,57,1277.2119140625,196.2373046875
3001,57,1277.791015625,196.228515625
3002,57,1277.818359375,196.2783203125
3003,57,1277.373046875,196.361328125
3004,57,1278.115234375,196.6318359375
3005,57,1278.361328125,196.755859375
3006,57,1278.6298828125,196.927734375
3007,57,1266.80078125,196.6005859375
3008,57,1261.015625,195.1767578125
3009,57,1258.103515625,195.125
3010,57,1261.9169921875,196.2958984375
3011,57,1261.4638671875,196.1748046875
3012,57,1263.208984375,195.955078125
3013,57,1263.818359375,196.0634765625
3014,57,1263.673828125,196.0283203125
3015,57,1264.6005859375,196.08984375
3016,57,1263.6943359375,195.76171875
3017,57,1263.4658203125,195.6083984375
3018,57,1264.197265625,195.447265625
3019,57,1264.748046875,195.6298828125
3020,57,1263.8916015625,195.375
3021,57,1264.27734375,195.388671875
3022,57,1264.9345703125,195.681640625
3023,57,1263.4931640625,195.2705078125
3024,57,1264.3984375,195.26171875
3025,57,1265.490234375,195.5654296875
3026,57,1264.646484375,195.3115234375
3027,57,1265.1328125,195.4599609375
3028,57,1266.037109375,195.6220703125
3029,57,1266.6171875,195.7470703125
3030,57,1266.220703125,195.7958984375
3031,57,1265.638671875,195.6923828125
3032,57,1265.7060546875,195.724609375
3033,57,1265.267578125,195.79296875
3034,57,1264.4736328125,195.6591796875
3035,57,1263.2919921875,195.291015625
3036,57,1262.7666015625,195.3388671875
3037,57,1262.8056640625,195.552734375
3038,57,1263.0859375,195.6865234375
3039,57,1256.76171875,195.2099609375
3040,57,1256.7548828125,195.4091796875
3041,57,1267.357421875,199.345703125
3042,57,1265.6640625,199.064453125
3043,57,1266.572265625,199.1474609375
3044,57,1267.0458984375,199.271484375
3045,57,1266.6708984375,199.1123046875
3046,57,1266.91015625,199.0869140625
3047,57,1268.314453125,199.0625
3048,57,1265.896484375,198.779296875
3049,57,1266.0556640625,198.798828125
3050,57,1267.0849609375,198.9814453125
3051,57,1266.0244140625,198.7333984375
3052,57,1266.58984375,198.7412109375
3053,57,1268.1708984375,199.0322265625
3054,57,1266.845703125,198.7197265625
3055,57,1266.970703125,198.62109375
3056,57,1267.54296875,198.7705078125
3057,57,1268.3037109375,198.51171875
3058,57,1266.6796875,198.20703125
3059,57,1266.849609375,198.248046875
3060,57,1267.2607421875,198.4345703125
3061,57,1267.833984375,198.365234375
3062,57,1268.2412109375,198.3408203125
3063,57,1269.2392578125,198.4970703125
3064,57,1270.119140625,198.5927734375
3065,57,1270.1728515625,198.583984375
3066,57,1270.6005859375,198.63671875
3067,57,1271.0166015625,198.6103515625
3068,57,1270.7861328125,198.64453125
3069,57,1271.3056640625,198.767578125
3070,57,1254.6064453125,198.041015625
3071,57,1256.890625,198.337890625
3072,57,1255.990234375,197.478515625
3073,57,1267.048828125,197.8115234375
3074,57,1277.455078125,199.1103515625
3075,57,1280.564453125,199.3798828125
3076,57,1281.5966796875,199.4287109375
3077,57,1282.3349609375,199.416015625
3078,57,1282.9853515625,199.462890625
3079,57,1281.2431640625,198.970703125
3080,57,1282.0068359375,198.9482421875
3081,57,1283.033203125,199.2001953125
3082,57,1281.72265625,198.9873046875
3083,57,1282.0693359375,198.8603515625
3084,57,1283.5087890625,199.125
3085,57,1281.5322265625,198.7255859375
3086,57,1281.4189453125,198.6376953125
3087,57,1282.5087890625,198.8544921875
3088,57,1279.6328125,198.33203125
3089,57,1279.392578125,198.1044921875
3090,57,1279.7353515625,198.37890625
3091,57,1280.56640625,198.3564453125
3092,57,1280.654296875,198.2919921875
3093,57,1277.6171875,197.66015625
3094,57,1277.458984375,197.7509765625
3095,57,1278.3193359375,198.087890625
3096,57,1276.0400390625,197.6982421875
3097,57,1276.19921875,197.6240234375
3098,57,1277.0791015625,197.9892578125
3099,57,1277.8984375,198.0
3100,57,1278.1708984375,198.033203125
3101,57,1277.64453125,197.927734375
3102,57,1264.7177734375,197.7705078125
3103,57,1264.8427734375,197.46484375
3104,57,1265.0029296875,197.8134765625
3105,57,1264.0,196.7861328125
3106,57,1271.30078125,196.76171875
3107,57,1278.40625,197.802734375
3108,57,1281.3154296875,197.9873046875
3109,57,1280.91015625,197.712890625
3110,57,1279.728515625,197.4384765625
3111,57,1280.158203125,197.5322265625
3112,57,1280.0810546875,197.4169921875
3113,57,1280.4423828125,197.33203125
3114,57,1281.3994140625,197.521484375
3115,57,1280.359375,197.1689453125
3116,57,1280.3349609375,197.2197265625
3117,57,1280.5185546875,197.384765625
3118,57,1279.08984375,197.0302734375
3119,57,1278.8642578125,197.0439453125
3120,57,1279.38671875,197.19140625
3121,57,1278.994140625,196.935546875
3122,57,1277.197265625,196.640625
3123,57,1277.2236328125,196.6015625
3124,57,1277.0244140625,196.86328125
3125,57,1275.6142578125,196.31640625
3126,57,1275.666015625,196.3779296875
3127,57,1276.296875,196.751953125
3128,57,1277.826171875,196.779296875
3129,57,1274.75390625,196.3154296875
3130,57,1274.876953125,196.353515625
3131,57,1275.5693359375,196.80859375
3132,57,1270.6259765625,196.125
3133,57,1267.068359375,196.2802734375
3134,57,1266.8203125,196.9931640625
3135,57,1266.9736328125,195.98046875
3136,57,1270.125,195.912109375
3137,57,1278.267578125,197.181640625
3138,57,1281.5791015625,197.3095703125
3139,57,1282.388671875,197.3486328125
3140,57,1282.50390625,197.2333984375
3141,57,1282.875,197.2978515625
3142,57,1282.234375,197.173828125
3143,57,1281.8662109375,196.9404296875
3144,57,1282.4833984375,196.9453125
3145,57,1283.5966796875,197.283203125
3146,57,1282.98046875,196.9619140625
3147,57,1282.9599609375,197.0927734375
3148,57,1283.3876953125,197.35546875
3149,57,1282.0947265625,197.06640625
3150,57,1282.70703125,197.0654296875
3151,57,1283.1748046875,197.28515625
3152,57,1281.0849609375,196.751953125
3153,57,1279.6416015625,196.5927734375
3154,57,1280.4208984375,197.1123046875
3155,57,1279.486328125,196.80078125
3156,57,1279.94140625,196.736328125
3157,57,1281.1787109375,197.1708984375
3158,57,1279.4912109375,196.7138671875
3159,57,1280.068359375,196.83984375
3160,57,1281.5419921875,197.181640625
3161,57,1279.7041015625,196.8251953125
3162,57,1279.95703125,196.8193359375
3163,57,1280.818359375,197.3583984375
3164,57,1281.6494140625,197.37890625
3165,57,1275.0458984375,196.796875
3166,57,1271.7958984375,196.7724609375
3167,57,1271.64453125,197.49609375
3168,57,1271.423828125,196.625
3169,57,1276.94140625,196.7705078125
3170,57,1283.287109375,197.408203125
3171,57,1285.6220703125,197.67578125
3172,57,1285.7802734375,197.6162109375
3173,57,1286.123046875,197.541015625
3174,57,1286.7578125,197.6962890625
3175,57,1286.05859375,197.5390625
3176,57,1286.681640625,197.453125
3177,57,1287.642578125,197.6806640625
3178,57,1286.7822265625,197.400390625
3179,57,1287.2392578125,197.576171875
3180,57,1288.2509765625,197.7373046875
3181,57,1287.232421875,197.609375
3182,57,1286.51171875,197.4814453125
3183,57,1288.2255859375,197.947265625
3184,57,1286.4677734375,197.849609375
3185,57,1286.3642578125,197.994140625
3186,57,1286.826171875,198.1865234375
3187,57,1285.171875,197.87109375
3188,57,1285.31640625,197.8671875
3189,57,1286.634765625,198.2763671875
3190,57,1285.634765625,198.0107421875
3191,57,1284.6826171875,198.0087890625
3192,57,1285.80078125,198.287109375
3193,57,1284.005859375,197.9453125
3194,57,1283.2236328125,197.8583984375
3195,57,1283.5712890625,198.046875
3196,57,1277.9892578125,197.599609375
3197,57,1272.1005859375,197.3349609375
3198,57,1268.8046875,197.662109375
3199,57,1267.2841796875,197.3349609375
3200,57,1268.3173828125,197.4775390625
3201,57,1256.755859375,197.40234375
3202,57,1256.7607421875,197.3935546875
3203,57,1258.5068359375,197.21875
3204,57,1258.69140625,197.29296875
3205,57,1259.923828125,197.12109375
3206,57,1259.302734375,196.9296875
3207,57,1260.05078125,196.9765625
3208,57,1261.083984375,197.2099609375
3209,57,1259.984375,196.9052734375
3210,57,1260.6689453125,196.927734375
3211,57,1261.4599609375,197.205078125
3212,57,1260.22265625,196.8623046875
3213,57,1259.7216796875,196.763671875
3214,57,1261.5458984375,197.2099609375
3215,57,1259.18359375,196.76171875
3216,57,1260.419921875,196.7744140625
3217,57,1262.0517578125,197.1630859375
3218,57,1260.431640625,196.8173828125
3219,57,1261.1923828125,196.8095703125
3220,57,1262.60546875,197.166015625
3221,57,1263.15234375,197.046875
3222,57,1263.287109375,197.224609375
3223,57,1263.6240234375,197.26171875
3224,57,1263.9912109375,197.306640625
3225,57,1264.798828125,197.44921875
3226,57,1265.07421875,197.5390625
3227,57,1265.6015625,197.572265625
3228,57,1251.42578125,197.599609375
3229,57,1251.9365234375,197.6259765625
3230,57,1253.1943359375,197.6943359375
3231,57,1257.06640625,197.814453125
3232,57,1260.501953125,198.21484375
3233,57,1260.5927734375,197.541015625
3234,57,1271.369140625,197.7412109375
3235,57,1278.7646484375,198.78125
3236,57,1278.056640625,198.5166015625
3237,57,1280.302734375,198.7158203125
3238,57,1281.3720703125,198.9013671875
3239,57,1281.005859375,198.76171875
3240,57,1281.2099609375,198.6494140625
3241,57,1282.3720703125,198.8447265625
3242,57,1283.212890625,198.900390625
3243,57,1282.1474609375,198.7900390625
3244,57,1283.0068359375,198.697265625
3245,57,1284.2431640625,199.0546875
3246,57,1282.5322265625,198.6357421875
3247,57,1283.51953125,198.884765625
3248,57,1284.76953125,199.0791015625
3249,57,1285.0,199.076171875
3250,57,1285.67578125,199.1630859375
3251,57,1285.9619140625,199.0810546875
3252,57,1285.7578125,199.1962890625
3253,57,1285.595703125,199.2060546875
3254,57,1285.818359375,199.326171875
3255,57,1285.9033203125,199.134765625
3256,57,1286.599609375,199.267578125
3257,57,1287.0537109375,199.3330078125
3258,57,1286.8642578125,199.162109375
3259,57,1278.4482421875,199.1083984375
3260,57,1279.6171875,199.3701171875
3261,57,1279.984375,199.4482421875
3262,57,1280.5400390625,199.6337890625
3263,57,1281.5947265625,199.73828125
3264,57,1282.705078125,199.873046875
3265,57,1281.39453125,199.181640625
3266,57,1283.1865234375,199.392578125
3267,56,1287.85546875,200.0517578125
3268,56,1286.8427734375,196.244140625
3269,56,1287.9189453125,196.4423828125
3270,56,1288.310546875,196.384765625
3271,56,1288.158203125,196.0751953125
3272,56,1288.8603515625,196.3916015625
3273,56,1289.865234375,196.7041015625
3274,56,1288.529296875,196.263671875
3275,56,1288.73828125,196.3603515625
3276,56,1289.9013671875,196.68359375
3277,56,1288.296875,196.26171875
3278,56,1287.64453125,195.93359375
3279,56,1288.0830078125,196.54296875
3280,56,1288.1669921875,196.171875
3281,56,1288.3251953125,195.876953125
3282,56,1289.32421875,195.9833984375
3283,56,1287.576171875,195.6181640625
3284,56,1287.0732421875,195.615234375
3285,56,1288.171875,195.94140625
3286,56,1286.5712890625,195.58203125
3287,56,1285.8046875,195.560546875
3288,56,1286.68359375,195.9658203125
3289,56,1282.341796875,195.220703125
3290,56,1278.52734375,195.2412109375
3291,56,1279.9638671875,195.9541015625
3292,56,1277.888671875,195.466796875
3293,56,1279.0830078125,195.4375
3294,56,1280.9365234375,195.9189453125
3295,56,1279.4189453125,195.3720703125
3296,56,1283.0068359375,195.2900390625
3297,56,1289.091796875,196.0869140625
3298,56,1288.3740234375,195.912109375
3299,56,1289.6435546875,195.9248046875
3300,56,1290.5556640625,196.095703125
3301,56,1290.50390625,195.8955078125
3302,56,1290.693359375,195.994140625
3303,56,1291.67578125,196.2275390625
3304,56,1290.7392578125,195.9306640625
3305,56,1290.8037109375,195.888671875
3306,56,1291.9892578125,196.1552734375
3307,56,1290.361328125,195.8408203125
3308,56,1290.0693359375,195.8037109375
3309,56,1290.6181640625,196.166015625
3310,56,1288.7919921875,195.78125
3311,56,1287.6015625,195.6142578125
3312,56,1287.92578125,195.8583984375
3313,56,1286.03125,195.5478515625
3314,56,1286.525390625,195.427734375
3315,56,1287.8046875,195.767578125
3316,56,1286.5224609375,195.6083984375
3317,56,1287.3056640625,195.70703125
3318,56,1288.724609375,196.013671875
3319,56,1287.0126953125,195.6708984375
3320,56,1285.7392578125,195.8505859375
3321,56,1287.5078125,196.2587890625
3322,56,1282.6552734375,195.64453125
3323,56,1278.587890625,195.5068359375
3324,56,1279.2568359375,196.189453125
3325,56,1278.359375,195.861328125
3326,56,1279.6240234375,195.7958984375
3327,56,1281.4052734375,196.1865234375
3328,56,1284.9306640625,196.3212890625
3329,56,1293.681640625,196.423828125
3330,56,1292.75390625,196.208984375
3331,56,1294.4736328125,196.140625
3332,56,1295.5341796875,196.375
3333,56,1295.3212890625,196.2548828125
3334,56,1295.5908203125,196.1640625
3335,56,1296.28125,196.3291015625
3336,56,1295.52734375,196.1953125
3337,56,1295.9169921875,196.2421875
3338,56,1296.2880859375,196.4111328125
3339,56,1295.380859375,196.255859375
3340,56,1295.6533203125,196.24609375
3341,56,1296.3076171875,196.505859375
3342,56,1295.0888671875,196.1953125
3343,56,1294.384765625,196.0986328125
3344,56,1294.5205078125,196.2841796875
3345,56,1291.548828125,195.787109375
3346,56,1289.982421875,195.64453125
3347,56,1290.205078125,195.8955078125
3348,56,1289.55078125,195.6435546875
3349,56,1287.7783203125,195.619140625
3350,56,1287.8681640625,195.775390625
3351,56,1286.2294921875,195.4814453125
3352,56,1285.671875,195.4951171875
3353,56,1285.8115234375,195.6005859375
3354,56,1280.330078125,195.2216796875
3355,56,1275.2900390625,195.025390625
3356,56,1272.33203125,195.3046875
3357,56,1271.8984375,195.1044921875
3358,56,1271.8251953125,195.2646484375
3359,56,1271.5458984375,195.24609375
3360,56,1271.3984375,195.2294921875
3361,56,1248.6259765625,194.521484375
3362,56,1251.884765625,194.16796875
3363,56,1251.8486328125,194.220703125
3364,56,1252.5244140625,194.2685546875
3365,56,1252.2255859375,194.046875
3366,56,1251.595703125,193.9541015625
3367,56,1252.2626953125,194.0615234375
3368,56,1251.556640625,193.921875
3369,56,1251.5771484375,193.9912109375
3370,56,1251.99609375,194.1923828125
3371,56,1251.0849609375,193.98828125
3372,56,1250.876953125,193.9501953125
3373,56,1250.8642578125,194.2666015625
3374,56,1250.712890625,194.0771484375
3375,56,1251.0859375,194.0185546875
3376,56,1250.5732421875,194.2490234375
3377,56,1249.2392578125,193.8486328125
3378,56,1251.1923828125,193.888671875
3379,56,1253.0263671875,194.3115234375
3380,56,1253.89453125,194.3369140625
3381,56,1254.7470703125,194.3408203125
3382,56,1253.2001953125,194.140625
3383,56,1253.6806640625,194.1181640625
3384,56,1254.69921875,194.458984375
3385,56,1248.5439453125,193.75
3386,56,1247.37109375,193.5673828125
3387,56,1247.2958984375,194.1953125
3388,56,1245.42578125,193.8955078125
3389,56,1247.5830078125,193.9873046875
3390,56,1248.9453125,194.36328125
3391,56,1254.033203125,194.60546875
3392,56,1259.21484375,194.8125
3393,56,1257.970703125,194.234375
3394,56,1265.431640625,194.1943359375
3395,56,1268.75390625,194.6650390625
3396,56,1269.3251953125,194.51953125
3397,56,1271.0947265625,194.5830078125
3398,56,1272.173828125,194.8525390625
3399,56,1271.90234375,194.5859375
3400,56,1272.505859375,194.5703125
3401,56,1273.197265625,194.7578125
3402,56,1272.4140625,194.544921875
3403,56,1273.1201171875,194.5068359375
3404,56,1273.4072265625,194.75390625
3405,56,1272.361328125,194.3818359375
3406,56,1272.74609375,194.349609375
3407,56,1273.1611328125,194.7236328125
3408,56,1270.90234375,194.23046875
3409,56,1271.271484375,194.1845703125
3410,56,1272.6572265625,194.4677734375
3411,56,1271.9033203125,194.0966796875
3412,56,1273.0224609375,194.1904296875
3413,56,1273.9609375,194.5849609375
3414,56,1272.60546875,194.3173828125
3415,56,1272.498046875,194.3662109375
3416,56,1273.8720703125,194.7529296875
3417,56,1268.5234375,194.1103515625
3418,56,1264.3115234375,194.044921875
3419,56,1265.599609375,194.8115234375
3420,56,1264.2470703125,194.533203125
3421,56,1265.931640625,194.685546875
3422,56,1267.28125,194.9501953125
3423,56,1268.6142578125,195.1162109375
3424,56,1268.2236328125,194.5166015625
3425,56,1274.6533203125,194.3779296875
3426,56,1279.4931640625,195.0849609375
3427,56,1278.986328125,194.853515625
3428,56,1280.4501953125,194.7958984375
3429,56,1281.650390625,194.892578125
3430,56,1280.701171875,194.71875
3431,56,1281.0400390625,194.70703125
3432,56,1281.55078125,194.9775390625
3433,56,1280.015625,194.736328125
3434,56,1280.1728515625,194.607421875
3435,56,1280.8935546875,194.822265625
3436,56,1279.6318359375,194.58984375
3437,56,1279.51171875,194.6005859375
3438,56,1280.294921875,194.791015625
3439,56,1280.34765625,194.796875
3440,56,1280.2265625,194.759765625
3441,56,1276.4560546875,194.0986328125
3442,56,1276.2373046875,193.953125
3443,56,1276.9755859375,194.2861328125
3444,56,1279.0400390625,194.33984375
3445,56,1277.921875,194.19921875
3446,56,1277.75390625,194.296875
3447,56,1278.71875,194.408203125
3448,56,1275.91015625,194.5869140625
3449,56,1273.88671875,194.212890625
3450,56,1274.9326171875,194.2412109375
3451,56,1276.6357421875,194.7333984375
3452,56,1275.953125,194.5546875
3453,56,1277.9189453125,194.6484375
3454,56,1278.8056640625,194.7880859375
3455,56,1280.189453125,194.94921875
3456,56,1281.18359375,195.0673828125
3457,56,1278.7890625,194.4736328125
3458,56,1282.5498046875,194.48046875
3459,56,1285.6142578125,195.00390625
3460,56,1285.8876953125,194.9833984375
3461,56,1286.34375,194.91796875
3462,56,1286.80859375,195.08984375
3463,56,1286.478515625,194.818359375
3464,56,1286.46484375,194.9462890625
3465,56,1287.1533203125,195.22265625
3466,56,1286.291015625,195.0830078125
3467,56,1285.9091796875,194.947265625
3468,56,1286.2109375,195.138671875
3469,56,1284.9296875,194.6982421875
3470,56,1284.736328125,194.7978515625
3471,56,1285.302734375,195.0283203125
3472,56,1282.3935546875,194.38671875
3473,56,1281.455078125,194.28125
3474,56,1283.15625,194.8125
3475,56,1282.021484375,194.5078125
3476,56,1282.15234375,194.5068359375
969,61,733.615234375,113.1005859375
970,66,733.9169921875,121.0986328125
971,71,750.7939453125,134.03125
972,76,777.27734375,152.033203125
973,79,794.689453125,170.857421875
974,80,801.416015625,185.71875
975,81,808.486328125,191.8837890625
976,83,758.4794921875,181.697265625
977,84,733.7890625,186.0859375
978,86,707.34375,180.9326171875
979,86,707.4423828125,193.35546875
980,86,707.07421875,193.095703125
981,87,699.3671875,190.1748046875
982,88,692.7705078125,191.6875
983,87,692.8125,201.6640625
984,88,694.5673828125,190.1591796875
985,87,695.4462890625,201.4326171875
986,88,706.3759765625,191.7216796875
987,87,708.322265625,204.109375
988,87,716.9501953125,193.7734375
989,87,716.978515625,193.490234375
990,87,711.859375,192.818359375
991,88,701.3984375,190.7861328125
992,87,698.8701171875,201.6826171875
993,88,687.12109375,188.087890625
994,88,676.6572265625,196.9140625
995,88,667.951171875,193.78125
996,89,651.8203125,190.5615234375
997,89,641.9775390625,194.7734375
998,89,637.6044921875,193.998046875
999,89,632.373046875,193.1484375
1000,90,630.2978515625,191.365234375
1001,89,636.23828125,207.48046875
1002,92,545.9716796875,174.451171875
1003,92,525.560546875,195.0029296875
1004,94,477.0009765625,179.986328125
1005,92,463.791015625,207.8232421875
1006,96,453.5888671875,168.779296875
1007,91,435.68359375,242.07421875
1008,96,428.3505859375,149.08203125
1009,91,423.798828125,231.3642578125
1010,96,435.22265625,147.4150390625
1011,91,435.1005859375,234.89453125
1012,96,443.33203125,149.755859375
1013,91,439.85546875,237.7607421875
1014,96,446.0009765625,150.875
1015,91,462.572265625,248.5703125
1016,96,455.9208984375,152.5888671875
1017,91,460.1181640625,248.6875
1018,96,486.4375,160.0078125
1019,91,464.3505859375,251.39453125
1020,96,461.7392578125,155.8466796875
1021,91,457.916015625,250.666015625
1022,96,448.138671875,151.59375
1023,91,437.455078125,239.119140625
1024,96,425.5654296875,146.5302734375
1025,92,408.2177734375,225.638671875
1026,97,395.5693359375,145.9990234375
1027,92,376.1376953125,234.6953125
1028,97,353.966796875,130.390625
1029,94,351.6552734375,222.3095703125
1030,99,357.1220703125,158.6845703125
1031,94,344.240234375,307.751953125
1032,99,357.7578125,157.5556640625
1033,94,366.62890625,327.43359375
1034,98,383.642578125,168.9853515625
1035,93,413.7080078125,289.23046875
1036,96,445.912109375,172.2158203125
1037,91,475.1416015625,255.5234375
1038,96,490.6142578125,160.708984375
1039,91,503.4775390625,268.5185546875
1040,95,512.7958984375,167.2412109375
1041,90,512.390625,243.068359375
1042,94,518.509765625,161.5166015625
1043,91,526.802734375,220.361328125
1044,94,533.109375,174.1884765625
1045,91,531.189453125,221.9091796875
1046,94,523.8349609375,170.5673828125
1047,92,510.0830078125,212.841796875
1048,95,501.8486328125,172.1220703125
1049,90,493.0,234.0068359375
1050,95,482.845703125,151.154296875
1051,90,485.0966796875,232.2470703125
1052,95,485.4091796875,154.447265625
1053,90,484.3583984375,233.119140625
1054,95,492.0615234375,155.9658203125
1055,90,503.7197265625,240.6064453125
1056,95,468.966796875,154.69921875
1057,90,465.353515625,231.5380859375
1058,95,465.3037109375,156.9658203125
1059,90,499.0361328125,251.896484375
1060,91,537.732421875,184.63671875
1061,92,510.7421875,185.8203125
1062,91,554.7861328125,206.671875
1063,91,560.0029296875,196.8994140625
1064,91,562.734375,196.7060546875
1065,91,568.6533203125,198.12109375
1066,91,574.1953125,199.6806640625
1067,90,581.0498046875,201.4375
1068,90,592.423828125,194.5107421875
1069,90,594.8232421875,195.23046875
1070,90,600.21484375,197.125
1071,90,607.3486328125,198.9990234375
1072,89,616.6376953125,201.4013671875
1073,90,625.1806640625,189.3564453125
1074,89,639.6787109375,207.201171875
1075,89,655.6806640625,197.376953125
1076,88,672.365234375,201.62109375
1077,88,673.6171875,196.1943359375
1078,88,672.4130859375,196.3388671875
1079,88,665.8359375,196.3115234375
1080,88,667.0810546875,197.583984375
1081,85,757.052734375,219.92578125
1082,87,705.0703125,181.4228515625
1083,87,691.111328125,193.0244140625
1084,88,689.392578125,191.451171875
1085,87,684.1298828125,202.474609375
1086,88,672.9462890625,189.5751953125
1087,88,664.9052734375,198.521484375
1088,88,663.3505859375,196.869140625
1089,88,654.2578125,194.3759765625
1090,88,662.6640625,194.7626953125
1091,89,654.2236328125,191.69921875
1092,89,646.9951171875,196.1279296875
1093,89,648.12890625,196.294921875
1094,89,637.484375,194.2333984375
1095,90,626.583984375,191.9892578125
1096,89,626.083984375,204.9833984375
1097,90,615.095703125,187.4443359375
1098,90,599.552734375,196.861328125
1099,90,590.7255859375,194.033203125
1100,91,584.9736328125,190.904296875
1101,91,575.494140625,195.9609375
1102,92,561.419921875,191.6826171875
1103,91,565.5869140625,202.4658203125
1104,91,564.5556640625,193.466796875
1105,92,556.3291015625,190.1220703125
1106,92,557.9169921875,199.296875
1107,91,566.9814453125,201.1513671875
1108,92,561.9443359375,189.4736328125
1109,92,562.3017578125,197.85546875
1110,92,562.9169921875,198.125
1111,91,573.1865234375,201.822265625
1112,91,590.2890625,197.04296875
1113,90,602.3232421875,201.0869140625
1114,90,621.3388671875,198.150390625
1115,89,645.6630859375,205.64453125
1116,89,670.8173828125,197.4208984375
1117,88,672.9716796875,201.0302734375
1118,88,698.0078125,199.7099609375
1119,87,707.7177734375,203.3349609375
1120,87,719.4453125,195.7724609375
1121,87,732.7001953125,199.3359375
1122,86,736.7763671875,201.26171875
1123,86,747.8076171875,197.5927734375
1124,86,751.9462890625,199.39453125
1125,85,762.3447265625,200.6494140625
1126,86,763.4228515625,191.822265625
1127,85,764.2158203125,200.5625
1128,86,763.4765625,190.931640625
1129,85,768.3486328125,200.736328125
1130,86,755.375,187.9931640625
1131,86,715.806640625,193.55859375
1132,86,756.5419921875,194.8173828125
1133,86,732.5068359375,194.15625
1134,86,754.51953125,192.3564453125
1135,86,741.533203125,192.818359375
1136,87,752.4140625,191.4736328125
1137,87,738.009765625,197.3935546875
1138,87,750.431640625,195.80859375
1139,87,729.8818359375,195.9169921875
1140,87,745.9833984375,194.7294921875
1141,87,729.849609375,195.6298828125
1142,87,742.5419921875,194.4697265625
1143,87,726.9580078125,194.7666015625
1144,87,747.759765625,196.5556640625
1145,87,751.861328125,196.06640625
1146,87,753.953125,195.33203125
1147,87,747.3828125,193.314453125
1148,88,732.232421875,191.2138671875
1149,87,732.12109375,202.2666015625
1150,88,722.3115234375,188.9404296875
1151,88,715.9072265625,199.1708984375
1152,88,712.6943359375,198.8623046875
1153,88,710.47265625,197.9873046875
1154,88,694.6103515625,194.4501953125
1155,88,696.3173828125,194.2236328125
1156,89,655.802734375,190.603515625
1157,89,683.01171875,199.7724609375
1158,89,662.890625,194.08203125
1159,90,646.5361328125,189.6591796875
1160,90,629.6572265625,199.51171875
1161,89,638.916015625,200.029296875
1162,90,642.8125,186.8203125
1163,89,646.2509765625,202.7119140625
1164,90,647.9296875,188.8388671875
1165,89,641.7763671875,201.728515625
1166,90,651.9033203125,186.38671875
1167,90,627.6865234375,198.865234375
1168,90,627.126953125,198.703125
1169,89,660.7646484375,202.8935546875
1170,90,643.0693359375,187.3837890625
1171,90,650.1611328125,199.8671875
1172,90,627.2939453125,197.6357421875
1173,89,657.73046875,204.2802734375
1174,90,642.84375,189.9384765625
1175,87,701.9130859375,216.927734375
1176,89,680.169921875,181.9130859375
1177,88,705.4609375,201.1650390625
1178,88,684.8701171875,193.2744140625
1179,88,708.544921875,198.1962890625
1180,87,721.875,204.6201171875
1181,86,740.0888671875,200.7666015625
1182,87,689.68359375,186.708984375
1183,87,730.353515625,198.779296875
1184,86,742.052734375,203.4638671875
1185,85,761.30078125,201.4208984375
1186,86,725.5439453125,188.5205078125
1187,85,768.3662109375,203.6826171875
1188,85,774.25,194.208984375
1189,85,781.302734375,196.0625
1190,85,760.69921875,193.8076171875
1191,85,780.943359375,194.8984375
1192,85,779.228515625,194.380859375
1193,85,786.009765625,195.9033203125
1194,85,766.4609375,194.326171875
1195,86,771.3349609375,191.4521484375
1196,85,760.9775390625,201.9541015625
1197,86,754.6806640625,187.474609375
1198,86,750.30859375,195.9306640625
1199,86,754.259765625,197.052734375
1200,86,722.041015625,194.1103515625
1201,85,766.8203125,206.046875
1202,86,775.01171875,188.1865234375
1203,86,751.06640625,196.8603515625
1204,87,735.9501953125,190.751953125
1205,87,726.669921875,194.85546875
1206,87,724.294921875,195.8359375
1207,87,706.56640625,193.279296875
1208,88,711.69921875,191.2021484375
1209,88,704.4365234375,198.208984375
1210,88,694.568359375,197.3720703125
1211,88,705.69921875,194.4677734375
1212,88,706.7060546875,193.8232421875
1213,88,683.521484375,192.2734375
1214,89,691.6650390625,188.623046875
1215,89,691.6806640625,198.96484375
1216,88,710.970703125,200.921875
1217,88,709.8076171875,193.3759765625
1218,89,707.4482421875,191.693359375
1219,89,691.4052734375,195.2265625
1220,89,690.7060546875,193.302734375
1221,90,687.859375,188.560546875
1222,89,655.2470703125,201.4208984375
1223,90,676.9892578125,186.3642578125
1224,89,651.943359375,200.611328125
1225,90,679.4541015625,189.7568359375
1226,89,687.693359375,206.150390625
1227,89,694.75,193.1064453125
1228,89,702.798828125,195.025390625
1229,89,708.3828125,197.1162109375
1230,89,715.3720703125,199.4990234375
1231,88,725.0,201.9892578125
1232,88,723.9365234375,195.8427734375
1233,88,739.4921875,199.83203125
1234,87,761.263671875,205.0224609375
1235,87,734.2841796875,192.626953125
1236,86,784.994140625,201.125
1237,86,791.134765625,196.71484375
1238,86,789.4921875,197.08203125
1239,86,765.27734375,194.1611328125
1240,86,772.1787109375,196.095703125
1241,87,746.603515625,189.396484375
1242,87,745.3603515625,194.2294921875
1243,87,754.017578125,197.09765625
1244,92,615.3671875,160.8798828125
1245,88,691.4833984375,228.31640625
1246,88,716.078125,193.9345703125
1247,87,736.095703125,201.7421875
1248,87,754.572265625,196.044921875
1249,87,747.423828125,195.14453125
1250,88,739.7646484375,191.640625
1251,87,731.1982421875,200.7822265625
1252,88,746.2978515625,191.6611328125
1253,87,751.8544921875,206.9853515625
1254,87,772.123046875,199.53515625
1255,86,788.3955078125,205.2099609375
1256,85,804.8583984375,202.9833984375
1257,85,816.5400390625,197.5234375
1258,84,824.8515625,201.0283203125
1259,84,834.224609375,197.4150390625
1260,83,845.3984375,201.0302734375
1261,83,843.5908203125,193.9619140625
1262,83,846.505859375,194.9775390625
1263,83,850.20703125,196.9267578125
1264,83,850.376953125,198.1904296875
1265,83,848.37109375,196.677734375
1266,83,833.6474609375,196.087890625
1267,83,823.111328125,194.423828125
1268,83,822.0654296875,192.6240234375
1269,84,812.099609375,190.69921875
1270,84,808.318359375,194.0517578125
1271,84,804.59375,194.3935546875
1272,84,808.31640625,194.173828125
1273,84,810.9501953125,195.4765625
1274,84,818.9345703125,198.5537109375
1275,83,824.9931640625,201.5517578125
1276,83,830.5185546875,196.720703125
1277,83,837.04296875,198.2236328125
1278,83,839.5927734375,198.404296875
1279,83,837.4365234375,198.3310546875
1280,83,846.150390625,199.708984375
1281,82,851.2353515625,200.537109375
1282,82,858.572265625,192.7587890625
1283,82,863.16796875,192.6103515625
1284,83,846.8994140625,191.1220703125
1285,82,860.3466796875,201.5009765625
1286,82,855.5400390625,193.0673828125
1287,82,875.6162109375,195.7646484375
1288,81,893.873046875,202.07421875
1289,81,874.4873046875,195.56640625
1290,80,909.84375,201.4384765625
1291,79,932.1953125,201.2197265625
1292,78,946.6943359375,200.0517578125
1293,78,923.9775390625,195.59765625
1294,78,954.4609375,198.7265625
1295,78,950.865234375,197.1884765625
1296,78,956.57421875,198.91796875
1297,78,937.138671875,197.509765625
1298,78,937.21875,197.49609375
1299,77,958.380859375,200.2041015625
1300,78,944.5703125,189.9970703125
1301,78,949.51953125,197.79296875
1302,78,945.8486328125,196.2255859375
1303,78,947.0751953125,198.298828125
1304,78,956.5751953125,199.935546875
1305,77,953.4697265625,200.1689453125
1306,77,947.6015625,194.392578125
1307,77,953.2177734375,195.3740234375
1308,77,957.1123046875,195.4658203125
1309,77,960.6962890625,195.8798828125
1310,77,955.2587890625,195.462890625
1311,77,963.7998046875,196.3916015625
1312,77,963.0361328125,195.28515625
1313,77,950.966796875,196.8212890625
1314,77,964.671875,196.9169921875
1315,77,961.2138671875,198.400390625
1316,77,978.595703125,199.9921875
1317,76,989.9345703125,203.1826171875
1318,76,1001.7412109375,199.2265625
1319,76,962.5283203125,195.3984375
1320,76,991.0361328125,198.423828125
1321,73,1065.3095703125,220.2216796875
1322,72,1099.3974609375,200.8828125
1323,72,1109.2294921875,198.9677734375
1324,72,1086.35546875,195.322265625
1325,72,1099.1796875,198.7919921875
1326,72,1077.5625,195.6884765625
1327,72,1090.029296875,199.009765625
1328,72,1086.59375,197.9853515625
1329,72,1090.25390625,198.05859375
1330,71,1099.1982421875,200.5693359375
1331,71,1088.0966796875,197.9619140625
1332,71,1076.60546875,194.9091796875
1333,71,1093.1962890625,198.677734375
1334,71,1092.859375,198.595703125
1335,71,1078.9296875,195.9970703125
1336,71,1087.5498046875,198.0439453125
1337,71,1084.9296875,198.701171875
1338,71,1069.671875,194.7939453125
1339,71,1084.0498046875,198.2529296875
1340,71,1066.185546875,194.2509765625
1341,71,1081.4384765625,197.935546875
1342,71,1068.6318359375,194.6416015625
1343,71,1081.9501953125,197.953125
1344,71,1071.0458984375,195.0771484375
1345,71,1085.77734375,198.44140625
1346,71,1065.4765625,194.7080078125
1347,71,1083.455078125,198.99609375
1348,71,1061.5400390625,194.2236328125
1349,71,1078.302734375,198.0400390625
1350,71,1060.2529296875,193.6162109375
1351,71,1075.1279296875,197.1494140625
1352,71,1060.83203125,194.16796875
1353,71,1077.07421875,197.626953125
1354,71,1061.541015625,194.107421875
1355,71,1076.767578125,197.8720703125
1356,71,1061.4052734375,194.0888671875
1357,71,1076.9052734375,198.0419921875
1358,71,1058.67578125,194.4716796875
1359,71,1070.25,197.8818359375
1360,71,1072.533203125,196.83984375
1361,71,1082.19921875,197.9462890625
1362,70,1096.39453125,201.205078125
1363,70,1081.9267578125,196.3583984375
1364,70,1092.70703125,196.1533203125
1365,70,1090.2216796875,195.607421875
1366,70,1102.5966796875,197.4990234375
1367,70,1094.2744140625,196.94140625
1368,70,1074.6025390625,192.646484375
1369,70,1094.8701171875,196.7373046875
1370,70,1093.5693359375,196.638671875
1371,70,1075.8955078125,193.458984375
1372,70,1081.9970703125,194.1171875
1373,70,1079.9541015625,194.7841796875
1374,70,1077.666015625,192.951171875
1375,71,1075.70703125,191.779296875
1376,71,1089.818359375,198.1201171875
1377,71,1078.068359375,197.91015625
