366,35,1324.3056640625,160.810546875
367,37,1328.75390625,181.2255859375
368,38,1323.5556640625,185.7470703125
369,39,1321.55859375,190.541015625
370,39,1322.62890625,194.6455078125
371,39,1319.6328125,193.1533203125
372,39,1321.4990234375,193.5224609375
373,39,1324.078125,195.0341796875
374,39,1326.3349609375,194.9921875
375,39,1320.169921875,193.1005859375
376,39,1319.77734375,192.77734375
377,39,1327.57421875,195.3125
378,39,1324.076171875,193.6171875
379,39,1326.41015625,193.9052734375
380,39,1329.271484375,195.51171875
381,39,1322.2783203125,193.8701171875
382,39,1323.7119140625,193.1220703125
383,39,1330.22265625,195.2099609375
384,39,1326.3544921875,193.287109375
385,39,1326.3876953125,193.931640625
386,39,1330.669921875,195.5087890625
387,39,1325.10546875,193.65625
388,39,1327.1728515625,194.3857421875
389,39,1328.7744140625,195.4794921875
390,39,1323.7177734375,193.7998046875
391,39,1320.7353515625,193.634765625
392,39,1325.9755859375,195.361328125
393,39,1322.4443359375,194.109375
394,39,1325.060546875,194.39453125
395,39,1330.6220703125,196.0546875
396,39,1328.236328125,194.9404296875
397,39,1322.3115234375,193.6201171875
398,39,1331.7451171875,195.7939453125
399,39,1322.03125,193.333984375
400,39,1322.6962890625,193.23046875
401,39,1329.12890625,194.689453125
402,39,1322.5498046875,193.052734375
403,39,1323.1279296875,193.390625
404,39,1332.8017578125,195.2578125
405,39,1327.4423828125,193.5654296875
406,39,1327.4306640625,193.5107421875
407,39,1331.86328125,194.9384765625
408,39,1323.05078125,192.8037109375
409,39,1325.2431640625,192.9306640625
410,39,1327.51171875,193.96875
411,39,1321.634765625,192.4931640625
412,39,1323.4345703125,192.6513671875
413,39,1329.0185546875,194.2890625
414,40,1321.2744140625,192.1181640625
415,40,1321.62109375,193.923828125
416,40,1326.626953125,195.4208984375
417,40,1323.2958984375,194.2099609375
418,40,1324.11328125,194.396484375
419,40,1327.51171875,195.7431640625
420,40,1325.8876953125,194.759765625
421,40,1321.388671875,194.45703125
422,40,1324.2109375,195.5517578125
423,40,1324.0703125,195.029296875
424,40,1326.3212890625,195.2294921875
425,40,1329.1416015625,196.26171875
426,40,1325.7822265625,195.16015625
427,40,1325.9072265625,195.1318359375
428,40,1329.27734375,196.1162109375
429,40,1328.3896484375,195.27734375
430,40,1331.2958984375,195.716796875
431,40,1334.7255859375,196.716796875
432,40,1334.0078125,196.0849609375
433,40,1335.3564453125,196.4228515625
434,40,1337.306640625,197.10546875
435,40,1333.646484375,196.0927734375
436,40,1336.8251953125,196.609375
437,40,1338.6201171875,197.302734375
438,40,1337.0302734375,196.8271484375
439,40,1336.1787109375,196.306640625
440,40,1339.5009765625,197.3916015625
441,40,1338.375,196.892578125
442,40,1337.5439453125,196.7685546875
443,40,1339.36328125,197.5439453125
444,40,1338.462890625,196.958984375
445,40,1337.9853515625,196.9375
446,40,1339.8125,197.6943359375
447,40,1338.595703125,196.95703125
448,40,1338.455078125,196.96875
449,40,1339.193359375,197.6044921875
450,40,1337.7890625,196.6484375
451,40,1334.7021484375,196.5361328125
452,40,1334.115234375,197.0927734375
453,40,1330.0810546875,195.6494140625
454,40,1327.490234375,194.8720703125
455,40,1327.7392578125,195.55859375
456,40,1325.6318359375,194.638671875
457,40,1325.4794921875,194.552734375
458,40,1324.9873046875,195.1416015625
459,40,1320.7578125,193.607421875
460,40,1320.6376953125,193.509765625
461,40,1321.2919921875,194.2255859375
462,40,1318.31640625,193.24609375
463,40,1318.6298828125,193.0537109375
464,40,1319.4375,193.689453125
465,40,1319.12890625,193.1171875
466,40,1322.3330078125,193.2099609375
467,40,1323.927734375,193.1044921875
468,41,1319.5693359375,191.9189453125
469,41,1318.69921875,196.7099609375
470,41,1318.8115234375,197.0634765625
471,41,1318.6259765625,196.5400390625
472,41,1317.56640625,196.13671875
473,41,1316.2138671875,196.1005859375
474,41,1314.9140625,196.07421875
475,41,1315.755859375,195.87890625
476,41,1315.220703125,195.798828125
477,41,1315.3896484375,196.0576171875
478,41,1314.3828125,195.806640625
479,41,1314.2861328125,195.8076171875
480,41,1314.5068359375,195.9765625
481,40,1313.7119140625,202.236328125
482,40,1320.642578125,196.8818359375
483,40,1318.421875,196.486328125
484,40,1315.5322265625,195.580078125
485,40,1316.830078125,195.783203125
486,40,1318.0546875,196.1630859375
487,40,1314.451171875,195.2587890625
488,40,1314.2060546875,195.0361328125
489,40,1316.0625,195.626953125
490,40,1314.3828125,195.2177734375
491,40,1316.3564453125,195.169921875
492,40,1318.1689453125,195.7353515625
493,40,1316.033203125,195.2763671875
494,40,1316.298828125,195.3583984375
495,40,1317.419921875,195.7802734375
496,40,1317.677734375,196.0419921875
497,40,1316.8134765625,195.587890625
498,40,1317.8388671875,195.650390625
499,40,1319.41796875,196.310546875
500,40,1315.75,195.400390625
501,40,1315.23046875,195.2333984375
502,40,1316.5810546875,195.9580078125
503,40,1313.466796875,195.623046875
504,40,1311.4033203125,195.1767578125
505,40,1311.849609375,195.0966796875
506,40,1313.5107421875,195.689453125
507,40,1309.6806640625,194.7900390625
508,40,1309.3583984375,194.705078125
509,40,1310.80078125,195.0048828125
510,40,1308.0205078125,194.23046875
511,40,1305.9921875,194.154296875
512,40,1309.595703125,195.3056640625
513,40,1319.2373046875,196.0615234375
514,40,1320.640625,195.93359375
515,40,1329.2197265625,196.6064453125
516,40,1334.15234375,197.857421875
517,40,1332.9951171875,197.2421875
518,40,1332.62890625,197.05859375
519,40,1332.3896484375,197.513671875
520,40,1331.7822265625,197.0234375
521,40,1333.49609375,197.2236328125
522,40,1334.822265625,197.8603515625
523,40,1334.0419921875,197.2685546875
524,40,1334.6552734375,197.3056640625
525,40,1335.1650390625,197.9482421875
526,40,1334.9482421875,197.3857421875
527,40,1333.92578125,197.521484375
528,40,1335.0732421875,198.2431640625
529,40,1332.0546875,197.365234375
530,40,1332.505859375,197.2802734375
531,40,1332.638671875,197.830078125
532,40,1331.2978515625,197.18359375
533,40,1331.7666015625,197.36328125
534,40,1332.6279296875,197.99609375
535,40,1330.3232421875,197.236328125
536,40,1330.6845703125,197.2607421875
537,40,1331.580078125,197.95703125
538,40,1329.927734375,197.0537109375
539,40,1330.46875,197.0908203125
540,40,1330.728515625,197.736328125
541,40,1319.9072265625,195.0302734375
542,40,1319.240234375,195.056640625
543,40,1322.646484375,196.849609375
544,40,1313.1494140625,195.326171875
545,40,1312.91796875,194.134765625
546,40,1321.80859375,196.416015625
547,40,1312.177734375,194.3037109375
548,40,1311.8212890625,193.7509765625
549,40,1320.6162109375,196.1396484375
550,40,1305.533203125,192.7822265625
551,40,1311.8544921875,193.6640625
552,40,1315.1220703125,195.05078125
553,40,1305.078125,193.201171875
554,41,1301.0380859375,191.5556640625
555,41,1314.322265625,199.998046875
556,41,1307.9736328125,198.2734375
557,41,1310.8310546875,199.001953125
558,40,1315.6171875,200.2421875
559,40,1307.0302734375,193.0751953125
560,40,1303.5322265625,192.9033203125
561,40,1312.3916015625,194.494140625
562,41,1298.9501953125,191.4833984375
563,41,1302.5791015625,197.8251953125
564,40,1314.482421875,200.2900390625
565,40,1307.4658203125,193.7958984375
566,40,1306.892578125,193.65234375
567,40,1313.138671875,195.0029296875
568,40,1302.1123046875,193.3408203125
569,40,1307.1123046875,193.794921875
570,40,1311.5009765625,194.9462890625
571,40,1299.34375,192.283203125
572,40,1299.9423828125,192.8115234375
573,40,1305.1591796875,193.865234375
574,40,1299.1376953125,192.8515625
575,40,1301.810546875,192.9599609375
576,40,1306.1572265625,194.216796875
577,40,1302.375,192.873046875
578,41,1296.65234375,191.5263671875
579,41,1308.458984375,199.2138671875
580,41,1304.787109375,197.94921875
581,41,1305.0927734375,197.75390625
582,41,1309.6318359375,199.0048828125
583,41,1307.8427734375,198.8017578125
584,41,1306.6103515625,198.1904296875
585,41,1309.97265625,198.7119140625
586,40,1315.185546875,200.16015625
587,40,1311.87109375,193.8330078125
588,40,1310.146484375,193.533203125
589,40,1311.9306640625,194.3251953125
590,40,1308.7626953125,193.3896484375
591,40,1309.4404296875,193.654296875
592,40,1311.9794921875,194.66796875
593,40,1308.400390625,193.4755859375
594,40,1307.294921875,193.1533203125
595,40,1310.8193359375,194.5576171875
596,40,1310.94921875,194.5458984375
597,40,1308.115234375,193.4306640625
598,40,1309.7802734375,193.7939453125
599,40,1312.5673828125,194.970703125
600,40,1306.2978515625,192.8505859375
601,41,1297.6533203125,191.75390625
602,41,1294.91796875,197.1474609375
603,41,1293.6640625,197.044921875
604,41,1290.2841796875,195.966796875
605,41,1290.70703125,196.1103515625
606,41,1290.0576171875,196.8310546875
607,41,1283.29296875,195.3828125
608,41,1276.7744140625,195.375
609,41,1268.7734375,195.6650390625
610,41,1264.6357421875,193.291015625
611,41,1260.28515625,192.7548828125
612,41,1259.7529296875,193.6884765625
613,42,1255.4326171875,190.9482421875
614,42,1257.8125,193.2041015625
615,42,1268.0078125,195.099609375
616,42,1273.06640625,195.3818359375
617,42,1272.552734375,194.478515625
618,42,1280.9267578125,195.0341796875
619,42,1292.703125,197.775390625
620,42,1290.4951171875,196.4453125
621,42,1289.6708984375,196.48828125
622,42,1297.7919921875,197.724609375
623,42,1285.7412109375,194.267578125
624,42,1290.5966796875,194.220703125
625,42,1308.1533203125,197.18359375
626,42,1290.2470703125,194.517578125
627,42,1290.63671875,194.3125
628,42,1302.451171875,197.419921875
629,42,1288.408203125,194.67578125
630,42,1282.9873046875,194.4453125
631,42,1279.8564453125,196.5869140625
632,42,1267.28125,193.9169921875
633,42,1269.4482421875,193.16015625
634,42,1279.5322265625,195.375
635,42,1269.263671875,192.7744140625
636,42,1266.2958984375,192.7646484375
637,42,1272.705078125,194.1923828125
638,42,1264.25,192.421875
639,42,1265.0078125,192.8115234375
640,42,1268.91015625,193.8125
641,41,1298.6728515625,207.51953125
642,40,1292.9052734375,201.052734375
643,40,1303.81640625,196.345703125
644,40,1314.240234375,198.3076171875
645,40,1301.4873046875,196.2109375
646,40,1306.0693359375,196.2021484375
647,40,1306.5166015625,196.7783203125
648,40,1290.232421875,193.46484375
649,40,1297.490234375,193.927734375
650,40,1293.8837890625,194.5888671875
651,40,1284.322265625,192.8154296875
652,40,1284.365234375,192.5654296875
653,40,1281.3974609375,192.4609375
654,41,1276.158203125,190.5810546875
655,41,1273.181640625,194.9306640625
656,41,1278.8359375,196.2666015625
657,41,1271.4482421875,193.5009765625
658,41,1274.50390625,193.5634765625
659,41,1282.55859375,195.572265625
660,41,1275.4150390625,193.568359375
661,41,1267.2490234375,193.025390625
662,41,1274.9765625,196.0400390625
663,41,1273.33203125,194.3662109375
664,41,1273.296875,194.58984375
665,41,1276.8896484375,195.9970703125
666,41,1269.9619140625,193.1552734375
667,41,1272.4951171875,193.337890625
668,41,1274.8681640625,194.75390625
669,41,1282.2666015625,195.7822265625
670,41,1280.13671875,194.1298828125
671,41,1278.501953125,193.921875
672,41,1285.388671875,196.4130859375
673,41,1299.3173828125,198.294921875
674,41,1291.2939453125,195.4423828125
675,41,1292.4677734375,196.0
676,40,1312.3193359375,200.0869140625
677,41,1297.4716796875,191.748046875
678,41,1297.119140625,196.6005859375
679,41,1307.9140625,199.37890625
680,41,1306.37109375,197.533203125
681,41,1306.05078125,197.736328125
682,41,1315.0205078125,199.88671875
683,41,1304.59375,196.4990234375
684,41,1309.1181640625,197.955078125
685,41,1315.7470703125,199.798828125
686,41,1312.2705078125,198.3955078125
687,41,1310.4150390625,197.359375
688,40,1318.4033203125,200.0810546875
689,40,1317.38671875,193.705078125
690,40,1313.5771484375,193.7216796875
691,40,1314.5654296875,195.248046875
692,40,1309.7919921875,192.9921875
693,40,1318.3330078125,194.2919921875
694,40,1320.654296875,195.6064453125
695,40,1316.2705078125,193.7587890625
696,40,1318.9111328125,194.0458984375
697,40,1322.583984375,194.947265625
1108,45,561.9443359375,61.71484375
1109,50,562.3017578125,65.720703125
1110,55,562.9169921875,69.89453125
1111,60,573.1865234375,74.98046875
1112,65,590.2890625,81.572265625
1113,70,602.3232421875,90.2998046875
1114,75,621.3388671875,102.7109375
1115,80,645.6630859375,117.6845703125
1116,85,670.8173828125,139.9560546875
1117,88,672.9716796875,169.9912109375
1118,88,698.0078125,199.7099609375
1119,87,707.7177734375,203.3349609375
1120,87,719.4453125,195.7724609375
1121,87,732.7001953125,199.3359375
1122,86,736.7763671875,201.26171875
1123,86,747.8076171875,197.5927734375
1124,86,751.9462890625,199.39453125
1125,85,762.3447265625,200.6494140625
1126,86,763.4228515625,191.822265625
1127,85,764.2158203125,200.5625
1128,86,763.4765625,190.931640625
1129,85,768.3486328125,200.736328125
1130,86,755.375,187.9931640625
1131,86,715.806640625,193.55859375
1132,86,756.5419921875,194.8173828125
1133,86,732.5068359375,194.15625
1134,86,754.51953125,192.3564453125
1135,86,741.533203125,192.818359375
1136,87,752.4140625,191.4736328125
1137,87,738.009765625,197.3935546875
1138,87,750.431640625,195.80859375
1139,87,729.8818359375,195.9169921875
1140,87,745.9833984375,194.7294921875
1141,87,729.849609375,195.6298828125
1142,87,742.5419921875,194.4697265625
1143,87,726.9580078125,194.7666015625
1144,87,747.759765625,196.5556640625
1145,87,751.861328125,196.06640625
1146,87,753.953125,195.33203125
1147,87,747.3828125,193.314453125
1148,88,732.232421875,191.2138671875
1149,87,732.12109375,202.2666015625
1150,88,722.3115234375,188.9404296875
1151,88,715.9072265625,199.1708984375
1152,88,712.6943359375,198.8623046875
1153,88,710.47265625,197.9873046875
1154,88,694.6103515625,194.4501953125
1155,88,696.3173828125,194.2236328125
1156,89,655.802734375,190.603515625
1157,89,683.01171875,199.7724609375
1158,89,662.890625,194.08203125
1159,90,646.5361328125,189.6591796875
1160,90,629.6572265625,199.51171875
1161,89,638.916015625,200.029296875
1162,90,642.8125,186.8203125
1163,89,646.2509765625,202.7119140625
1164,90,647.9296875,188.8388671875
1165,89,641.7763671875,201.728515625
1166,90,651.9033203125,186.38671875
1167,90,627.6865234375,198.865234375
1168,90,627.126953125,198.703125
1169,89,660.7646484375,202.8935546875
1170,90,643.0693359375,187.3837890625
1171,90,650.1611328125,199.8671875
1172,90,627.2939453125,197.6357421875
1173,89,657.73046875,204.2802734375
1174,90,642.84375,189.9384765625
1175,87,701.9130859375,216.927734375
1176,89,680.169921875,181.9130859375
1177,88,705.4609375,201.1650390625
1178,88,684.8701171875,193.2744140625
1179,88,708.544921875,198.1962890625
1180,87,721.875,204.6201171875
1181,86,740.0888671875,200.7666015625
1182,87,689.68359375,186.708984375
1183,87,730.353515625,198.779296875
1184,86,742.052734375,203.4638671875
1185,85,761.30078125,201.4208984375
1186,86,725.5439453125,188.5205078125
1187,85,768.3662109375,203.6826171875
1188,85,774.25,194.208984375
1189,85,781.302734375,196.0625
1190,85,760.69921875,193.8076171875
1191,85,780.943359375,194.8984375
1192,85,779.228515625,194.380859375
1193,85,786.009765625,195.9033203125
1194,85,766.4609375,194.326171875
1195,86,771.3349609375,191.4521484375
1196,85,760.9775390625,201.9541015625
1197,86,754.6806640625,187.474609375
1198,86,750.30859375,195.9306640625
1199,86,754.259765625,197.052734375
1200,86,722.041015625,194.1103515625
1201,85,766.8203125,206.046875
1202,86,775.01171875,188.1865234375
1203,86,751.06640625,196.8603515625
1204,87,735.9501953125,190.751953125
1205,87,726.669921875,194.85546875
1206,87,724.294921875,195.8359375
1207,87,706.56640625,193.279296875
1208,88,711.69921875,191.2021484375
1209,88,704.4365234375,198.208984375
1210,88,694.568359375,197.3720703125
1211,88,705.69921875,194.4677734375
1212,88,706.7060546875,193.8232421875
1213,88,683.521484375,192.2734375
1214,89,691.6650390625,188.623046875
1215,89,691.6806640625,198.96484375
1216,88,710.970703125,200.921875
1217,88,709.8076171875,193.3759765625
1218,89,707.4482421875,191.693359375
1219,89,691.4052734375,195.2265625
1220,89,690.7060546875,193.302734375
1221,90,687.859375,188.560546875
1222,89,655.2470703125,201.4208984375
1223,90,676.9892578125,186.3642578125
1224,89,651.943359375,200.611328125
1225,90,679.4541015625,189.7568359375
1226,89,687.693359375,206.150390625
1227,89,694.75,193.1064453125
1228,89,702.798828125,195.025390625
1229,89,708.3828125,197.1162109375
1230,89,715.3720703125,199.4990234375
1231,88,725.0,201.9892578125
1232,88,723.9365234375,195.8427734375
1233,88,739.4921875,199.83203125
1234,87,761.263671875,205.0224609375
1235,87,734.2841796875,192.626953125
1236,86,784.994140625,201.125
1237,86,791.134765625,196.71484375
1238,86,789.4921875,197.08203125
1239,86,765.27734375,194.1611328125
1240,86,772.1787109375,196.095703125
1241,87,746.603515625,189.396484375
1242,87,745.3603515625,194.2294921875
1243,87,754.017578125,197.09765625
1244,92,615.3671875,160.8798828125
1245,88,691.4833984375,228.31640625
1246,88,716.078125,193.9345703125
1247,87,736.095703125,201.7421875
1248,87,754.572265625,196.044921875
1249,87,747.423828125,195.14453125
1250,88,739.7646484375,191.640625
1251,87,731.1982421875,200.7822265625
1252,88,746.2978515625,191.6611328125
1253,87,751.8544921875,206.9853515625
1254,87,772.123046875,199.53515625
1255,86,788.3955078125,205.2099609375
1256,85,804.8583984375,202.9833984375
1257,85,816.5400390625,197.5234375
1258,84,824.8515625,201.0283203125
1259,84,834.224609375,197.4150390625
1260,83,845.3984375,201.0302734375
1261,83,843.5908203125,193.9619140625
1262,83,846.505859375,194.9775390625
1263,83,850.20703125,196.9267578125
1264,83,850.376953125,198.1904296875
1265,83,848.37109375,196.677734375
1266,83,833.6474609375,196.087890625
1267,83,823.111328125,194.423828125
1268,83,822.0654296875,192.6240234375
1269,84,812.099609375,190.69921875
1270,84,808.318359375,194.0517578125
1271,84,804.59375,194.3935546875
1272,84,808.31640625,194.173828125
1273,84,810.9501953125,195.4765625
1274,84,818.9345703125,198.5537109375
1275,83,824.9931640625,201.5517578125
1276,83,830.5185546875,196.720703125
1277,83,837.04296875,198.2236328125
1278,83,839.5927734375,198.404296875
1279,83,837.4365234375,198.3310546875
1280,83,846.150390625,199.708984375
1281,82,851.2353515625,200.537109375
1282,82,858.572265625,192.7587890625
1283,82,863.16796875,192.6103515625
1284,83,846.8994140625,191.1220703125
1285,82,860.3466796875,201.5009765625
1286,82,855.5400390625,193.0673828125
1287,82,875.6162109375,195.7646484375
1288,81,893.873046875,202.07421875
1289,81,874.4873046875,195.56640625
1290,80,909.84375,201.4384765625
1291,79,932.1953125,201.2197265625
1292,78,946.6943359375,200.0517578125
1293,78,923.9775390625,195.59765625
1294,78,954.4609375,198.7265625
1295,78,950.865234375,197.1884765625
1296,78,956.57421875,198.91796875
1297,78,937.138671875,197.509765625
1298,78,937.21875,197.49609375
1299,77,958.380859375,200.2041015625
1300,78,944.5703125,189.9970703125
1301,78,949.51953125,197.79296875
1302,78,945.8486328125,196.2255859375
1303,78,947.0751953125,198.298828125
1304,78,956.5751953125,199.935546875
1305,77,953.4697265625,200.1689453125
1306,77,947.6015625,194.392578125
1307,77,953.2177734375,195.3740234375
1308,77,957.1123046875,195.4658203125
1309,77,960.6962890625,195.8798828125
1310,77,955.2587890625,195.462890625
1311,77,963.7998046875,196.3916015625
1312,77,963.0361328125,195.28515625
1313,77,950.966796875,196.8212890625
1314,77,964.671875,196.9169921875
1315,77,961.2138671875,198.400390625
1316,77,978.595703125,199.9921875
1317,76,989.9345703125,203.1826171875
1318,76,1001.7412109375,199.2265625
1319,76,962.5283203125,195.3984375
1320,76,991.0361328125,198.423828125
1321,73,1065.3095703125,220.2216796875
1322,72,1099.3974609375,200.8828125
1323,72,1109.2294921875,198.9677734375
1324,72,1086.35546875,195.322265625
1325,72,1099.1796875,198.7919921875
1326,72,1077.5625,195.6884765625
1327,72,1090.029296875,199.009765625
1328,72,1086.59375,197.9853515625
1329,72,1090.25390625,198.05859375
1330,71,1099.1982421875,200.5693359375
1331,71,1088.0966796875,197.9619140625
1332,71,1076.60546875,194.9091796875
1333,71,1093.1962890625,198.677734375
1334,71,1092.859375,198.595703125
1335,71,1078.9296875,195.9970703125
1336,71,1087.5498046875,198.0439453125
1337,71,1084.9296875,198.701171875
1338,71,1069.671875,194.7939453125
1339,71,1084.0498046875,198.2529296875
1340,71,1066.185546875,194.2509765625
1341,71,1081.4384765625,197.935546875
1342,71,1068.6318359375,194.6416015625
1343,71,1081.9501953125,197.953125
1344,71,1071.0458984375,195.0771484375
1345,71,1085.77734375,198.44140625
1346,71,1065.4765625,194.7080078125
1347,71,1083.455078125,198.99609375
1348,71,1061.5400390625,194.2236328125
1349,71,1078.302734375,198.0400390625
1350,71,1060.2529296875,193.6162109375
1351,71,1075.1279296875,197.1494140625
1352,71,1060.83203125,194.16796875
1353,71,1077.07421875,197.626953125
1354,71,1061.541015625,194.107421875
1355,71,1076.767578125,197.8720703125
1356,71,1061.4052734375,194.0888671875
1357,71,1076.9052734375,198.0419921875
1358,71,1058.67578125,194.4716796875
1359,71,1070.25,197.8818359375
1360,71,1072.533203125,196.83984375
1361,71,1082.19921875,197.9462890625
1362,70,1096.39453125,201.205078125
1363,70,1081.9267578125,196.3583984375
1364,70,1092.70703125,196.1533203125
1365,70,1090.2216796875,195.607421875
1366,70,1102.5966796875,197.4990234375
1367,70,1094.2744140625,196.94140625
1368,70,1074.6025390625,192.646484375
1369,70,1094.8701171875,196.7373046875
1370,70,1093.5693359375,196.638671875
1371,70,1075.8955078125,193.458984375
1372,70,1081.9970703125,194.1171875
1373,70,1079.9541015625,194.7841796875
1374,70,1077.666015625,192.951171875
1375,71,1075.70703125,191.779296875
1376,71,1089.818359375,198.1201171875
1377,71,1078.068359375,197.91015625
1378,71,1082.228515625,196.458984375
1379,71,1076.642578125,195.2900390625
1380,71,1089.5595703125,198.203125
1381,71,1078.9931640625,197.7685546875
1382,71,1078.310546875,196.3056640625
1383,71,1073.732421875,194.966796875
1384,71,1089.3740234375,197.95703125
1385,71,1088.2236328125,198.6591796875
1386,71,1081.9775390625,197.078125
1387,71,1075.3203125,195.64453125
1388,71,1089.880859375,198.9365234375
1389,71,1087.94140625,199.7763671875
1390,71,1065.3671875,195.1201171875
1391,71,1084.091796875,198.8173828125
1392,71,1063.796875,195.4892578125
1393,71,1072.806640625,197.419921875
1394,71,1076.37109375,198.5478515625
1395,71,1069.1708984375,196.8408203125
1396,71,1060.9912109375,195.337890625
1397,71,1074.7080078125,198.8115234375
1398,71,1071.435546875,198.7119140625
1399,71,1054.8134765625,194.95703125
1400,71,1077.4443359375,199.7099609375
1401,71,1053.44921875,195.60546875
1402,71,1071.39453125,199.7919921875
1403,71,1054.2119140625,196.6396484375
1404,71,1070.5,199.7470703125
1405,71,1070.392578125,199.5859375
1406,71,1059.0751953125,197.123046875
1407,70,1075.51171875,200.189453125
1408,70,1056.86328125,192.9228515625
1409,70,1078.75390625,196.6015625
1410,70,1076.2255859375,195.064453125
1411,70,1085.359375,195.8662109375
1412,70,1098.8359375,198.845703125
1413,70,1101.9892578125,199.283203125
1414,70,1094.248046875,197.345703125
1415,70,1084.6845703125,195.2265625
1416,70,1098.3125,198.767578125
1417,70,1103.7783203125,199.5751953125
1418,70,1092.10546875,196.9404296875
1419,70,1085.3984375,194.587890625
1420,70,1100.1083984375,198.12109375
1421,70,1103.3916015625,198.4541015625
1422,70,1094.2861328125,196.4443359375
1423,70,1086.115234375,193.7080078125
1424,70,1101.49609375,197.5556640625
1425,70,1105.8857421875,198.5830078125
1426,70,1092.3896484375,195.3486328125
1427,70,1088.6201171875,195.0703125
1428,70,1101.0703125,198.1240234375
1429,70,1109.2763671875,199.4345703125
1430,70,1098.4921875,197.435546875
1431,70,1098.125,196.7900390625
1432,70,1109.0078125,198.685546875
1433,69,1117.1943359375,200.021484375
1434,69,1103.6796875,193.044921875
1435,70,1097.5556640625,191.1025390625
1436,70,1113.330078125,199.583984375
1437,69,1122.818359375,200.5419921875
1438,69,1100.33984375,193.32421875
1439,69,1096.736328125,192.9970703125
1440,69,1117.2939453125,195.390625
1441,68,1069.7314453125,203.955078125
1442,68,1096.939453125,192.443359375
1443,68,1136.435546875,197.51953125
1444,68,1114.244140625,194.1943359375
1445,69,1110.8046875,191.8837890625
1446,69,1124.5751953125,198.115234375
1447,69,1135.8232421875,199.4521484375
1448,69,1117.5615234375,197.33203125
1449,69,1104.19921875,194.48046875
1450,69,1115.7177734375,197.0185546875
1451,69,1122.31640625,198.2744140625
1452,69,1111.4716796875,196.41015625
1453,69,1096.5107421875,193.2041015625
1454,69,1094.1982421875,194.3486328125
1455,69,1106.068359375,196.16796875
1456,70,1070.5615234375,189.0517578125
1457,69,1104.357421875,200.310546875
1458,70,1083.185546875,191.2685546875
1459,70,1080.0888671875,195.314453125
1460,70,1093.71484375,199.1767578125
1461,70,1065.8193359375,192.4326171875
1462,70,1090.80078125,197.974609375
1463,71,1064.24609375,191.5146484375
1464,70,1085.921875,200.4873046875
1465,71,1061.658203125,190.275390625
1466,71,1080.982421875,199.4677734375
1467,71,1059.8369140625,194.142578125
1468,71,1073.19140625,198.9228515625
1469,71,1055.439453125,192.8447265625
1470,71,1070.58203125,198.09765625
1471,71,1050.3701171875,192.5546875
1472,71,1068.712890625,197.8310546875
1473,72,1048.6376953125,192.2421875
1474,72,1054.228515625,198.73046875
1475,72,1045.5244140625,193.1875
1476,72,1055.92578125,196.73828125
1477,72,1055.53125,196.66015625
1478,72,1053.3251953125,195.1259765625
1479,73,1032.9873046875,188.6708984375
1480,73,1034.552734375,196.0615234375
1481,74,1025.5205078125,191.2373046875
1482,73,1023.7568359375,200.533203125
1483,74,1018.818359375,189.7109375
1484,74,1022.291015625,197.076171875
1485,74,1006.806640625,197.5009765625
1486,74,1007.6787109375,192.990234375
1487,74,1011.8642578125,195.3447265625
1488,75,998.9150390625,189.7255859375
1489,76,1003.30078125,191.0068359375
1490,76,988.3857421875,194.6806640625
1491,77,989.6171875,191.119140625
1492,77,996.4638671875,199.1806640625
1493,77,984.7578125,198.9375
1494,77,987.5478515625,197.107421875
1495,77,976.8896484375,195.154296875
1496,77,976.5146484375,197.0869140625
1497,77,959.986328125,197.05859375
1498,77,961.0830078125,193.646484375
1499,77,972.9443359375,197.7724609375
1500,77,953.603515625,192.4697265625
1501,77,954.6513671875,195.134765625
1502,78,944.296875,189.6826171875
1503,78,949.099609375,198.5693359375
1504,78,950.09765625,198.044921875
1505,78,936.6220703125,196.5234375
1506,78,932.947265625,193.947265625
1507,79,919.748046875,191.5341796875
1508,80,906.8525390625,191.412109375
1509,80,893.369140625,195.9169921875
1510,80,892.3935546875,195.197265625
1511,80,892.130859375,195.373046875
1512,80,884.740234375,194.705078125
1513,80,885.5888671875,194.896484375
1514,80,872.7099609375,192.7265625
1515,81,864.541015625,191.5458984375
1516,81,864.306640625,198.154296875
1517,81,857.138671875,197.2626953125
1518,81,862.099609375,197.04296875
1519,81,842.5107421875,193.333984375
1520,82,831.9921875,190.0615234375
1521,83,811.7001953125,188.400390625
1522,83,799.57421875,194.6484375
1523,84,774.103515625,187.2490234375
1524,85,776.7421875,192.03515625
1525,85,781.333984375,198.083984375
1526,85,789.5390625,199.8525390625
1527,84,795.240234375,201.3349609375
1528,84,798.759765625,195.5966796875
1529,85,784.9619140625,191.7763671875
1530,86,756.3603515625,189.41015625
1531,86,736.9091796875,192.2978515625
1532,89,599.130859375,176.296875
1533,86,681.6875,217.5126953125
1534,88,645.802734375,182.361328125
1535,89,621.474609375,190.3310546875
1536,90,608.935546875,190.5068359375
1537,89,608.1943359375,203.1259765625
1538,90,593.779296875,186.10546875
1539,88,609.8525390625,208.6943359375
1540,88,628.6806640625,194.19140625
1541,89,623.94140625,189.09375
1542,89,625.900390625,195.8603515625
1543,89,632.6181640625,197.841796875
1544,89,636.14453125,199.6611328125
1545,88,648.5859375,202.6455078125
1546,87,669.3359375,200.91796875
1547,87,684.751953125,193.6796875
1548,87,701.0205078125,197.4541015625
1549,86,712.90625,201.4228515625
1550,85,733.1513671875,202.5556640625
1551,85,732.87109375,193.7861328125
1552,85,739.6494140625,194.3984375
1553,85,740.9970703125,194.28515625
1554,85,742.0888671875,194.630859375
1555,85,745.109375,196.9521484375
1556,85,753.568359375,199.7099609375
1557,84,759.689453125,203.1533203125
1558,84,757.96484375,198.826171875
1559,84,757.78515625,198.619140625
1560,84,746.9775390625,195.3427734375
1561,82,783.2021484375,208.3203125
1562,84,772.3984375,183.4384765625
1563,84,772.6796875,195.111328125
1564,85,759.8798828125,187.7236328125
1565,85,731.583984375,192.294921875
1566,86,743.189453125,190.3564453125
1567,86,728.0908203125,199.4580078125
1568,85,745.384765625,201.626953125
1569,86,723.1748046875,190.7919921875
1570,86,737.3125,198.40234375
1571,86,734.9052734375,199.357421875
1572,84,757.0703125,209.9853515625
1573,85,710.55078125,189.138671875
1574,85,748.89453125,199.158203125
1575,85,757.03125,199.556640625
1576,84,759.603515625,202.1796875
1577,84,718.9287109375,193.109375
1578,84,751.1767578125,195.56640625
1579,84,744.5830078125,192.630859375
1580,84,750.546875,195.1103515625
1581,85,714.34375,190.2177734375
1582,85,745.98046875,198.0419921875
1583,85,741.08984375,197.5947265625
1584,85,756.994140625,199.09375
1585,84,759.19921875,200.0146484375
1586,84,744.1796875,194.8154296875
1587,84,762.193359375,195.7548828125
1588,84,759.857421875,199.41796875
1589,84,771.5068359375,199.8076171875
1590,84,749.228515625,198.4853515625
1591,84,763.23828125,197.9658203125
1592,84,743.4521484375,196.6923828125
1593,84,758.4287109375,197.05859375
1594,84,749.1435546875,196.5556640625
1595,84,745.4609375,198.029296875
1596,84,695.6240234375,192.521484375
1597,84,733.6201171875,194.4970703125
1598,84,729.9111328125,192.9912109375
1599,84,737.1455078125,195.662109375
1600,84,702.279296875,193.509765625
1601,84,737.3134765625,194.9931640625
1602,84,736.1591796875,198.306640625
1603,84,751.6923828125,196.8759765625
1604,84,741.94140625,197.6875
1605,84,754.0908203125,194.869140625
1606,84,740.3583984375,195.900390625
1607,84,756.005859375,196.1123046875
1608,84,744.8056640625,198.3193359375
1609,84,760.181640625,198.5849609375
1610,84,758.9150390625,199.962890625
1611,83,758.6708984375,201.07421875
1612,84,709.4853515625,190.513671875
1613,84,749.33203125,198.38671875
1614,84,746.9755859375,196.2861328125
1615,84,717.798828125,192.947265625
1616,84,745.126953125,193.90234375
1617,85,735.3125,189.46875
1618,85,740.3701171875,198.0205078125
1619,85,697.3740234375,193.3125
1620,85,739.2412109375,199.37109375
1621,85,729.5771484375,195.9453125
1622,86,705.51171875,191.6044921875
1623,86,689.2998046875,197.37109375
1624,86,685.2890625,197.43359375
1625,86,684.333984375,197.849609375
1626,86,685.3798828125,198.8857421875
1627,86,683.16796875,197.396484375
1628,87,664.8955078125,190.55078125
1629,87,668.5048828125,197.9482421875
1630,87,676.578125,199.2587890625
1631,86,700.015625,204.8935546875
1632,85,705.833984375,200.6376953125
1633,85,713.5947265625,192.9951171875
1634,86,711.068359375,191.091796875
1635,86,708.7900390625,199.62109375
1636,87,678.58984375,189.7119140625
1637,89,632.470703125,179.75390625
1638,91,585.044921875,181.169921875
1639,90,587.890625,206.48046875
1640,89,601.4013671875,200.8505859375
1641,90,608.3271484375,189.080078125
1642,90,594.0712890625,198.6591796875
1643,90,593.578125,198.8115234375
1644,89,606.6552734375,203.837890625
1645,89,620.6591796875,193.650390625
1646,89,627.0322265625,197.095703125
1647,88,638.580078125,201.509765625
1648,88,641.443359375,196.9111328125
1649,85,711.80859375,216.0810546875
1650,87,656.4677734375,180.990234375
1651,86,698.4111328125,201.62890625
1652,87,681.67578125,191.8212890625
1653,86,689.2529296875,201.5263671875
1654,87,649.94921875,189.8369140625
1655,86,697.390625,200.9736328125
1656,86,691.8505859375,196.6171875
1657,86,703.5400390625,194.859375
1658,86,686.927734375,195.0517578125
1659,86,701.8828125,193.494140625
1660,86,684.4609375,192.6435546875
1661,86,708.9560546875,193.919921875
1662,86,689.35546875,194.9365234375
1663,86,708.625,194.6611328125
1664,86,695.4501953125,195.376953125
1665,86,719.46875,198.466796875
1666,86,699.962890625,197.5478515625
1667,86,722.037109375,197.90234375
1668,85,711.8681640625,200.146484375
1669,86,721.8271484375,190.828125
1670,86,713.1943359375,197.94140625
1671,86,681.82421875,196.4091796875
1672,91,332.86328125,99.0888671875
1673,96,336.166015625,119.57421875
1674,95,350.1083984375,203.125
1675,96,360.29296875,190.3876953125
