1907,35,1272.5732421875,127.8095703125
1908,40,1272.8212890625,142.59765625
1909,45,1273.3466796875,154.3310546875
1910,49,1272.3515625,167.1044921875
1911,51,1272.7666015625,177.7333984375
1912,53,1272.6171875,178.705078125
1913,54,1272.94921875,186.19140625
1914,55,1271.48828125,187.1181640625
1915,56,1268.755859375,189.1533203125
1916,57,1269.119140625,192.193359375
1917,57,1268.4365234375,195.751953125
1918,57,1267.8916015625,195.6201171875
1919,57,1267.888671875,195.7958984375
1920,57,1267.904296875,195.6796875
1921,57,1247.23046875,196.0322265625
1922,57,1247.25390625,195.6201171875
1923,57,1248.0380859375,195.5634765625
1924,57,1249.0595703125,195.744140625
1925,57,1248.0693359375,195.2861328125
1926,57,1248.81640625,195.3046875
1927,57,1250.9130859375,195.60546875
1928,57,1249.30078125,195.201171875
1929,57,1249.138671875,195.2021484375
1930,57,1251.1142578125,195.7939453125
1931,57,1252.232421875,195.8349609375
1932,57,1253.0205078125,195.8720703125
1933,57,1254.59765625,195.982421875
1934,57,1252.7861328125,195.4990234375
1935,57,1253.5439453125,195.7119140625
1936,57,1255.29296875,196.029296875
1937,57,1252.40625,195.6240234375
1938,57,1247.39453125,194.923828125
1939,57,1246.3232421875,194.6875
1940,57,1247.00390625,195.072265625
1941,57,1244.009765625,194.5224609375
1942,57,1244.1748046875,194.3662109375
1943,57,1245.79296875,194.78125
1944,57,1248.4111328125,194.984375
1945,57,1250.720703125,195.1259765625
1946,57,1248.9482421875,194.5556640625
1947,57,1250.3515625,194.6142578125
1948,57,1251.4853515625,194.7958984375
1949,57,1250.388671875,194.482421875
1950,57,1251.1640625,194.4599609375
1951,57,1252.462890625,194.7529296875
1952,57,1251.162109375,193.8896484375
1953,57,1260.712890625,194.171875
1954,57,1267.931640625,195.265625
1955,57,1266.7978515625,194.8544921875
1956,57,1268.287109375,194.931640625
1957,57,1270.0869140625,195.318359375
1958,57,1267.9208984375,194.9580078125
1959,57,1268.177734375,194.8740234375
1960,57,1269.8076171875,195.3115234375
1961,57,1267.82421875,194.8564453125
1962,57,1268.0830078125,195.015625
1963,57,1269.666015625,195.44921875
1964,57,1271.5146484375,195.6376953125
1965,57,1272.93359375,195.7666015625
1966,57,1273.42578125,195.9033203125
1967,57,1274.4677734375,195.953125
1968,57,1274.11328125,196.0419921875
1969,57,1269.7197265625,194.7490234375
1970,57,1271.3984375,194.9208984375
1971,57,1278.5205078125,196.3544921875
1972,57,1281.7568359375,196.4033203125
1973,57,1282.9990234375,196.51953125
1974,57,1282.70703125,196.4287109375
1975,57,1282.3681640625,196.2412109375
1976,57,1281.9951171875,196.39453125
1977,57,1281.53515625,196.1552734375
1978,57,1282.123046875,196.1875
1979,57,1283.2470703125,196.3837890625
1980,57,1282.01953125,196.0830078125
1981,57,1282.1552734375,196.0166015625
1982,57,1282.994140625,196.36328125
1983,57,1280.82421875,195.810546875
1984,57,1282.01953125,195.7412109375
1985,57,1282.2734375,196.1591796875
1986,57,1280.9482421875,195.83984375
1987,57,1280.9306640625,195.7724609375
1988,57,1281.8466796875,196.2578125
1989,57,1282.25390625,196.32421875
1990,57,1281.39453125,196.2763671875
1991,57,1280.4306640625,196.3994140625
1992,57,1278.8916015625,196.26953125
1993,57,1279.3232421875,196.369140625
1994,57,1279.74609375,196.4521484375
1995,57,1279.341796875,196.9638671875
1996,57,1277.4931640625,196.7314453125
1997,57,1277.1845703125,196.435546875
1998,57,1277.5283203125,196.740234375
1999,57,1265.0634765625,196.765625
2000,57,1266.255859375,196.8671875
2001,57,1261.544921875,195.947265625
2002,57,1262.603515625,196.01171875
2003,57,1265.595703125,196.7626953125
2004,57,1268.2958984375,196.912109375
2005,57,1269.033203125,197.025390625
2006,57,1268.177734375,196.7490234375
2007,57,1268.1796875,196.5849609375
2008,57,1268.7138671875,196.8486328125
2009,57,1268.9228515625,196.6279296875
2010,57,1269.072265625,196.7294921875
2011,57,1269.5576171875,196.888671875
2012,57,1269.1923828125,196.6318359375
2013,57,1269.939453125,196.595703125
2014,57,1271.123046875,196.8623046875
2015,57,1268.203125,196.21875
2016,57,1270.8125,196.1298828125
2017,57,1272.6123046875,196.6943359375
2018,57,1272.3935546875,196.2197265625
2019,57,1272.1044921875,196.41015625
2020,57,1273.4345703125,196.7177734375
2021,57,1274.9365234375,196.802734375
2022,57,1274.2421875,196.9736328125
2023,57,1274.1201171875,196.9228515625
2024,57,1274.029296875,196.8740234375
2025,57,1275.0751953125,196.8955078125
2026,57,1274.720703125,196.90625
2027,57,1275.13671875,197.1044921875
2028,57,1275.177734375,197.1708984375
2029,57,1275.017578125,197.111328125
2030,57,1270.73828125,197.3037109375
2031,57,1270.9794921875,197.3525390625
2032,57,1272.1181640625,197.4599609375
2033,57,1273.619140625,196.9951171875
2034,57,1271.662109375,196.5576171875
2035,57,1272.4052734375,196.53515625
2036,57,1273.4091796875,196.5478515625
2037,57,1273.89453125,196.8515625
2038,57,1274.8203125,196.7548828125
2039,57,1274.779296875,196.578125
2040,57,1274.2333984375,196.388671875
2041,57,1273.37890625,196.1044921875
2042,57,1274.20703125,196.49609375
2043,57,1272.4033203125,195.8330078125
2044,57,1272.447265625,195.75
2045,57,1272.4697265625,195.916015625
2046,57,1270.5068359375,195.244140625
2047,57,1268.9091796875,195.1064453125
2048,57,1269.607421875,195.34375
2049,57,1270.25,195.2861328125
2050,57,1269.5791015625,195.0673828125
2051,57,1266.1826171875,194.505859375
2052,57,1265.064453125,194.3408203125
2053,57,1264.7119140625,194.5078125
2054,57,1265.6689453125,194.509765625
2055,57,1265.8984375,194.275390625
2056,57,1265.6953125,194.2978515625
2057,57,1265.28515625,194.2626953125
2058,57,1264.9814453125,194.236328125
2059,57,1264.2080078125,194.25390625
2060,57,1262.0283203125,194.234375
2061,57,1261.984375,194.240234375
2062,57,1256.46875,193.47265625
2063,57,1251.45703125,193.1083984375
2064,57,1250.6728515625,193.4423828125
2065,57,1256.0888671875,193.7392578125
2066,57,1255.748046875,193.4267578125
2067,57,1251.9833984375,192.5966796875
2068,57,1252.423828125,192.6455078125
2069,57,1252.1337890625,192.44140625
2070,57,1251.6103515625,192.4384765625
2071,58,1249.3701171875,191.8310546875
2072,58,1250.0908203125,195.5087890625
2073,58,1248.837890625,195.162109375
2074,58,1247.43359375,194.84765625
2075,58,1246.66015625,194.6884765625
2076,58,1245.80859375,194.4287109375
2077,58,1245.8310546875,194.474609375
2078,58,1245.3798828125,194.306640625
2079,58,1244.97265625,194.365234375
2080,58,1243.521484375,193.837890625
2081,58,1214.5712890625,193.8984375
2082,58,1214.5966796875,193.408203125
2083,58,1214.78515625,193.1484375
2084,58,1216.484375,193.494140625
2085,58,1215.9248046875,193.37109375
2086,58,1215.6396484375,193.4990234375
2087,58,1216.0322265625,193.5048828125
2088,58,1215.7275390625,193.4453125
2089,58,1216.7392578125,193.5458984375
2090,58,1217.99609375,194.0185546875
2091,58,1217.1591796875,193.70703125
2092,58,1218.4345703125,193.9892578125
2093,58,1214.03125,193.8466796875
2094,58,1210.9931640625,193.388671875
2095,58,1212.134765625,193.3349609375
2096,58,1214.83984375,193.9404296875
2097,58,1229.2099609375,194.408203125
2098,58,1235.3701171875,194.853515625
2099,58,1237.6474609375,195.005859375
2100,58,1237.7451171875,194.8974609375
2101,58,1236.8037109375,194.5380859375
2102,58,1236.935546875,194.568359375
2103,58,1236.7265625,194.578125
2104,58,1238.015625,194.541015625
2105,58,1238.1904296875,194.6240234375
2106,58,1238.0361328125,194.55078125
2107,58,1238.1396484375,194.7705078125
2108,58,1237.9208984375,194.6953125
2109,58,1239.2890625,194.78515625
2110,58,1239.015625,194.74609375
2111,58,1241.61328125,195.037109375
2112,58,1243.50390625,195.158203125
2113,58,1247.845703125,195.447265625
2114,58,1249.5283203125,195.6435546875
2115,58,1250.578125,195.7919921875
2116,58,1250.6689453125,195.87890625
2117,58,1251.7900390625,195.978515625
2118,58,1252.591796875,196.037109375
2119,58,1253.068359375,196.1689453125
2120,58,1253.2734375,196.2919921875
2121,58,1253.9833984375,196.388671875
2122,58,1253.875,196.5537109375
2123,58,1254.5595703125,196.6884765625
2124,58,1242.9814453125,196.4296875
2125,58,1244.7802734375,196.763671875
2126,58,1245.3681640625,196.7021484375
2127,58,1245.8671875,196.8154296875
2128,58,1246.9697265625,197.041015625
2129,58,1248.0361328125,196.453125
2130,58,1255.939453125,196.830078125
2131,58,1262.5205078125,197.650390625
2132,58,1260.9716796875,197.2470703125
2133,58,1261.0634765625,196.9716796875
2134,58,1262.177734375,197.1962890625
2135,58,1263.7197265625,197.431640625
2136,58,1264.4599609375,197.4443359375
2137,58,1264.94140625,197.447265625
2138,58,1265.615234375,197.513671875
2139,58,1265.7939453125,197.443359375
2140,58,1266.15625,197.5419921875
2141,58,1266.2587890625,197.5732421875
2142,58,1266.521484375,197.732421875
2143,58,1266.236328125,197.6005859375
2144,58,1264.7177734375,197.3125
2145,58,1261.8212890625,196.623046875
2146,58,1262.486328125,196.556640625
2147,58,1261.716796875,196.4765625
2148,58,1262.0400390625,196.37109375
2149,58,1262.318359375,196.4140625
2150,58,1261.6064453125,196.4248046875
2151,58,1259.6796875,196.1826171875
2152,58,1258.685546875,196.1181640625
2153,58,1258.1728515625,195.9404296875
2154,58,1258.84765625,196.013671875
2155,58,1259.2080078125,196.06640625
2156,58,1251.50390625,196.115234375
2157,58,1252.0654296875,196.08984375
2158,58,1251.9482421875,195.9541015625
2159,58,1251.388671875,195.935546875
2160,58,1253.021484375,196.1923828125
2161,58,1253.2978515625,195.4951171875
2162,58,1258.5703125,195.6884765625
2163,58,1266.7490234375,196.814453125
2164,58,1265.63671875,196.4912109375
2165,58,1267.583984375,196.5185546875
2166,58,1268.9609375,196.701171875
2167,58,1268.2548828125,196.529296875
2168,58,1268.314453125,196.427734375
2169,58,1268.8095703125,196.521484375
2170,58,1268.5068359375,196.3408203125
2171,58,1269.3505859375,196.314453125
2172,58,1269.6826171875,196.3193359375
2173,58,1270.1943359375,196.4013671875
2174,58,1270.6376953125,196.3818359375
2175,58,1270.6005859375,196.439453125
2176,58,1270.705078125,196.5361328125
2177,58,1271.0849609375,196.3857421875
2178,58,1271.5166015625,196.392578125
2179,58,1271.6689453125,196.490234375
2180,58,1271.2158203125,196.380859375
2181,58,1271.078125,196.3056640625
2182,58,1270.2822265625,196.19921875
2183,58,1270.05078125,196.3349609375
2184,58,1270.283203125,196.248046875
2185,58,1269.8740234375,196.3388671875
2186,58,1268.3759765625,196.181640625
2187,58,1254.8251953125,195.83984375
2188,58,1255.755859375,195.833984375
2189,58,1256.322265625,195.826171875
2190,58,1256.6396484375,195.9384765625
2191,58,1257.2158203125,196.0517578125
2192,58,1260.19921875,196.140625
2193,58,1260.283203125,196.5537109375
2194,58,1261.8798828125,196.6728515625
2195,58,1262.05859375,196.611328125
2196,58,1262.439453125,196.5400390625
2197,58,1263.8046875,196.5498046875
2198,58,1264.2890625,196.70703125
2199,58,1263.67578125,196.482421875
2200,58,1263.6396484375,196.4814453125
2201,58,1262.7568359375,196.5556640625
2202,58,1263.560546875,196.501953125
2203,58,1263.7255859375,196.7939453125
2204,58,1262.9013671875,196.5263671875
2205,58,1259.98046875,195.931640625
2206,58,1258.490234375,195.7421875
2207,58,1256.3046875,195.6201171875
2208,58,1255.69140625,195.57421875
2209,58,1256.220703125,195.375
2210,58,1257.263671875,195.361328125
2211,58,1255.859375,195.125
2212,58,1254.9365234375,194.89453125
2213,58,1255.189453125,194.9873046875
2214,58,1255.1435546875,195.072265625
2215,58,1255.0703125,195.04296875
2216,58,1255.4599609375,195.078125
2217,58,1255.45703125,195.1279296875
2218,58,1255.3564453125,195.2822265625
2219,58,1245.328125,194.8681640625
2220,58,1243.71875,194.8359375
2221,58,1243.8876953125,194.9189453125
2222,58,1244.6650390625,195.0009765625
2223,58,1245.220703125,195.041015625
2224,58,1245.396484375,195.142578125
2225,58,1251.0712890625,195.2841796875
2226,58,1254.3349609375,195.4501953125
2227,58,1255.0283203125,195.4638671875
2228,58,1255.5234375,195.53125
2229,58,1255.689453125,195.541015625
2230,58,1255.50390625,195.4755859375
2231,58,1255.4228515625,195.466796875
2232,58,1255.478515625,195.5546875
2233,58,1255.98046875,195.6318359375
2234,58,1255.9697265625,195.70703125
2235,58,1256.212890625,195.7685546875
4371,63,517.3525390625,71.234375
4372,68,514.8037109375,75.6708984375
4373,73,514.4287109375,82.57421875
4374,78,573.30859375,101.1806640625
4375,83,573.9365234375,115.1708984375
4376,88,581.7734375,135.435546875
4377,92,585.7822265625,164.2421875
4378,91,587.0654296875,201.1904296875
4379,92,590.4189453125,190.9541015625
4380,91,590.7880859375,200.580078125
4381,92,590.9052734375,191.3037109375
4382,91,588.2666015625,200.8251953125
4383,92,592.09765625,191.154296875
4384,91,590.9541015625,200.154296875
4385,92,592.1982421875,191.232421875
4386,91,588.4677734375,200.3291015625
4387,92,591.78125,190.48828125
4388,92,591.2392578125,199.5869140625
4389,91,592.876953125,200.6494140625
4390,92,590.1904296875,190.59765625
4391,91,595.7734375,201.162109375
4392,92,592.0830078125,189.68359375
4393,92,590.4404296875,199.515625
4394,92,586.6650390625,199.0166015625
4395,92,590.537109375,198.3984375
4396,92,593.001953125,198.8916015625
4397,92,593.3603515625,199.7216796875
4398,92,588.7109375,199.517578125
4399,92,594.275390625,199.63671875
4400,92,594.8818359375,199.2119140625
4401,91,597.0869140625,200.513671875
4402,92,590.0,190.01171875
4403,91,598.4541015625,200.4267578125
4404,92,598.439453125,190.240234375
4405,91,600.6728515625,201.650390625
4406,92,592.8740234375,190.46875
4407,91,604.208984375,201.578125
4408,92,603.4833984375,190.806640625
4409,91,604.3486328125,202.0791015625
4410,92,591.4013671875,189.3720703125
4411,91,600.3603515625,200.5791015625
4412,92,597.5380859375,189.708984375
4413,91,600.6826171875,200.3037109375
4414,92,602.962890625,190.9091796875
4415,87,683.583984375,238.8994140625
4416,88,683.583984375,188.1015625
4417,88,714.1962890625,199.3408203125
4418,88,702.7978515625,195.009765625
4419,88,708.71875,195.1171875
4420,88,701.732421875,192.27734375
4421,88,696.3037109375,192.7705078125
4422,88,714.41796875,197.8662109375
4423,87,733.5849609375,203.2158203125
4424,87,734.7939453125,193.1640625
4425,88,726.380859375,190.5869140625
4426,87,735.5,204.0537109375
4427,87,744.9287109375,196.2734375
4428,87,756.9208984375,199.6103515625
4429,87,763.9140625,199.8212890625
4430,86,762.955078125,200.68359375
4431,86,773.6669921875,199.876953125
4432,86,754.6728515625,196.9853515625
4433,85,791.41796875,206.50390625
4434,85,795.533203125,198.9072265625
4435,84,813.509765625,203.4267578125
4436,84,792.2626953125,196.4560546875
4437,84,816.0205078125,196.685546875
4438,84,807.3583984375,194.9287109375
4439,84,807.9921875,194.8046875
4440,85,790.359375,191.6298828125
4441,84,806.7451171875,205.7373046875
4442,84,839.5546875,199.4794921875
4443,83,851.8955078125,204.3056640625
4444,83,852.5361328125,199.8759765625
4445,83,847.107421875,199.6376953125
4446,83,847.380859375,199.0634765625
4447,83,827.591796875,193.1923828125
4448,84,811.5078125,188.634765625
4449,85,783.7099609375,190.2861328125
4450,85,809.654296875,197.76171875
4451,85,815.201171875,198.5458984375
4452,85,809.7294921875,194.7392578125
4453,85,792.4765625,193.66796875
4454,85,813.83984375,196.2529296875
4455,85,815.41015625,197.7255859375
4456,85,812.037109375,197.05078125
4457,85,809.3486328125,196.771484375
4458,85,800.0078125,194.0654296875
4459,85,797.2705078125,193.3251953125
4460,85,793.197265625,192.9638671875
4461,85,796.2236328125,193.5283203125
4462,85,809.4052734375,197.111328125
4463,85,815.44140625,199.0771484375
4464,84,825.099609375,202.1591796875
4465,84,805.412109375,193.9599609375
4466,84,828.341796875,196.748046875
4467,84,830.974609375,198.1953125
4468,83,838.6376953125,200.810546875
4469,83,821.8193359375,193.3564453125
4470,83,831.0419921875,193.2646484375
4471,84,823.5439453125,190.6650390625
4472,84,825.330078125,197.05859375
4473,84,811.7802734375,196.14453125
4474,84,820.1279296875,194.7099609375
4475,85,800.578125,188.72265625
4476,85,809.4794921875,195.021484375
4477,85,823.759765625,199.0205078125
4478,84,843.0087890625,206.390625
4479,83,836.853515625,200.6767578125
4480,83,844.1689453125,194.876953125
4481,83,837.7294921875,192.462890625
4482,83,840.8134765625,193.666015625
4483,83,837.2578125,194.296875
4484,83,841.099609375,193.6396484375
4485,83,838.576171875,192.4169921875
4486,84,835.712890625,191.642578125
4487,84,828.70703125,197.5400390625
4488,84,837.478515625,198.109375
4489,84,820.1845703125,192.2841796875
4490,85,794.9462890625,185.119140625
4491,86,790.3671875,188.509765625
4492,86,791.2265625,198.5537109375
4493,86,786.61328125,196.587890625
4494,87,767.373046875,189.068359375
4495,87,766.8349609375,195.5390625
4496,86,787.7470703125,204.8291015625
4497,86,765.822265625,198.044921875
4498,85,793.0126953125,200.5517578125
4499,86,790.087890625,190.59765625
4500,87,764.37109375,190.474609375
4501,88,744.15625,188.6650390625
4502,88,730.548828125,195.6201171875
4503,88,726.8017578125,193.9765625
4504,88,723.4228515625,192.8125
4505,89,717.73828125,190.41796875
4506,89,711.4248046875,195.55078125
4507,89,714.8232421875,196.166015625
4508,89,722.259765625,198.8525390625
4509,88,730.0263671875,201.640625
4510,88,729.5703125,195.4736328125
4511,88,742.884765625,198.80859375
4512,87,752.384765625,202.9140625
4513,87,758.9140625,194.732421875
4514,88,731.1357421875,190.703125
4515,87,762.3017578125,207.0341796875
4516,87,764.6572265625,195.8994140625
4517,87,770.9970703125,197.25
4518,87,747.2177734375,193.615234375
4519,87,772.44921875,199.4248046875
4520,87,767.23046875,195.76953125
4521,88,751.943359375,191.0625
4522,88,740.2490234375,198.115234375
4523,88,729.7685546875,194.109375
4524,89,722.400390625,191.3466796875
4525,89,708.6572265625,194.796875
4526,90,701.32421875,191.951171875
4527,89,695.705078125,205.0478515625
4528,90,690.90625,188.685546875
4529,89,688.1328125,202.2177734375
4530,90,690.6640625,187.7939453125
4531,90,689.9423828125,199.3212890625
4532,90,669.060546875,192.4619140625
4533,91,666.8671875,190.4873046875
4534,91,664.41015625,198.6884765625
4535,91,660.1162109375,196.9951171875
4536,91,664.1630859375,197.345703125
4537,91,665.9755859375,197.41015625
4538,91,669.5888671875,197.828125
4539,91,670.4287109375,198.09375
4540,91,677.158203125,199.9912109375
4541,90,689.5751953125,201.4775390625
4542,90,701.6591796875,193.1083984375
4543,91,701.6171875,191.3359375
4544,91,694.65625,199.2548828125
4545,91,689.21875,197.6943359375
4546,91,692.2421875,198.439453125
4547,91,690.3642578125,199.3037109375
4548,90,714.3203125,206.830078125
4549,89,748.55078125,207.6953125
4550,84,865.6884765625,231.576171875
4551,85,812.431640625,185.419921875
4552,85,864.9716796875,196.53515625
4553,85,855.560546875,192.5283203125
4554,85,861.5927734375,195.4638671875
4555,85,834.869140625,198.0888671875
4556,86,841.5849609375,191.6533203125
4557,85,824.796875,200.978515625
4558,86,841.779296875,189.974609375
4559,85,853.890625,205.5703125
4560,85,825.50390625,193.6201171875
4561,83,837.578125,212.74609375
4562,83,874.84765625,192.474609375
4563,84,856.8798828125,191.6650390625
4564,84,865.298828125,196.16015625
4565,85,850.0576171875,189.037109375
4566,86,835.439453125,187.4443359375
4567,84,844.3388671875,209.5693359375
4568,86,831.7822265625,184.1630859375
4569,85,831.0283203125,204.552734375
4570,85,843.80078125,195.712890625
4571,84,851.1044921875,200.841796875
4572,84,833.3955078125,194.8310546875
4573,84,848.96484375,194.3955078125
4574,84,848.892578125,196.4873046875
4575,84,847.55859375,192.8896484375
4576,85,838.3740234375,189.8515625
4577,84,839.6728515625,201.4658203125
4578,86,816.4033203125,181.8837890625
4579,85,813.8466796875,200.4609375
4580,86,817.5498046875,186.8916015625
4581,85,824.9033203125,202.8447265625
4582,85,845.296875,195.716796875
4583,85,847.888671875,196.8623046875
4584,84,852.5634765625,200.1640625
4585,84,829.28515625,192.595703125
4586,85,842.462890625,188.8505859375
4587,85,833.3681640625,194.3525390625
4588,85,842.4111328125,194.4951171875
4589,85,850.6982421875,197.1396484375
4590,85,854.8740234375,196.376953125
4591,90,572.0029296875,142.5986328125
4592,92,572.3984375,179.890625
4593,91,605.984375,204.041015625
4594,91,630.4873046875,198.0498046875
4595,91,629.43359375,195.5458984375
4596,92,621.2734375,191.2626953125
4597,92,615.345703125,197.3916015625
4598,92,604.9228515625,194.060546875
4599,93,594.9794921875,190.609375
4600,91,591.1337890625,210.8798828125
4601,93,596.296875,182.24609375
4602,91,594.130859375,211.861328125
4603,93,598.4775390625,183.2919921875
4604,91,597.7607421875,214.568359375
4605,92,599.5439453125,184.935546875
4606,92,622.2490234375,196.9755859375
4607,92,591.0400390625,193.3369140625
4608,91,639.6025390625,204.1982421875
4609,91,632.2783203125,193.677734375
4610,91,630.2119140625,195.8359375
4611,92,591.7587890625,187.771484375
4612,91,620.1376953125,202.3056640625
4613,92,614.80859375,190.927734375
4614,91,617.5595703125,202.8017578125
4615,92,605.798828125,191.9072265625
4616,90,634.7548828125,208.3251953125
4617,91,642.9970703125,191.19921875
4618,90,645.8212890625,202.1240234375
4619,91,641.7421875,191.30078125
4620,90,649.2216796875,202.6796875
4621,90,647.54296875,192.322265625
4622,90,646.7236328125,192.4677734375
4623,91,641.9560546875,191.36328125
4624,90,648.26953125,201.73046875
4625,90,648.9306640625,192.7060546875
4626,90,647.8017578125,193.5556640625
4627,91,641.486328125,192.0537109375
4628,90,650.4423828125,203.8603515625
4629,90,650.1171875,192.8466796875
4630,91,644.427734375,191.0712890625
4631,91,635.7705078125,198.4150390625
4632,90,647.634765625,200.9296875
4633,90,653.0595703125,192.501953125
4634,90,653.4365234375,193.595703125
4635,90,647.0791015625,192.357421875
4636,90,655.154296875,193.783203125
4637,91,651.3017578125,192.0947265625
4638,90,650.33984375,203.123046875
4639,91,641.2548828125,190.8974609375
4640,90,648.0126953125,201.6162109375
4641,91,648.8779296875,191.51953125
4642,90,649.626953125,202.974609375
4643,91,637.8740234375,190.3388671875
4644,90,646.5712890625,201.90625
4645,91,648.0322265625,192.1748046875
4646,90,647.103515625,202.34375
4647,91,642.4482421875,191.27734375
4648,90,648.693359375,202.1513671875
4649,91,649.337890625,191.8984375
4650,90,648.8212890625,202.9208984375
4651,91,638.2314453125,190.5302734375
4652,91,641.4033203125,199.5537109375
4653,91,637.4892578125,197.4697265625
4654,91,640.1123046875,199.310546875
4655,91,630.091796875,197.1650390625
4656,90,646.6845703125,201.13671875
4657,90,652.54296875,192.5341796875
4658,90,651.44921875,192.8203125
4659,90,649.9853515625,192.3310546875
4660,95,387.630859375,120.08203125
4661,96,388.8056640625,189.2685546875
4662,93,404.1748046875,218.3330078125
4663,98,405.638671875,151.2900390625
4664,93,408.0224609375,282.5302734375
4665,98,418.810546875,155.20703125
4666,93,415.8798828125,286.037109375
4667,98,414.34765625,152.494140625
4668,93,412.080078125,284.9404296875
4669,98,419.5849609375,154.0087890625
4670,93,417.6376953125,286.611328125
4671,98,414.9345703125,152.029296875
4672,93,407.662109375,281.8583984375
4673,98,420.37890625,152.685546875
4674,93,419.255859375,287.798828125
4675,98,423.9853515625,154.88671875
4676,93,412.845703125,285.4541015625
4677,98,427.21484375,155.24609375
4678,93,428.31640625,293.4150390625
4679,98,430.5,156.458984375
4680,93,425.7666015625,292.94921875
4681,98,430.974609375,160.416015625
4682,93,450.75,304.267578125
4683,97,461.0859375,165.6533203125
4684,92,451.7880859375,269.759765625
4685,97,450.3798828125,145.73828125
4686,92,452.8369140625,270.5947265625
4687,97,460.798828125,146.6083984375
4688,92,458.5458984375,274.0673828125
4689,97,448.576171875,144.72265625
4690,92,452.15234375,270.337890625
4691,97,450.6083984375,143.4365234375
4692,92,451.9560546875,269.99609375
4693,97,446.47265625,143.572265625
4694,92,446.4580078125,267.6484375
4695,97,444.6103515625,142.0419921875
4696,92,443.2802734375,265.6015625
4697,97,435.6962890625,138.4345703125
4698,92,432.3359375,259.1533203125
4699,97,431.7001953125,137.1689453125
4700,92,433.015625,259.7646484375
4701,97,431.04296875,137.19140625
4702,92,430.8193359375,259.0380859375
4703,97,430.888671875,136.9970703125
4704,92,431.5771484375,259.2333984375
4705,97,438.916015625,139.005859375
4706,92,437.392578125,263.345703125
4707,97,435.697265625,139.8505859375
4708,92,422.7041015625,256.787109375
4709,97,440.76171875,142.09765625
4710,92,443.1552734375,267.3203125
4711,97,439.919921875,142.048828125
4712,92,428.431640625,260.5341796875
4713,97,443.333984375,142.95703125
4714,92,446.19921875,269.66796875
4715,97,447.23828125,145.1728515625
4716,92,434.265625,264.3515625
4717,97,443.275390625,143.6455078125
4718,92,446.0166015625,268.4072265625
4719,97,445.3056640625,144.2919921875
4720,92,438.1923828125,265.3974609375
4721,97,444.0712890625,143.3671875
4722,92,446.869140625,270.017578125
4723,97,448.029296875,145.3076171875
4724,92,440.912109375,266.859375
4725,97,447.4921875,144.46484375
4726,92,450.3134765625,271.9140625
4727,97,449.9677734375,146.583984375
4728,92,441.83203125,267.8916015625
4729,97,448.5166015625,145.2529296875
4730,92,444.4453125,268.390625
4731,97,445.3359375,144.4794921875
4732,92,435.1826171875,263.9013671875
4733,97,445.5888671875,143.5234375
4734,92,442.6630859375,267.4189453125
4735,97,444.5185546875,144.06640625
4736,92,436.8154296875,264.67578125
4737,97,444.0263671875,143.7216796875
4738,92,449.125,271.328125
4739,97,447.6455078125,145.9345703125
4740,92,442.04296875,268.6181640625
4741,97,448.1669921875,145.96484375
4742,92,448.1123046875,271.767578125
4743,97,443.431640625,143.671875
4744,92,437.791015625,265.6142578125
4745,97,442.42578125,143.8154296875
4746,92,443.3955078125,269.107421875
4747,97,453.513671875,145.861328125
4748,92,454.1494140625,276.66015625
4749,96,454.1494140625,162.4462890625
4750,91,485.4326171875,258.3125
4751,96,482.0185546875,157.552734375
4752,91,477.51953125,251.3173828125
4753,96,480.294921875,152.767578125
4754,91,473.9423828125,249.474609375
4755,96,483.3935546875,153.5654296875
4756,91,494.359375,257.853515625
4757,96,506.0595703125,160.470703125
4758,91,518.935546875,271.462890625
4759,94,536.513671875,171.8515625
4760,90,543.427734375,223.400390625
4761,94,534.224609375,163.9228515625
4762,91,527.5615234375,218.484375
4763,94,535.31640625,173.91796875
4764,90,552.7607421875,228.673828125
4765,93,560.583984375,171.3896484375
4766,91,569.646484375,211.3896484375
4767,93,571.515625,183.6787109375
4768,91,559.6669921875,210.626953125
4769,93,556.8173828125,180.642578125
4770,91,555.8447265625,207.8994140625
4771,93,565.4609375,182.7275390625
4772,91,569.4951171875,213.5166015625
4773,92,572.18359375,184.69140625
4774,93,552.9384765625,187.9443359375
4775,92,543.8583984375,205.3193359375
4776,93,561.3271484375,190.3623046875
4777,91,570.7958984375,213.7373046875
4778,93,559.978515625,179.7060546875
4779,94,506.744140625,187.5810546875
4780,93,494.8515625,202.591796875
4781,95,492.94921875,182.5595703125
4782,90,504.8818359375,235.283203125
4783,95,517.82421875,158.0849609375
4784,90,525.466796875,245.2734375
4785,95,521.2890625,157.9365234375
4786,90,517.7080078125,239.5224609375
4787,95,502.2734375,152.212890625
4788,90,505.0771484375,234.7958984375
4789,95,525.0703125,156.8505859375
4790,90,510.216796875,239.6201171875
4791,95,506.509765625,155.908203125
4792,90,514.1318359375,240.3662109375
4793,95,505.275390625,151.7158203125
4794,91,493.9541015625,229.0458984375
4795,96,497.8271484375,158.5146484375
4796,91,507.26953125,265.9521484375
4797,95,522.140625,165.287109375
4798,90,530.9306640625,245.3046875
4799,94,540.556640625,162.607421875
4800,90,555.7421875,226.103515625
4801,90,602.5166015625,194.486328125
4802,91,622.3837890625,189.32421875
4803,91,615.6572265625,195.3984375
4804,91,613.3330078125,198.1494140625
4805,91,597.7705078125,195.23828125
4806,92,596.552734375,190.669921875
4807,92,581.568359375,193.572265625
4808,92,577.3505859375,195.310546875
4809,93,558.107421875,192.1748046875
4810,91,574.1611328125,213.009765625
4811,93,569.5205078125,181.9541015625
4812,91,573.4970703125,214.8544921875
4813,93,549.8359375,180.5888671875
4814,91,572.2724609375,213.296875
4815,93,568.150390625,182.4873046875
4816,91,565.529296875,213.1845703125
4817,93,536.7197265625,178.220703125
4818,91,561.484375,211.72265625
4819,93,556.060546875,178.11328125
4820,91,553.2265625,208.5869140625
4821,94,524.7265625,175.2421875
4822,90,549.0078125,230.2958984375
4823,93,561.9853515625,174.796875
4824,91,561.23046875,210.2412109375
4825,93,558.0966796875,179.380859375
4826,92,539.630859375,201.2275390625
4827,94,531.736328125,178.5712890625
4828,91,531.15625,217.1767578125
4829,94,539.458984375,170.5478515625
4830,91,530.5419921875,218.1103515625
4831,94,526.2060546875,169.0791015625
4832,91,523.1845703125,215.5302734375
4833,95,524.9677734375,166.53125
4834,90,519.8974609375,240.6396484375
4835,95,507.587890625,156.6796875
4836,90,540.7001953125,249.9248046875
4837,94,539.2763671875,165.0126953125
4838,91,534.8037109375,221.724609375
4839,95,498.9853515625,165.8310546875
4840,90,523.1953125,244.59375
4841,94,527.47265625,162.4765625
4842,92,521.6318359375,215.1279296875
4843,95,516.9814453125,171.9365234375
4844,90,512.34765625,235.9423828125
4845,95,517.6962890625,154.767578125
4846,90,510.40625,233.98828125
4847,95,494.970703125,148.890625
4848,92,479.7314453125,221.50390625
4849,97,468.455078125,155.3466796875
4850,92,433.52734375,257.2353515625
4851,97,430.513671875,143.353515625
4852,92,428.2734375,252.529296875
4853,97,412.328125,137.4453125
4854,92,425.9814453125,250.693359375
4855,97,435.2822265625,144.1171875
4856,92,441.8916015625,257.931640625
4857,97,435.5302734375,143.9296875
4858,92,384.5517578125,231.4384765625
4859,97,387.3916015625,129.29296875
4860,92,391.830078125,234.48046875
4861,97,399.833984375,134.3173828125
4862,92,414.8603515625,247.9072265625
4863,97,424.49609375,143.322265625
4864,92,449.38671875,267.3134765625
4865,97,466.8388671875,155.3857421875
4866,92,496.46484375,294.1708984375
4867,95,516.9267578125,174.65234375
4868,90,537.9921875,249.712890625
4869,95,522.8984375,159.203125
4870,90,518.69921875,239.8603515625
4871,95,515.0625,156.05859375
4872,90,523.08984375,241.291015625
4873,94,530.66015625,161.4462890625
4874,91,536.1005859375,219.86328125
4875,95,523.0810546875,165.8017578125
4876,90,519.4814453125,239.1416015625
4877,95,527.6943359375,159.8369140625
4878,90,521.662109375,239.283203125
4879,95,468.5595703125,142.5341796875
4880,93,451.6689453125,213.9306640625
4881,97,438.9638671875,166.4169921875
4882,92,456.212890625,272.62890625
4883,97,466.7373046875,157.9287109375
4884,92,480.9521484375,285.255859375
4885,96,489.1279296875,164.248046875
4886,91,493.5380859375,257.32421875
4887,96,492.3984375,156.37890625
4888,91,487.54296875,254.359375
4889,96,484.6767578125,154.291015625
4890,91,488.9228515625,254.076171875
4891,96,490.857421875,153.78125
4892,91,455.5966796875,239.1103515625
4893,96,483.4765625,151.66015625
4894,91,443.73046875,233.7177734375
4895,96,474.703125,151.2275390625
4896,92,420.9365234375,225.228515625
4897,97,436.19921875,151.4697265625
4898,92,443.255859375,263.4951171875
4899,97,441.6279296875,152.8486328125
4900,92,445.1064453125,265.591796875
4901,97,466.6123046875,158.4599609375
4902,92,457.8837890625,270.34375
4903,97,459.3251953125,153.802734375
4904,92,425.5712890625,251.4072265625
4905,97,380.8056640625,133.0244140625
4906,93,386.62109375,230.607421875
4907,98,341.732421875,133.47265625
4908,97,294.5595703125,204.3974609375
4909,97,327.7060546875,199.3408203125
4910,96,334.599609375,201.7421875
4911,97,355.431640625,187.517578125
4912,95,362.2529296875,214.5732421875
4913,98,366.103515625,174.0009765625
4914,93,389.9970703125,263.9404296875
4915,98,403.498046875,152.572265625
4916,93,433.3271484375,294.24609375
4917,95,488.2783203125,179.607421875
4918,91,486.3583984375,226.1416015625
4919,96,496.4736328125,155.044921875
4920,91,499.4814453125,259.3486328125
4921,95,512.3642578125,163.4658203125
4922,90,518.8291015625,236.4501953125
4923,95,523.8955078125,155.1171875
4924,90,512.8486328125,233.779296875
4925,95,514.123046875,150.0400390625
4926,90,516.341796875,234.6845703125
4927,95,523.53125,149.853515625
4928,90,518.1962890625,234.419921875
4929,95,527.0341796875,149.9560546875
4930,91,510.44140625,230.2646484375
4931,96,481.8828125,147.4912109375
4932,91,455.2451171875,237.48828125
4933,96,423.8515625,130.904296875
4934,94,388.1796875,207.78125
4935,99,367.326171875,152.0341796875
4936,94,365.6083984375,322.8857421875
4937,99,372.8701171875,152.64453125
4938,94,359.763671875,317.0771484375
4939,99,373.31640625,153.9248046875
4940,94,403.998046875,353.453125
4941,97,420.4345703125,169.05859375
