7546,33,1364.2431640625,170.14453125
7547,35,1363.123046875,182.3291015625
7548,36,1359.9814453125,189.40234375
7549,36,1362.2919921875,193.5849609375
7550,36,1364.677734375,194.6318359375
7551,36,1360.30078125,193.2958984375
7552,36,1360.55078125,193.2607421875
7553,36,1361.5751953125,194.0751953125
7554,36,1358.6015625,192.8408203125
7555,36,1364.5224609375,193.8154296875
7556,36,1370.884765625,195.421875
7557,36,1369.005859375,194.5615234375
7558,36,1370.6591796875,194.544921875
7559,36,1373.7744140625,195.8154296875
7560,36,1371.0439453125,194.6591796875
7561,36,1370.4775390625,194.583984375
7562,36,1371.759765625,195.4111328125
7563,36,1366.26171875,193.49609375
7564,36,1364.4814453125,193.0576171875
7565,36,1367.369140625,194.3212890625
7566,36,1364.9609375,193.337890625
7567,36,1364.9208984375,193.263671875
7568,36,1368.8359375,194.4482421875
7569,36,1366.904296875,193.6318359375
7570,36,1367.927734375,193.9267578125
7571,36,1372.4306640625,194.98828125
7572,36,1367.689453125,193.974609375
7573,36,1368.3798828125,194.1318359375
7574,36,1371.853515625,194.9794921875
7575,36,1364.25,193.0615234375
7576,37,1360.0322265625,191.994140625
7577,37,1366.916015625,195.7509765625
7578,37,1362.302734375,194.3486328125
7579,37,1364.8837890625,194.8427734375
7580,37,1367.1796875,195.75390625
7581,37,1362.623046875,194.5615234375
7582,37,1360.765625,193.7587890625
7583,37,1362.9609375,195.0947265625
7584,37,1359.8203125,193.77734375
7585,37,1358.791015625,193.609375
7586,37,1361.115234375,194.5498046875
7587,37,1362.09375,194.5478515625
7588,37,1358.9990234375,193.3603515625
7589,37,1358.251953125,193.431640625
7590,37,1361.61328125,195.12109375
7591,37,1360.7841796875,194.0634765625
7592,37,1362.3662109375,194.3056640625
7593,37,1363.8408203125,195.33203125
7594,37,1361.70703125,194.2236328125
7595,37,1362.953125,194.650390625
7596,37,1367.4609375,196.2109375
7597,37,1367.009765625,195.66796875
7598,37,1369.87109375,196.224609375
7599,37,1373.3095703125,197.4794921875
7600,37,1371.7001953125,196.6669921875
7601,37,1373.8583984375,196.8388671875
7602,37,1377.021484375,198.1494140625
7603,37,1377.3115234375,197.6708984375
7604,37,1379.2861328125,197.8310546875
7605,37,1381.568359375,199.0
7606,37,1379.41796875,197.7705078125
7607,37,1379.58203125,197.8056640625
7608,37,1381.509765625,198.8349609375
7609,37,1376.7138671875,197.283203125
7610,37,1375.7314453125,196.9345703125
7611,37,1377.13671875,198.068359375
7612,37,1375.7998046875,196.9462890625
7613,37,1377.3759765625,197.3779296875
7614,37,1378.955078125,198.1748046875
7615,37,1382.55078125,198.232421875
7616,37,1380.83984375,197.4150390625
7617,37,1383.35546875,197.6279296875
7618,37,1384.796875,198.3671875
7619,37,1382.048828125,197.3291015625
7620,37,1382.6630859375,197.7216796875
7621,37,1385.376953125,198.783203125
7622,37,1391.0849609375,199.05859375
7623,37,1388.5029296875,198.23828125
7624,37,1391.146484375,198.3095703125
7625,37,1397.3447265625,199.9248046875
7626,37,1396.2158203125,198.8955078125
7627,37,1396.9580078125,198.90625
7628,37,1398.873046875,199.6572265625
7629,37,1395.4345703125,198.8037109375
7630,37,1396.400390625,198.9580078125
7631,36,1399.4326171875,200.1611328125
7632,36,1399.046875,197.6298828125
7633,36,1399.49609375,197.634765625
7634,36,1402.3525390625,198.68359375
7635,36,1399.986328125,197.974609375
7636,36,1402.8125,198.6171875
7637,36,1404.3447265625,199.3935546875
7638,36,1402.68359375,198.7529296875
7639,36,1403.921875,199.0615234375
7640,35,1406.548828125,200.18359375
7641,35,1404.779296875,195.0390625
7642,35,1404.8408203125,195.0986328125
7643,35,1407.2451171875,196.279296875
7644,35,1405.412109375,195.5966796875
7645,35,1405.8046875,195.7041015625
7646,35,1406.0283203125,196.4052734375
7647,35,1400.3828125,194.830078125
7648,35,1396.78125,194.087890625
7649,35,1397.92578125,195.5361328125
7650,35,1393.2265625,194.005859375
7651,35,1392.453125,193.9482421875
7652,35,1392.537109375,194.6279296875
7653,35,1385.5087890625,192.775390625
7654,36,1381.599609375,192.1328125
7655,36,1381.60546875,196.9580078125
7656,36,1379.08203125,196.1435546875
7657,36,1369.0478515625,193.7392578125
7658,36,1370.7958984375,193.49609375
7659,36,1374.75,194.9873046875
7660,36,1367.6337890625,192.7265625
7661,36,1366.9140625,192.705078125
7662,36,1370.1416015625,193.3076171875
7663,37,1360.484375,191.44140625
7664,37,1365.8564453125,193.4794921875
7665,37,1368.0048828125,194.5087890625
7666,37,1358.7099609375,192.9814453125
7667,37,1363.17578125,192.71484375
7668,37,1365.8154296875,193.9287109375
7669,38,1358.626953125,192.1806640625
7670,38,1362.8486328125,197.4150390625
7671,38,1365.1103515625,198.59375
7672,38,1360.6416015625,196.958984375
7673,38,1358.6796875,196.7265625
7674,38,1356.7578125,196.9072265625
7675,38,1353.6142578125,195.484375
7676,38,1350.3017578125,194.962890625
7677,38,1349.828125,195.3740234375
7678,38,1348.029296875,194.6728515625
7679,38,1344.8310546875,194.005859375
7680,38,1344.419921875,194.908203125
7681,37,1344.5810546875,202.6533203125
7682,37,1346.6025390625,194.6279296875
7683,37,1363.673828125,197.029296875
7684,37,1371.244140625,198.728515625
7685,37,1367.671875,197.4931640625
7686,37,1368.0341796875,197.5791015625
7687,37,1366.3544921875,197.5595703125
7688,37,1358.3662109375,195.5419921875
7689,37,1355.3896484375,194.6220703125
7690,37,1351.70703125,194.5849609375
7691,37,1342.017578125,192.4306640625
7692,38,1336.4482421875,190.8994140625
7693,38,1339.2470703125,197.052734375
7694,38,1333.22265625,195.5673828125
7695,38,1333.3681640625,195.4755859375
7696,38,1333.5390625,196.421875
7697,38,1329.3740234375,195.0458984375
7698,38,1327.2763671875,194.7138671875
7699,38,1328.111328125,195.5009765625
7700,38,1326.0380859375,194.80859375
7701,38,1324.865234375,194.6591796875
7702,38,1325.7421875,195.4150390625
7703,38,1324.2802734375,194.79296875
7704,38,1324.52734375,194.9970703125
7705,38,1324.7626953125,195.4814453125
7706,38,1319.7734375,194.0849609375
7707,38,1318.263671875,193.7998046875
7708,38,1317.91015625,194.4111328125
7709,38,1315.61328125,193.48828125
7710,38,1313.376953125,193.4970703125
7711,38,1314.9013671875,194.4267578125
7712,38,1311.251953125,192.8857421875
7713,38,1313.0361328125,193.0888671875
7714,38,1317.4365234375,194.353515625
7715,38,1316.77734375,194.380859375
7716,38,1308.7626953125,192.658203125
7717,38,1306.8779296875,192.2822265625
7718,38,1305.3134765625,193.1640625
7719,38,1302.43359375,192.52734375
7720,39,1294.4501953125,191.162109375
7721,39,1288.837890625,194.1142578125
7722,39,1281.966796875,194.8154296875
7723,39,1284.80859375,194.33984375
7724,39,1281.5625,193.265625
7725,39,1278.203125,193.3232421875
7726,39,1277.0517578125,194.3046875
7727,39,1282.353515625,194.0771484375
7728,39,1281.5869140625,192.5615234375
7729,39,1282.1533203125,192.759765625
7730,39,1287.2255859375,194.4677734375
7731,39,1294.861328125,194.3056640625
7732,39,1302.3984375,194.7236328125
7733,39,1308.8896484375,195.998046875
7734,39,1315.3623046875,196.009765625
7735,39,1321.412109375,196.8759765625
7736,39,1327.9853515625,198.333984375
7737,39,1331.9501953125,197.7578125
7738,39,1332.732421875,197.9853515625
7739,39,1335.6494140625,199.2060546875
7740,39,1333.583984375,198.0966796875
7741,39,1334.4013671875,198.279296875
7742,39,1337.412109375,199.4189453125
7743,39,1334.1357421875,198.3583984375
7744,39,1333.701171875,198.529296875
7745,39,1335.5673828125,199.78125
7746,39,1331.2861328125,198.150390625
7747,39,1331.306640625,197.9482421875
7748,39,1333.8095703125,198.837890625
7749,39,1325.015625,196.7265625
7750,39,1324.8173828125,195.9697265625
7751,39,1324.859375,196.63671875
7752,39,1322.009765625,195.953125
7753,39,1316.208984375,194.3291015625
7754,39,1316.658203125,193.8359375
7755,39,1322.783203125,195.931640625
7756,39,1313.6689453125,193.7080078125
7757,39,1309.416015625,193.3310546875
7758,39,1314.7001953125,194.7802734375
7759,39,1307.1796875,192.501953125
7760,40,1303.6484375,191.8544921875
7761,40,1310.2841796875,196.234375
7762,40,1300.044921875,192.478515625
7763,41,1295.447265625,191.9853515625
7764,41,1300.310546875,199.7060546875
7765,41,1292.033203125,196.666015625
7766,41,1285.578125,196.806640625
7767,41,1295.3876953125,199.544921875
7768,41,1292.9990234375,196.67578125
7769,41,1293.51953125,197.79296875
7770,40,1302.8603515625,200.1962890625
7771,40,1300.2685546875,192.798828125
7772,40,1303.001953125,193.375
7773,40,1314.6181640625,196.0830078125
7774,40,1310.5478515625,194.169921875
7775,40,1313.6103515625,194.87890625
7776,40,1318.87109375,196.0791015625
7777,40,1311.345703125,193.1171875
7778,40,1316.4208984375,194.8037109375
7779,40,1321.76171875,196.216796875
7780,40,1312.7998046875,193.5322265625
7781,40,1315.5361328125,194.2001953125
7782,40,1322.1796875,196.1826171875
7783,40,1311.2421875,193.2255859375
7784,40,1314.28125,194.056640625
7785,40,1320.9912109375,195.361328125
7786,40,1315.6513671875,193.8505859375
7787,40,1320.560546875,195.830078125
7788,40,1325.3740234375,196.0478515625
7789,40,1321.4404296875,194.916015625
7790,40,1322.056640625,194.849609375
7791,40,1328.4833984375,196.2138671875
7792,40,1325.1181640625,195.7998046875
7793,40,1324.5908203125,194.6552734375
7794,40,1333.814453125,196.6787109375
7795,40,1324.974609375,194.6708984375
7796,40,1326.521484375,194.9931640625
7797,40,1334.615234375,196.640625
7798,40,1327.576171875,194.8857421875
7799,40,1321.673828125,194.7744140625
7800,40,1334.181640625,197.0107421875
7801,40,1327.13671875,195.275390625
7802,40,1326.728515625,195.2490234375
7803,40,1340.2177734375,197.9638671875
7804,40,1333.76953125,196.34375
7805,40,1334.3427734375,196.5478515625
7806,40,1343.7880859375,198.32421875
7807,40,1331.662109375,195.982421875
7808,40,1331.9033203125,195.279296875
7809,40,1336.4990234375,196.5439453125
7810,40,1325.6611328125,194.8193359375
7811,40,1328.224609375,194.6865234375
7812,40,1337.55078125,196.4375
7813,40,1332.55859375,195.2353515625
7814,40,1326.158203125,194.056640625
7815,40,1337.9208984375,196.25390625
7816,40,1328.8583984375,194.3125
7817,40,1327.7119140625,193.66015625
7818,40,1334.529296875,195.8994140625
7819,40,1328.0888671875,193.9033203125
7820,40,1330.7802734375,194.6396484375
7821,40,1333.7265625,195.626953125
7822,40,1327.47265625,194.072265625
7823,40,1324.59375,192.6630859375
7824,40,1328.7197265625,194.3466796875
7825,40,1325.916015625,193.7080078125
7826,40,1326.486328125,193.310546875
7827,40,1330.4052734375,194.7216796875
7828,40,1327.26953125,193.8046875
7829,40,1320.8369140625,194.216796875
7830,40,1325.73046875,195.2138671875
7831,40,1322.84375,194.2822265625
7832,40,1320.9345703125,194.220703125
7833,40,1326.509765625,195.3544921875
7834,40,1319.83984375,193.853515625
7835,40,1316.92578125,193.6171875
7836,40,1320.896484375,193.8974609375
7837,41,1308.9306640625,191.580078125
7838,41,1306.923828125,196.19921875
7839,41,1313.0439453125,197.3046875
7840,41,1306.60546875,195.7001953125
7841,40,1306.9619140625,206.4638671875
7842,40,1310.271484375,197.9365234375
7843,40,1313.16015625,197.404296875
7844,39,1323.1376953125,200.560546875
7845,39,1320.90234375,197.2451171875
7846,39,1314.087890625,195.712890625
7847,39,1314.880859375,196.814453125
7848,39,1314.158203125,195.80078125
7849,39,1309.5869140625,195.0234375
7850,39,1312.91015625,196.34375
7851,39,1313.6103515625,196.14453125
7852,39,1312.2373046875,195.322265625
7853,39,1314.5556640625,195.9560546875
7854,39,1316.2255859375,196.859375
7855,39,1312.2138671875,195.6123046875
7856,39,1309.6328125,194.904296875
7857,39,1314.2236328125,196.486328125
7858,39,1309.7978515625,194.7451171875
7859,39,1304.8984375,194.0615234375
7860,39,1308.1064453125,195.7138671875
7861,39,1296.2216796875,192.662109375
7862,39,1298.521484375,193.0478515625
7863,39,1306.89453125,194.787109375
7864,39,1297.8408203125,192.5439453125
7865,40,1296.109375,192.259765625
7866,40,1299.8701171875,195.7724609375
7867,40,1291.0087890625,193.5947265625
7868,40,1292.80078125,193.7080078125
7869,40,1298.2265625,195.533203125
7870,40,1293.6572265625,193.955078125
7871,40,1294.8095703125,193.5576171875
7872,40,1298.4619140625,195.3544921875
7873,40,1300.5439453125,194.6484375
7874,40,1303.3857421875,194.9716796875
7875,40,1317.318359375,198.115234375
7876,40,1305.75,195.505859375
7877,40,1309.0390625,195.6044921875
7878,40,1317.853515625,198.0400390625
7879,40,1304.431640625,194.7021484375
7880,40,1307.2109375,194.9814453125
7881,40,1316.66015625,197.90625
7882,40,1309.2587890625,195.7421875
7883,40,1309.3017578125,195.5830078125
7884,40,1316.8818359375,197.95703125
7885,40,1308.57421875,195.5888671875
7886,40,1311.375,195.943359375
7887,40,1319.4228515625,198.2080078125
7888,40,1318.78125,196.0654296875
7889,40,1313.3544921875,195.849609375
7890,40,1321.6318359375,198.8291015625
7891,40,1319.109375,196.306640625
7892,40,1320.673828125,197.482421875
7893,40,1327.9873046875,199.662109375
7894,40,1323.9423828125,197.326171875
7895,40,1325.2548828125,197.5361328125
7896,39,1337.3955078125,200.689453125
7897,39,1331.166015625,197.1796875
7898,39,1328.423828125,196.619140625
7899,39,1342.28515625,199.8720703125
7900,39,1333.958984375,197.0830078125
7901,39,1335.8388671875,198.025390625
7902,38,1345.841796875,200.7021484375
7903,38,1335.384765625,194.201171875
7904,38,1337.443359375,195.4208984375
7905,38,1345.943359375,197.6171875
7906,38,1333.650390625,194.3466796875
7907,38,1336.8837890625,195.4619140625
7908,38,1349.3251953125,198.84765625
7909,38,1339.8759765625,196.2021484375
7910,38,1341.255859375,196.853515625
7911,38,1349.0439453125,199.19921875
7912,38,1341.119140625,196.9599609375
7913,38,1344.869140625,197.92578125
7914,38,1349.9462890625,199.0419921875
7915,38,1341.197265625,196.58984375
7916,38,1341.2744140625,196.9873046875
7917,38,1346.177734375,198.431640625
7918,38,1336.6865234375,195.7099609375
7919,38,1334.69140625,195.76171875
7920,38,1342.185546875,197.546875
7921,38,1335.1005859375,194.90625
7922,38,1334.658203125,195.12109375
7923,38,1346.779296875,198.22265625
7924,38,1336.5869140625,195.265625
7925,38,1341.0283203125,194.87109375
7926,38,1354.1259765625,198.755859375
7927,38,1342.78125,195.75390625
7928,38,1341.919921875,195.5703125
7929,38,1349.8525390625,198.318359375
7930,38,1338.6455078125,195.0732421875
7931,38,1336.6845703125,194.9453125
7932,38,1343.076171875,197.4052734375
7933,38,1333.4853515625,194.6142578125
7934,38,1333.876953125,194.06640625
7935,38,1337.4287109375,197.0947265625
7936,38,1326.6650390625,193.3466796875
7937,38,1325.5439453125,192.818359375
7938,38,1329.8955078125,194.876953125
7939,38,1321.9462890625,192.2626953125
7940,39,1323.3134765625,192.1748046875
7941,39,1326.3173828125,197.076171875
7942,39,1315.5830078125,193.4091796875
7943,39,1319.0224609375,193.359375
7944,39,1322.2734375,195.6455078125
7945,40,1310.6611328125,191.0439453125
7946,40,1313.462890625,192.5537109375
7947,40,1317.5908203125,194.5556640625
7948,41,1310.421875,191.3505859375
7949,41,1312.1865234375,196.9248046875
7950,40,1315.7060546875,200.1064453125
7951,41,1308.9658203125,191.7783203125
7952,41,1317.154296875,197.6875
7953,40,1322.2333984375,200.3994140625
7954,40,1317.560546875,193.302734375
7955,40,1317.5068359375,193.3515625
7956,40,1327.1044921875,196.486328125
7957,40,1320.8076171875,193.767578125
7958,40,1322.0087890625,194.8720703125
7959,40,1334.91796875,198.0927734375
7960,40,1326.552734375,195.7978515625
7961,40,1330.2421875,196.4794921875
7962,40,1340.1513671875,199.591796875
7963,40,1332.091796875,196.880859375
7964,40,1335.0166015625,197.7177734375
7965,40,1342.404296875,199.9833984375
7966,40,1331.41015625,196.6455078125
7967,40,1334.4853515625,197.701171875
7968,40,1338.3896484375,199.333984375
7969,40,1329.2353515625,196.818359375
7970,40,1327.1220703125,196.1015625
7971,40,1337.8828125,198.9443359375
7972,40,1323.9580078125,195.5234375
7973,40,1323.244140625,195.3984375
7974,40,1327.623046875,197.1796875
7975,40,1319.798828125,194.8876953125
7976,40,1320.939453125,195.19140625
7977,40,1324.5146484375,196.5322265625
7978,40,1320.775390625,194.05078125
7979,40,1317.3623046875,194.84765625
7980,40,1321.169921875,196.1201171875
7981,40,1313.310546875,193.453125
7982,40,1314.568359375,193.7666015625
7983,40,1319.1748046875,195.1455078125
7984,40,1310.4912109375,193.0859375
7985,40,1311.7705078125,192.943359375
7986,40,1319.078125,194.9638671875
7987,40,1308.2373046875,192.779296875
7988,40,1312.580078125,193.326171875
7989,40,1318.0654296875,195.1494140625
7990,40,1313.6123046875,193.7529296875
7991,40,1313.8232421875,193.236328125
7992,40,1316.234375,194.0732421875
7993,40,1312.1943359375,192.5830078125
7994,40,1310.8994140625,192.515625
7995,40,1311.099609375,193.5
7996,41,1306.7119140625,191.71484375
7997,41,1304.875,196.4951171875
7998,41,1306.693359375,197.107421875
7999,41,1300.1484375,196.083984375
8000,41,1305.03125,197.05078125
8001,39,1326.8046875,210.869140625
8002,39,1327.5478515625,198.9716796875
8003,39,1331.4453125,199.896484375
8004,38,1343.4580078125,202.3427734375
8005,38,1327.41796875,195.265625
8006,38,1319.9970703125,193.8046875
8007,38,1327.6796875,196.1728515625
8008,38,1310.31640625,192.3125
8009,39,1304.26171875,192.005859375
8010,39,1305.9716796875,195.6953125
8011,39,1293.626953125,192.7041015625
8012,39,1295.724609375,192.767578125
8013,39,1299.6396484375,195.0166015625
8014,39,1293.2353515625,192.7626953125
8015,40,1296.7841796875,192.099609375
8016,40,1304.0888671875,196.8203125
8017,40,1295.4775390625,194.4541015625
8018,40,1303.341796875,195.736328125
8019,40,1311.771484375,198.2861328125
8020,40,1307.3876953125,196.1650390625
8021,40,1311.3203125,196.9033203125
8022,40,1317.6923828125,198.7919921875
8023,40,1312.0380859375,196.384765625
8024,40,1315.8525390625,196.4248046875
8025,40,1320.591796875,198.4384765625
8026,40,1313.9560546875,196.5634765625
8027,40,1316.5615234375,196.705078125
8028,40,1323.697265625,198.9208984375
8029,40,1315.6689453125,196.458984375
8030,40,1315.2763671875,196.27734375
8031,40,1321.9345703125,198.4248046875
8032,40,1320.1396484375,196.90234375
8033,40,1322.2724609375,197.416015625
8034,40,1333.9658203125,199.7763671875
1629,45,789.572265625,76.3369140625
1630,50,788.041015625,83.197265625
1631,55,788.3662109375,89.70703125
1632,60,788.8330078125,96.6298828125
1633,65,786.6044921875,104.41796875
1634,70,789.419921875,114.7548828125
1635,75,790.359375,127.228515625
1636,80,790.76953125,141.2197265625
1637,84,787.5859375,163.4248046875
1638,85,789.392578125,188.1796875
1639,85,788.5517578125,193.55859375
1640,85,790.833984375,193.9677734375
1641,85,788.5615234375,193.6669921875
1642,85,789.9755859375,193.744140625
1643,85,790.8125,193.8583984375
1644,85,793.03515625,194.611328125
1645,85,790.357421875,194.2958984375
1646,85,791.158203125,193.8828125
1647,85,791.0185546875,193.8603515625
1648,85,791.5810546875,194.3623046875
1649,85,792.125,194.4638671875
1650,85,791.9189453125,194.0693359375
1651,85,792.4873046875,194.236328125
1652,85,794.1396484375,194.6591796875
1653,85,794.314453125,194.7412109375
1654,85,792.4169921875,194.23828125
1655,85,792.7490234375,194.3857421875
1656,85,794.1181640625,194.6494140625
1657,85,794.8076171875,194.666015625
1658,85,792.8828125,194.259765625
1659,85,791.0166015625,193.619140625
1660,85,789.8251953125,193.078125
1661,85,789.3740234375,193.2216796875
1662,85,788.71484375,192.666015625
1663,86,786.380859375,192.005859375
1664,85,785.865234375,201.826171875
1665,86,780.5791015625,191.1474609375
1666,85,785.1474609375,201.4404296875
1667,86,783.1201171875,190.955078125
1668,85,781.2060546875,200.0263671875
1669,86,779.0380859375,189.50390625
1670,86,778.875,199.1015625
1671,86,782.1083984375,199.2802734375
1672,85,785.751953125,200.7568359375
1673,86,786.2275390625,191.306640625
1674,85,778.619140625,200.1357421875
1675,86,784.7802734375,191.12890625
1676,85,785.802734375,201.03125
1677,86,788.0234375,191.185546875
1678,86,781.279296875,199.984375
1679,86,781.0849609375,198.998046875
1680,86,776.43359375,198.2978515625
1681,82,926.12890625,230.9150390625
1682,82,928.2841796875,193.521484375
1683,82,928.1201171875,193.4794921875
1684,82,931.392578125,194.5654296875
1685,82,934.107421875,195.5
1686,82,931.1201171875,194.8515625
1687,82,932.4921875,194.73046875
1688,82,931.7255859375,194.671875
1689,82,933.4296875,195.171875
1690,82,933.3935546875,195.4296875
1691,82,931.9970703125,195.0693359375
1692,82,932.6142578125,194.974609375
1693,82,933.69140625,195.302734375
1694,82,933.3232421875,195.4443359375
1695,82,931.9072265625,195.25
1696,82,930.890625,194.939453125
1697,82,932.3662109375,195.4111328125
1698,82,933.416015625,195.8642578125
1699,82,932.53515625,195.7021484375
1700,82,931.8193359375,195.5732421875
1701,82,932.6572265625,195.720703125
1702,82,932.5810546875,195.8466796875
1703,82,933.9599609375,196.23046875
1704,82,934.0654296875,196.16015625
1705,87,603.787109375,132.2607421875
1706,92,604.017578125,160.5380859375
1707,90,645.78125,214.5908203125
1708,91,645.6005859375,191.244140625
1709,90,642.046875,202.66796875
1710,91,644.318359375,191.54296875
1711,91,635.59765625,197.9033203125
1712,91,633.6259765625,195.998046875
1713,91,630.6005859375,192.77734375
1714,92,616.91796875,187.1220703125
1715,92,607.4248046875,193.6767578125
1716,94,573.919921875,184.3818359375
1717,91,546.3701171875,218.3876953125
1718,96,512.5234375,156.494140625
1719,91,490.68359375,258.3603515625
1720,96,483.580078125,147.876953125
1721,91,497.8916015625,261.8662109375
1722,96,505.533203125,156.9443359375
1723,91,518.224609375,272.4912109375
1724,95,532.9189453125,165.560546875
1725,90,554.2880859375,255.9248046875
1726,93,589.0556640625,169.287109375
1727,91,597.1640625,212.1416015625
1728,93,600.1044921875,182.39453125
1729,92,566.9736328125,205.7998046875
1730,93,594.875,189.681640625
1731,91,599.5224609375,212.572265625
1732,93,602.146484375,181.53125
1733,91,588.83203125,210.9609375
1734,93,600.8984375,180.5849609375
1735,91,603.443359375,212.73828125
1736,93,609.943359375,182.201171875
1737,91,607.1181640625,214.4248046875
1738,93,607.68359375,181.5810546875
1739,91,608.50390625,213.505859375
1740,93,610.94140625,182.17578125
1741,91,611.1904296875,214.5693359375
1742,93,611.7978515625,182.0498046875
1743,91,613.4736328125,214.0615234375
1744,93,613.900390625,182.478515625
1745,91,612.951171875,214.7099609375
1746,93,613.326171875,182.8291015625
1747,91,615.044921875,215.1728515625
1748,96,396.5009765625,126.580078125
1749,93,401.919921875,218.76171875
1750,98,411.5771484375,153.8115234375
1751,93,429.46875,294.2412109375
1752,97,452.0341796875,164.2177734375
1753,92,452.7578125,271.0576171875
1754,97,453.3330078125,144.109375
1755,92,453.8349609375,271.025390625
1756,97,444.486328125,143.16796875
1757,92,456.8017578125,271.7666015625
1758,97,460.9150390625,144.732421875
1759,92,464.9521484375,275.9951171875
1760,97,459.9248046875,146.5390625
1761,92,460.76171875,275.5361328125
1762,97,462.0400390625,146.9970703125
1763,92,461.1171875,275.314453125
1764,97,459.3544921875,146.876953125
1765,92,464.9345703125,276.888671875
1766,97,464.0224609375,146.52734375
1767,92,464.1103515625,276.7783203125
1768,97,456.98046875,146.1865234375
1769,92,455.0947265625,272.775390625
1770,97,453.2490234375,145.6962890625
1771,92,420.478515625,255.0400390625
1772,97,413.2744140625,136.697265625
1773,92,416.0263671875,253.1171875
1774,97,411.0859375,136.3291015625
1775,92,405.169921875,247.439453125
1776,97,402.8251953125,132.7373046875
1777,92,404.4765625,244.892578125
1778,97,399.9462890625,131.193359375
1779,92,378.74609375,231.0244140625
1780,97,357.6669921875,115.24609375
1781,96,340.603515625,207.4736328125
1782,99,310.7509765625,170.861328125
1783,94,315.0615234375,282.0322265625
1784,99,322.93359375,133.865234375
1785,94,334.98046875,298.625
1786,99,343.6669921875,142.2587890625
1787,94,342.5068359375,305.6005859375
1788,99,342.314453125,141.9873046875
1789,94,335.0546875,302.19140625
1790,99,373.0009765625,151.96484375
1791,94,391.265625,350.8916015625
1792,98,398.8974609375,163.890625
1793,93,407.4306640625,284.33984375
1794,97,455.880859375,167.1083984375
1795,92,463.7236328125,284.158203125
1796,97,461.322265625,154.943359375
1797,92,444.9013671875,278.6376953125
1798,97,468.7724609375,156.0419921875
1799,92,484.857421875,298.0673828125
1800,97,482.916015625,160.0615234375
1801,92,445.8046875,272.1884765625
1802,97,452.8212890625,151.62109375
1803,92,462.525390625,280.7041015625
1804,97,460.603515625,153.125
1805,92,460.3115234375,279.9052734375
1806,97,459.658203125,152.8515625
1807,92,457.728515625,278.984375
1808,97,456.828125,152.146484375
1809,92,457.5361328125,278.744140625
1810,97,459.5498046875,152.4072265625
1811,92,457.1826171875,278.4833984375
1812,97,452.9443359375,150.0
1813,92,444.1708984375,271.6962890625
1814,97,437.84375,145.880859375
1815,92,437.69921875,268.67578125
1816,97,437.14453125,145.6044921875
1817,92,436.845703125,268.185546875
1818,97,436.44921875,145.484375
1819,92,436.6923828125,268.064453125
1820,97,436.7177734375,145.4697265625
1821,92,658.841796875,395.3310546875
1822,88,659.0615234375,229.48828125
1823,88,728.7216796875,197.2333984375
1824,89,714.9013671875,189.2109375
1825,89,708.109375,197.30078125
1826,90,706.62109375,191.650390625
1827,88,704.18359375,208.6142578125
1828,89,710.734375,185.361328125
1829,89,714.8369140625,195.2861328125
1830,89,719.9638671875,194.765625
1831,89,723.822265625,196.208984375
1832,89,729.779296875,199.99609375
1833,89,717.7197265625,199.8017578125
1834,89,728.0654296875,198.66796875
1835,89,719.7158203125,199.4248046875
1836,88,740.982421875,202.0302734375
1837,89,723.2001953125,189.015625
1838,89,731.4755859375,199.00390625
1839,89,708.25,196.470703125
1840,89,727.9951171875,197.9111328125
1841,89,729.7060546875,198.6240234375
1842,89,728.2880859375,199.662109375
1843,89,696.2685546875,194.521484375
1844,89,729.0341796875,198.3134765625
1845,88,719.13671875,200.00390625
1846,89,736.111328125,192.1669921875
1847,89,729.4404296875,199.0517578125
1848,89,737.6767578125,198.111328125
1849,89,728.1474609375,198.7412109375
1850,89,736.326171875,198.216796875
1851,89,734.765625,198.1806640625
1852,89,739.564453125,199.6787109375
1853,89,727.8427734375,198.5322265625
1854,89,742.484375,199.1171875
1855,89,734.220703125,197.4873046875
1856,89,738.8974609375,196.97265625
1857,89,712.291015625,193.4267578125
1858,89,728.7763671875,195.068359375
1859,89,737.6005859375,198.9248046875
1860,88,747.8291015625,202.984375
1861,88,738.5517578125,194.3857421875
1862,87,777.1123046875,201.8291015625
1863,87,792.990234375,194.052734375
1864,87,794.47265625,195.5107421875
1865,87,781.7431640625,194.6611328125
1866,87,784.6708984375,194.412109375
1867,87,784.6396484375,193.796875
1868,87,782.240234375,192.9658203125
1869,87,786.9091796875,193.5986328125
1870,88,775.017578125,189.830078125
1871,87,776.3505859375,203.07421875
1872,89,758.80078125,184.35546875
1873,89,741.3212890625,197.6318359375
1874,88,755.3359375,202.5927734375
1875,88,733.5224609375,193.0537109375
1876,89,747.5107421875,191.634765625
1877,89,732.2197265625,198.1181640625
1878,89,734.900390625,195.8486328125
1879,89,723.763671875,192.7431640625
1880,90,715.2763671875,189.9775390625
1881,89,723.3515625,203.59375
1882,90,718.6953125,190.8984375
1883,88,735.400390625,208.923828125
1884,89,728.6171875,186.7998046875
1885,89,739.3115234375,196.5302734375
1886,89,748.564453125,199.9140625
1887,88,757.90625,203.08984375
1888,88,757.580078125,193.1298828125
1889,89,741.513671875,188.3779296875
1890,90,724.8544921875,191.314453125
1891,89,713.8603515625,203.5400390625
1892,91,701.5654296875,183.6533203125
1893,89,683.875,208.2998046875
1894,90,701.6787109375,185.546875
1895,89,694.751953125,201.326171875
1896,91,695.7021484375,183.44921875
1897,89,690.93359375,210.4873046875
1898,91,700.0576171875,184.22265625
1899,89,691.1591796875,210.6767578125
1900,90,704.4599609375,185.5400390625
1901,89,704.10546875,201.78515625
1902,90,710.7392578125,185.15625
1903,89,708.5166015625,201.859375
1904,90,720.42578125,188.2587890625
1905,89,716.6904296875,204.3369140625
1906,90,725.322265625,189.42578125
1907,89,713.3740234375,203.482421875
1908,90,712.890625,185.603515625
1909,89,703.7451171875,200.625
1910,90,713.8427734375,185.7158203125
1911,89,705.35546875,201.25390625
1912,90,717.08203125,185.99609375
1913,89,711.7177734375,200.763671875
1914,91,711.7646484375,184.5166015625
1915,89,713.3779296875,213.0712890625
1916,90,722.4580078125,187.796875
1917,89,725.072265625,205.6318359375
1918,90,728.33203125,189.1611328125
1919,89,724.1982421875,202.8818359375
1920,90,715.1708984375,186.173828125
1921,89,694.314453125,205.2900390625
1922,90,741.119140625,190.138671875
1923,88,745.7451171875,209.1298828125
1924,90,737.2001953125,182.2783203125
1925,89,739.802734375,207.6044921875
1926,90,736.4892578125,188.828125
1927,89,738.4267578125,207.1708984375
1928,90,746.1767578125,192.1298828125
1929,89,744.0185546875,207.0146484375
1930,89,760.4072265625,198.7099609375
1931,89,745.7421875,196.2802734375
1932,88,771.9609375,202.3212890625
1933,88,782.5859375,197.41015625
1934,87,791.2041015625,200.0859375
1935,88,778.642578125,188.1650390625
1936,87,792.4482421875,201.0693359375
1937,88,783.2890625,186.1787109375
1938,88,773.533203125,195.8759765625
1939,88,771.0,194.5126953125
1940,88,769.0126953125,193.50390625
1941,89,764.611328125,192.1552734375
1942,89,754.50390625,196.119140625
1943,89,744.185546875,192.9423828125
1944,89,741.03125,193.8681640625
1945,89,736.7880859375,192.58984375
1946,89,738.5263671875,192.759765625
1947,91,682.4462890625,178.2666015625
1948,95,537.33984375,161.7802734375
1949,90,501.1396484375,232.9443359375
1950,95,512.5947265625,147.5048828125
1951,90,520.8486328125,242.787109375
1952,95,538.6357421875,159.048828125
1953,90,565.3984375,259.056640625
1954,94,578.3828125,168.2177734375
1955,89,601.890625,237.650390625
1956,93,629.2802734375,167.4609375
1957,88,656.220703125,233.3037109375
1958,90,694.888671875,177.60546875
1959,89,695.3974609375,200.7607421875
1960,90,699.2373046875,188.2353515625
1961,90,671.1015625,198.2646484375
1962,87,754.5166015625,220.1201171875
1963,88,744.673828125,185.90625
1964,88,760.8857421875,197.1630859375
1965,88,759.1064453125,197.408203125
1966,89,739.1767578125,188.619140625
1967,89,740.4345703125,199.6083984375
1968,89,748.69140625,199.22265625
1969,88,752.65625,201.19140625
1970,88,757.5595703125,195.7099609375
1971,88,739.9599609375,193.8681640625
1972,88,752.345703125,193.6357421875
1973,88,753.5908203125,193.4150390625
1974,88,757.7197265625,194.5361328125
1975,88,745.7998046875,193.8564453125
1976,89,743.671875,189.8544921875
1977,89,744.830078125,196.5791015625
1978,89,745.8330078125,197.1220703125
1979,89,734.01953125,197.0771484375
1980,89,744.7841796875,196.3720703125
1981,89,739.251953125,194.072265625
1982,89,745.2177734375,196.1357421875
1983,89,746.876953125,198.76953125
1984,89,754.861328125,198.0380859375
1985,89,756.712890625,198.884765625
1986,88,776.66796875,204.8623046875
1987,88,765.6005859375,197.9775390625
1988,88,776.1201171875,197.7412109375
1989,88,775.2060546875,196.759765625
1990,88,768.2763671875,196.15234375
1991,89,755.6904296875,190.82421875
1992,88,757.3671875,201.96484375
1993,89,746.7919921875,188.8359375
1994,88,761.03515625,201.400390625
1995,89,754.779296875,189.8154296875
1996,89,759.8212890625,199.3447265625
1997,88,757.31640625,200.9267578125
1998,88,768.052734375,194.2744140625
1999,88,774.923828125,196.927734375
2000,87,787.1611328125,200.751953125
2001,88,776.97265625,188.1181640625
2002,88,774.50390625,197.3447265625
2003,88,758.1669921875,192.755859375
2004,89,753.49609375,191.091796875
2005,88,748.3564453125,200.158203125
2006,89,748.3671875,190.8583984375
2007,89,749.6025390625,196.97265625
2008,89,740.107421875,194.2529296875
2009,90,718.47265625,188.0087890625
2010,88,736.7529296875,208.4677734375
2011,89,731.5791015625,186.3291015625
2012,90,726.677734375,190.873046875
2013,89,715.470703125,204.650390625
2014,90,718.5751953125,189.87109375
2015,89,701.93359375,202.857421875
2016,90,694.8759765625,186.4248046875
2017,88,723.689453125,210.4375
2018,88,746.5244140625,196.287109375
2019,88,731.8603515625,194.73828125
2020,87,785.7392578125,205.43359375
2021,87,804.6220703125,197.0927734375
2022,86,816.5751953125,201.119140625
2023,86,801.80859375,193.62890625
2024,87,805.23828125,192.2578125
2025,87,804.564453125,198.466796875
2026,86,813.8916015625,200.8193359375
2027,86,818.95703125,195.5771484375
2028,86,811.4423828125,194.3935546875
2029,86,816.44140625,195.2470703125
2030,86,820.046875,195.4482421875
2031,86,825.177734375,196.5751953125
2032,86,820.7734375,195.408203125
2033,86,813.3603515625,193.5107421875
2034,87,792.2587890625,188.443359375
2035,88,767.5625,186.767578125
2036,88,762.640625,196.919921875
2037,88,773.5107421875,197.162109375
2038,88,778.2158203125,199.494140625
2039,87,783.6708984375,201.3173828125
