2448,34,1331.171875,164.5791015625
2449,36,1330.23828125,178.3759765625
2450,37,1334.0390625,187.64453125
2451,38,1337.876953125,191.158203125
2452,38,1335.576171875,194.9345703125
2453,38,1334.861328125,194.8056640625
2454,38,1335.9736328125,195.6376953125
2455,38,1338.9951171875,195.90625
2456,38,1335.1982421875,194.875
2457,38,1336.205078125,194.91015625
2458,38,1340.2509765625,196.3134765625
2459,38,1336.5390625,194.986328125
2460,38,1332.8916015625,195.19140625
2461,38,1335.005859375,196.197265625
2462,38,1334.419921875,195.5869140625
2463,38,1336.513671875,195.8271484375
2464,38,1339.98828125,197.0556640625
2465,38,1334.451171875,195.3271484375
2466,38,1333.5498046875,195.09765625
2467,38,1337.69921875,196.322265625
2468,38,1333.8369140625,195.12109375
2469,38,1334.4423828125,195.23828125
2470,38,1339.3623046875,196.7783203125
2471,38,1336.3623046875,195.681640625
2472,38,1337.8837890625,196.0107421875
2473,38,1342.3232421875,197.3203125
2474,38,1340.71875,196.548828125
2475,38,1342.306640625,196.806640625
2476,38,1345.4140625,197.783203125
2477,38,1343.916015625,197.029296875
2478,38,1345.4208984375,197.427734375
2479,38,1348.2939453125,198.57421875
2480,38,1346.2216796875,197.5869140625
2481,38,1346.5537109375,197.5849609375
2482,38,1349.8720703125,198.7890625
2483,38,1348.1875,197.9658203125
2484,38,1348.7509765625,197.9599609375
2485,38,1351.919921875,199.21875
2486,38,1348.2197265625,197.6826171875
2487,38,1348.5361328125,197.60546875
2488,38,1351.2880859375,198.943359375
2489,38,1351.111328125,198.1826171875
2490,38,1349.01171875,198.0517578125
2491,38,1352.3291015625,199.697265625
2492,38,1352.4541015625,198.9453125
2493,38,1352.8193359375,198.796875
2494,38,1354.84375,199.7958984375
2495,38,1353.5712890625,198.845703125
2496,38,1352.9775390625,198.505859375
2497,38,1353.275390625,199.005859375
2498,38,1353.8193359375,198.748046875
2499,38,1350.7236328125,197.5458984375
2500,38,1353.0185546875,197.5771484375
2501,38,1355.7861328125,198.689453125
2502,38,1350.70703125,196.9296875
2503,38,1348.83984375,196.548828125
2504,38,1348.298828125,196.9873046875
2505,38,1342.7099609375,195.3916015625
2506,38,1341.72265625,195.0927734375
2507,38,1343.716796875,196.0908203125
2508,38,1337.7412109375,194.033203125
2509,38,1337.2666015625,194.1748046875
2510,38,1337.888671875,195.017578125
2511,38,1333.1708984375,193.6298828125
2512,38,1333.42578125,193.560546875
2513,38,1336.693359375,194.685546875
2514,38,1338.7587890625,194.822265625
2515,38,1336.72265625,194.005859375
2516,38,1340.3720703125,194.4384765625
2517,38,1346.919921875,196.1416015625
2518,38,1344.3125,194.9990234375
2519,38,1339.130859375,194.546875
2520,38,1339.515625,195.33984375
2521,38,1334.3935546875,193.494140625
2522,38,1340.408203125,194.798828125
2523,38,1343.2109375,195.974609375
2524,38,1337.666015625,194.3134765625
2525,38,1336.4462890625,194.12890625
2526,38,1339.685546875,195.140625
2527,38,1339.7197265625,194.3056640625
2528,38,1341.431640625,194.3505859375
2529,38,1344.29296875,195.345703125
2530,38,1337.6611328125,193.630859375
2531,38,1342.19140625,194.4833984375
2532,38,1343.294921875,195.2265625
2533,38,1342.1298828125,194.33203125
2534,38,1342.35546875,194.0986328125
2535,38,1344.6044921875,195.228515625
2536,38,1343.5732421875,194.5380859375
2537,38,1345.0341796875,194.7763671875
2538,38,1346.9990234375,195.5869140625
2539,38,1347.3076171875,195.0712890625
2540,38,1349.1982421875,195.111328125
2541,38,1350.0146484375,195.95703125
2542,38,1348.9765625,195.1611328125
2543,38,1349.5185546875,195.267578125
2544,38,1350.490234375,196.0966796875
2545,38,1349.6240234375,195.2392578125
2546,38,1349.3701171875,195.1748046875
2547,38,1351.548828125,196.21875
2548,38,1349.5087890625,195.447265625
2549,38,1346.98828125,195.2763671875
2550,38,1347.0185546875,196.1142578125
2551,38,1343.4736328125,194.732421875
2552,38,1343.287109375,194.544921875
2553,38,1342.4384765625,194.98828125
2554,38,1338.9404296875,193.6572265625
2555,38,1339.0869140625,193.6064453125
2556,38,1338.416015625,193.927734375
2557,38,1333.4111328125,192.533203125
2558,39,1331.578125,192.12890625
2559,39,1330.3515625,195.6689453125
2560,39,1327.2978515625,194.6923828125
2561,38,1341.388671875,202.5546875
2562,38,1346.6005859375,198.2109375
2563,38,1357.41796875,198.1162109375
2564,38,1362.12890625,199.38671875
2565,38,1360.33984375,198.3046875
2566,38,1352.1728515625,196.2001953125
2567,38,1348.2939453125,195.31640625
2568,38,1345.9345703125,195.564453125
2569,38,1340.6064453125,194.220703125
2570,38,1338.6787109375,193.6474609375
2571,38,1337.73828125,194.4208984375
2572,38,1337.77734375,193.9296875
2573,38,1338.734375,194.240234375
2574,38,1341.478515625,194.8427734375
2575,38,1338.953125,194.2734375
2576,38,1339.0224609375,194.2431640625
2577,38,1341.572265625,195.0126953125
2578,38,1340.353515625,194.5478515625
2579,38,1341.3505859375,194.7041015625
2580,38,1343.029296875,195.5361328125
2581,38,1342.2783203125,195.2001953125
2582,38,1343.88671875,195.3623046875
2583,38,1345.5830078125,195.83984375
2584,38,1343.4150390625,195.2548828125
2585,38,1344.3134765625,195.31640625
2586,38,1345.84375,196.021484375
2587,38,1344.87109375,195.5302734375
2588,38,1346.720703125,195.8427734375
2589,38,1348.3251953125,196.298828125
2590,38,1346.412109375,195.8388671875
2591,38,1346.5048828125,195.78515625
2592,38,1348.404296875,196.5751953125
2593,38,1347.4423828125,195.83203125
2594,38,1350.9873046875,196.09765625
2595,38,1355.3681640625,197.27734375
2596,38,1351.1201171875,196.416015625
2597,38,1352.119140625,196.2998046875
2598,38,1356.4189453125,197.8896484375
2599,38,1352.302734375,196.763671875
2600,38,1350.73828125,196.5029296875
2601,38,1357.240234375,198.2451171875
2602,38,1352.8837890625,197.2685546875
2603,38,1353.4775390625,197.2275390625
2604,38,1356.47265625,198.5390625
2605,38,1354.626953125,197.76171875
2606,38,1356.3642578125,198.2978515625
2607,38,1358.4541015625,199.0751953125
2608,38,1350.8056640625,197.1513671875
2609,38,1348.650390625,197.0908203125
2610,38,1349.56640625,198.02734375
2611,38,1338.9404296875,195.1845703125
2612,38,1338.0888671875,194.7509765625
2613,38,1338.2734375,195.06640625
2614,38,1330.5615234375,193.080078125
2615,38,1330.4619140625,193.427734375
2616,38,1333.3125,194.44140625
2617,38,1329.4208984375,193.5478515625
2618,38,1330.326171875,193.5810546875
2619,38,1332.349609375,194.3779296875
2620,39,1323.8359375,192.1005859375
2621,39,1323.0009765625,194.8935546875
2622,39,1327.5615234375,196.576171875
2623,39,1324.40234375,195.654296875
2624,39,1326.0654296875,195.8046875
2625,39,1329.8408203125,197.01953125
2626,39,1325.8837890625,195.89453125
2627,39,1325.94140625,195.8505859375
2628,39,1329.6123046875,197.21875
2629,39,1325.0146484375,196.0556640625
2630,39,1326.0703125,196.34765625
2631,39,1330.75,197.9619140625
2632,39,1322.92578125,196.0703125
2633,39,1329.9853515625,197.3994140625
2634,39,1334.0380859375,198.4716796875
2635,39,1329.9501953125,197.490234375
2636,39,1328.203125,197.2626953125
2637,39,1330.9423828125,198.279296875
2638,39,1326.7392578125,197.3486328125
2639,39,1323.130859375,197.7685546875
2640,39,1318.244140625,199.5966796875
2641,39,1319.544921875,198.775390625
2642,39,1324.6142578125,199.04296875
2643,38,1326.90234375,200.2080078125
2644,38,1325.0009765625,195.9296875
2645,38,1327.1025390625,196.27734375
2646,38,1331.09765625,198.0078125
2647,38,1330.6083984375,197.1982421875
2648,38,1332.6533203125,197.2744140625
2649,38,1336.22265625,198.8212890625
2650,38,1336.048828125,197.716796875
2651,38,1339.1337890625,197.84765625
2652,38,1343.56640625,199.15625
2653,38,1338.4755859375,197.361328125
2654,38,1340.8046875,197.412109375
2655,38,1344.1259765625,199.0234375
2656,38,1343.6845703125,198.0
2657,38,1348.87109375,198.759765625
2658,38,1350.2197265625,199.4423828125
2659,38,1347.7890625,198.27734375
2660,38,1346.341796875,198.0361328125
2661,38,1346.8583984375,198.6806640625
2662,38,1344.89453125,197.47265625
2663,38,1345.5498046875,197.5234375
2664,38,1346.6904296875,198.3125
2665,38,1346.568359375,197.353515625
2666,38,1346.6787109375,197.3466796875
2667,38,1348.3017578125,198.2607421875
2668,38,1349.7275390625,198.119140625
2669,38,1347.4130859375,197.216796875
2670,38,1346.5556640625,197.3544921875
2671,38,1349.9794921875,198.5234375
2672,38,1350.2275390625,197.986328125
2673,38,1350.830078125,197.6591796875
2674,38,1354.8740234375,199.1083984375
2675,38,1352.69921875,197.8134765625
2676,38,1352.1611328125,197.591796875
2677,38,1356.1767578125,198.75
2678,38,1355.0146484375,198.046875
2679,38,1355.4296875,197.7861328125
2680,38,1360.2763671875,199.3037109375
2681,38,1357.8056640625,198.5751953125
2682,38,1358.017578125,198.3896484375
2683,38,1363.9990234375,199.798828125
2684,38,1361.8916015625,199.103515625
2685,38,1363.294921875,199.5283203125
2686,37,1366.8427734375,200.3837890625
2687,37,1359.341796875,193.66796875
2688,37,1357.935546875,193.42578125
2689,37,1361.0322265625,194.3154296875
2690,37,1358.75,193.5546875
2691,37,1359.0732421875,193.677734375
2692,37,1361.58984375,194.53125
2693,37,1357.724609375,193.443359375
2694,37,1356.84375,193.0361328125
2695,37,1358.8564453125,194.03125
2696,37,1355.4697265625,193.162109375
2697,37,1354.9765625,193.26953125
2698,37,1357.6435546875,193.951171875
2699,37,1353.8203125,193.033203125
2700,37,1351.3212890625,193.0087890625
2701,37,1352.873046875,193.72265625
2702,37,1348.7958984375,192.548828125
2703,37,1348.12890625,192.4375
2704,37,1351.2998046875,193.2099609375
2705,37,1350.8662109375,192.921875
2706,37,1354.1435546875,193.6748046875
2707,37,1355.423828125,193.7666015625
2708,37,1351.4873046875,192.8203125
2709,37,1352.263671875,192.857421875
2710,37,1354.48828125,193.5595703125
2711,37,1351.84375,192.548828125
2712,38,1350.369140625,192.2099609375
2713,38,1352.66015625,197.6904296875
2714,38,1351.4140625,196.712890625
2715,38,1351.9453125,196.88671875
1039,43,503.4775390625,49.0771484375
1040,48,512.7958984375,53.3955078125
1041,53,512.390625,58.2158203125
1042,58,518.509765625,63.2275390625
1043,63,526.802734375,68.53515625
1044,68,533.109375,74.484375
1045,73,531.189453125,80.1318359375
1046,78,523.8349609375,87.5966796875
1047,83,510.0830078125,97.40234375
1048,88,501.8486328125,113.474609375
1049,93,493.0,136.970703125
1050,95,482.845703125,184.2763671875
1051,90,485.0966796875,232.2470703125
1052,95,485.4091796875,154.447265625
1053,90,484.3583984375,233.119140625
1054,95,492.0615234375,155.9658203125
1055,90,503.7197265625,240.6064453125
1056,95,468.966796875,154.69921875
1057,90,465.353515625,231.5380859375
1058,95,465.3037109375,156.9658203125
1059,90,499.0361328125,251.896484375
1060,91,537.732421875,184.63671875
1061,92,510.7421875,185.8203125
1062,91,554.7861328125,206.671875
1063,91,560.0029296875,196.8994140625
1064,91,562.734375,196.7060546875
1065,91,568.6533203125,198.12109375
1066,91,574.1953125,199.6806640625
1067,90,581.0498046875,201.4375
1068,90,592.423828125,194.5107421875
1069,90,594.8232421875,195.23046875
1070,90,600.21484375,197.125
1071,90,607.3486328125,198.9990234375
1072,89,616.6376953125,201.4013671875
1073,90,625.1806640625,189.3564453125
1074,89,639.6787109375,207.201171875
1075,89,655.6806640625,197.376953125
1076,88,672.365234375,201.62109375
1077,88,673.6171875,196.1943359375
1078,88,672.4130859375,196.3388671875
1079,88,665.8359375,196.3115234375
1080,88,667.0810546875,197.583984375
1081,85,757.052734375,219.92578125
1082,87,705.0703125,181.4228515625
1083,87,691.111328125,193.0244140625
1084,88,689.392578125,191.451171875
1085,87,684.1298828125,202.474609375
1086,88,672.9462890625,189.5751953125
1087,88,664.9052734375,198.521484375
1088,88,663.3505859375,196.869140625
1089,88,654.2578125,194.3759765625
1090,88,662.6640625,194.7626953125
1091,89,654.2236328125,191.69921875
1092,89,646.9951171875,196.1279296875
1093,89,648.12890625,196.294921875
1094,89,637.484375,194.2333984375
1095,90,626.583984375,191.9892578125
1096,89,626.083984375,204.9833984375
1097,90,615.095703125,187.4443359375
1098,90,599.552734375,196.861328125
1099,90,590.7255859375,194.033203125
1100,91,584.9736328125,190.904296875
1101,91,575.494140625,195.9609375
1102,92,561.419921875,191.6826171875
1103,91,565.5869140625,202.4658203125
1104,91,564.5556640625,193.466796875
1105,92,556.3291015625,190.1220703125
1106,92,557.9169921875,199.296875
1107,91,566.9814453125,201.1513671875
1108,92,561.9443359375,189.4736328125
1109,92,562.3017578125,197.85546875
1110,92,562.9169921875,198.125
1111,91,573.1865234375,201.822265625
1112,91,590.2890625,197.04296875
1113,90,602.3232421875,201.0869140625
1114,90,621.3388671875,198.150390625
1115,89,645.6630859375,205.64453125
1116,89,670.8173828125,197.4208984375
1117,88,672.9716796875,201.0302734375
1118,88,698.0078125,199.7099609375
1119,87,707.7177734375,203.3349609375
1120,87,719.4453125,195.7724609375
1121,87,732.7001953125,199.3359375
1122,86,736.7763671875,201.26171875
1123,86,747.8076171875,197.5927734375
1124,86,751.9462890625,199.39453125
1125,85,762.3447265625,200.6494140625
1126,86,763.4228515625,191.822265625
1127,85,764.2158203125,200.5625
1128,86,763.4765625,190.931640625
1129,85,768.3486328125,200.736328125
1130,86,755.375,187.9931640625
1131,86,715.806640625,193.55859375
1132,86,756.5419921875,194.8173828125
1133,86,732.5068359375,194.15625
1134,86,754.51953125,192.3564453125
1135,86,741.533203125,192.818359375
1136,87,752.4140625,191.4736328125
1137,87,738.009765625,197.3935546875
1138,87,750.431640625,195.80859375
1139,87,729.8818359375,195.9169921875
1140,87,745.9833984375,194.7294921875
1141,87,729.849609375,195.6298828125
1142,87,742.5419921875,194.4697265625
1143,87,726.9580078125,194.7666015625
1144,87,747.759765625,196.5556640625
1145,87,751.861328125,196.06640625
1146,87,753.953125,195.33203125
1147,87,747.3828125,193.314453125
1148,88,732.232421875,191.2138671875
1149,87,732.12109375,202.2666015625
1150,88,722.3115234375,188.9404296875
1151,88,715.9072265625,199.1708984375
1152,88,712.6943359375,198.8623046875
1153,88,710.47265625,197.9873046875
1154,88,694.6103515625,194.4501953125
1155,88,696.3173828125,194.2236328125
1156,89,655.802734375,190.603515625
1157,89,683.01171875,199.7724609375
1158,89,662.890625,194.08203125
1159,90,646.5361328125,189.6591796875
1160,90,629.6572265625,199.51171875
1161,89,638.916015625,200.029296875
1162,90,642.8125,186.8203125
1163,89,646.2509765625,202.7119140625
1164,90,647.9296875,188.8388671875
1165,89,641.7763671875,201.728515625
1166,90,651.9033203125,186.38671875
1167,90,627.6865234375,198.865234375
1168,90,627.126953125,198.703125
1169,89,660.7646484375,202.8935546875
1170,90,643.0693359375,187.3837890625
1171,90,650.1611328125,199.8671875
1172,90,627.2939453125,197.6357421875
1173,89,657.73046875,204.2802734375
1174,90,642.84375,189.9384765625
1175,87,701.9130859375,216.927734375
1176,89,680.169921875,181.9130859375
1177,88,705.4609375,201.1650390625
1178,88,684.8701171875,193.2744140625
1179,88,708.544921875,198.1962890625
1180,87,721.875,204.6201171875
1181,86,740.0888671875,200.7666015625
1182,87,689.68359375,186.708984375
1183,87,730.353515625,198.779296875
1184,86,742.052734375,203.4638671875
1185,85,761.30078125,201.4208984375
1186,86,725.5439453125,188.5205078125
1187,85,768.3662109375,203.6826171875
1188,85,774.25,194.208984375
1189,85,781.302734375,196.0625
1190,85,760.69921875,193.8076171875
1191,85,780.943359375,194.8984375
1192,85,779.228515625,194.380859375
1193,85,786.009765625,195.9033203125
1194,85,766.4609375,194.326171875
1195,86,771.3349609375,191.4521484375
1196,85,760.9775390625,201.9541015625
1197,86,754.6806640625,187.474609375
1198,86,750.30859375,195.9306640625
1199,86,754.259765625,197.052734375
1200,86,722.041015625,194.1103515625
1201,85,766.8203125,206.046875
1202,86,775.01171875,188.1865234375
1203,86,751.06640625,196.8603515625
1204,87,735.9501953125,190.751953125
1205,87,726.669921875,194.85546875
1206,87,724.294921875,195.8359375
1207,87,706.56640625,193.279296875
1208,88,711.69921875,191.2021484375
1209,88,704.4365234375,198.208984375
1210,88,694.568359375,197.3720703125
1211,88,705.69921875,194.4677734375
1212,88,706.7060546875,193.8232421875
1213,88,683.521484375,192.2734375
1214,89,691.6650390625,188.623046875
1215,89,691.6806640625,198.96484375
1216,88,710.970703125,200.921875
1217,88,709.8076171875,193.3759765625
1218,89,707.4482421875,191.693359375
1219,89,691.4052734375,195.2265625
1220,89,690.7060546875,193.302734375
1221,90,687.859375,188.560546875
1222,89,655.2470703125,201.4208984375
1223,90,676.9892578125,186.3642578125
1224,89,651.943359375,200.611328125
1225,90,679.4541015625,189.7568359375
1226,89,687.693359375,206.150390625
1227,89,694.75,193.1064453125
1228,89,702.798828125,195.025390625
1229,89,708.3828125,197.1162109375
1230,89,715.3720703125,199.4990234375
1231,88,725.0,201.9892578125
1232,88,723.9365234375,195.8427734375
1233,88,739.4921875,199.83203125
1234,87,761.263671875,205.0224609375
1235,87,734.2841796875,192.626953125
1236,86,784.994140625,201.125
1237,86,791.134765625,196.71484375
1238,86,789.4921875,197.08203125
1239,86,765.27734375,194.1611328125
1240,86,772.1787109375,196.095703125
1241,87,746.603515625,189.396484375
1242,87,745.3603515625,194.2294921875
1243,87,754.017578125,197.09765625
1244,92,615.3671875,160.8798828125
1245,88,691.4833984375,228.31640625
1246,88,716.078125,193.9345703125
1247,87,736.095703125,201.7421875
1248,87,754.572265625,196.044921875
1249,87,747.423828125,195.14453125
1250,88,739.7646484375,191.640625
1251,87,731.1982421875,200.7822265625
1252,88,746.2978515625,191.6611328125
1253,87,751.8544921875,206.9853515625
1254,87,772.123046875,199.53515625
1255,86,788.3955078125,205.2099609375
1256,85,804.8583984375,202.9833984375
1257,85,816.5400390625,197.5234375
1258,84,824.8515625,201.0283203125
1259,84,834.224609375,197.4150390625
1260,83,845.3984375,201.0302734375
1261,83,843.5908203125,193.9619140625
1262,83,846.505859375,194.9775390625
1263,83,850.20703125,196.9267578125
1264,83,850.376953125,198.1904296875
1265,83,848.37109375,196.677734375
1266,83,833.6474609375,196.087890625
1267,83,823.111328125,194.423828125
1268,83,822.0654296875,192.6240234375
1269,84,812.099609375,190.69921875
1270,84,808.318359375,194.0517578125
1271,84,804.59375,194.3935546875
1272,84,808.31640625,194.173828125
1273,84,810.9501953125,195.4765625
1274,84,818.9345703125,198.5537109375
1275,83,824.9931640625,201.5517578125
1276,83,830.5185546875,196.720703125
1277,83,837.04296875,198.2236328125
1278,83,839.5927734375,198.404296875
1279,83,837.4365234375,198.3310546875
1280,83,846.150390625,199.708984375
1281,82,851.2353515625,200.537109375
1282,82,858.572265625,192.7587890625
1283,82,863.16796875,192.6103515625
1284,83,846.8994140625,191.1220703125
1285,82,860.3466796875,201.5009765625
1286,82,855.5400390625,193.0673828125
1287,82,875.6162109375,195.7646484375
1288,81,893.873046875,202.07421875
1289,81,874.4873046875,195.56640625
1290,80,909.84375,201.4384765625
1291,79,932.1953125,201.2197265625
1292,78,946.6943359375,200.0517578125
1293,78,923.9775390625,195.59765625
1294,78,954.4609375,198.7265625
1295,78,950.865234375,197.1884765625
1296,78,956.57421875,198.91796875
1297,78,937.138671875,197.509765625
1298,78,937.21875,197.49609375
1299,77,958.380859375,200.2041015625
1300,78,944.5703125,189.9970703125
1301,78,949.51953125,197.79296875
1302,78,945.8486328125,196.2255859375
1303,78,947.0751953125,198.298828125
1304,78,956.5751953125,199.935546875
1305,77,953.4697265625,200.1689453125
1306,77,947.6015625,194.392578125
1307,77,953.2177734375,195.3740234375
1308,77,957.1123046875,195.4658203125
1309,77,960.6962890625,195.8798828125
1310,77,955.2587890625,195.462890625
1311,77,963.7998046875,196.3916015625
1312,77,963.0361328125,195.28515625
1313,77,950.966796875,196.8212890625
1314,77,964.671875,196.9169921875
1315,77,961.2138671875,198.400390625
1316,77,978.595703125,199.9921875
1317,76,989.9345703125,203.1826171875
1318,76,1001.7412109375,199.2265625
1319,76,962.5283203125,195.3984375
1320,76,991.0361328125,198.423828125
1321,73,1065.3095703125,220.2216796875
1322,72,1099.3974609375,200.8828125
1323,72,1109.2294921875,198.9677734375
1324,72,1086.35546875,195.322265625
1325,72,1099.1796875,198.7919921875
1326,72,1077.5625,195.6884765625
1327,72,1090.029296875,199.009765625
1328,72,1086.59375,197.9853515625
1329,72,1090.25390625,198.05859375
1330,71,1099.1982421875,200.5693359375
1331,71,1088.0966796875,197.9619140625
1332,71,1076.60546875,194.9091796875
1333,71,1093.1962890625,198.677734375
1334,71,1092.859375,198.595703125
1335,71,1078.9296875,195.9970703125
1336,71,1087.5498046875,198.0439453125
1337,71,1084.9296875,198.701171875
1338,71,1069.671875,194.7939453125
1339,71,1084.0498046875,198.2529296875
1340,71,1066.185546875,194.2509765625
1341,71,1081.4384765625,197.935546875
1342,71,1068.6318359375,194.6416015625
1343,71,1081.9501953125,197.953125
1344,71,1071.0458984375,195.0771484375
1345,71,1085.77734375,198.44140625
1346,71,1065.4765625,194.7080078125
1347,71,1083.455078125,198.99609375
1348,71,1061.5400390625,194.2236328125
1349,71,1078.302734375,198.0400390625
1350,71,1060.2529296875,193.6162109375
1351,71,1075.1279296875,197.1494140625
1352,71,1060.83203125,194.16796875
1353,71,1077.07421875,197.626953125
1354,71,1061.541015625,194.107421875
1355,71,1076.767578125,197.8720703125
1356,71,1061.4052734375,194.0888671875
1357,71,1076.9052734375,198.0419921875
1358,71,1058.67578125,194.4716796875
1359,71,1070.25,197.8818359375
1360,71,1072.533203125,196.83984375
1361,71,1082.19921875,197.9462890625
1362,70,1096.39453125,201.205078125
1363,70,1081.9267578125,196.3583984375
1364,70,1092.70703125,196.1533203125
1365,70,1090.2216796875,195.607421875
1366,70,1102.5966796875,197.4990234375
1367,70,1094.2744140625,196.94140625
1368,70,1074.6025390625,192.646484375
1369,70,1094.8701171875,196.7373046875
1370,70,1093.5693359375,196.638671875
1371,70,1075.8955078125,193.458984375
1372,70,1081.9970703125,194.1171875
1373,70,1079.9541015625,194.7841796875
1374,70,1077.666015625,192.951171875
1375,71,1075.70703125,191.779296875
1376,71,1089.818359375,198.1201171875
1377,71,1078.068359375,197.91015625
1378,71,1082.228515625,196.458984375
1379,71,1076.642578125,195.2900390625
1380,71,1089.5595703125,198.203125
1381,71,1078.9931640625,197.7685546875
1382,71,1078.310546875,196.3056640625
1383,71,1073.732421875,194.966796875
1384,71,1089.3740234375,197.95703125
1385,71,1088.2236328125,198.6591796875
1386,71,1081.9775390625,197.078125
1387,71,1075.3203125,195.64453125
1388,71,1089.880859375,198.9365234375
1389,71,1087.94140625,199.7763671875
1390,71,1065.3671875,195.1201171875
1391,71,1084.091796875,198.8173828125
1392,71,1063.796875,195.4892578125
1393,71,1072.806640625,197.419921875
1394,71,1076.37109375,198.5478515625
1395,71,1069.1708984375,196.8408203125
1396,71,1060.9912109375,195.337890625
1397,71,1074.7080078125,198.8115234375
1398,71,1071.435546875,198.7119140625
1399,71,1054.8134765625,194.95703125
1400,71,1077.4443359375,199.7099609375
1401,71,1053.44921875,195.60546875
1402,71,1071.39453125,199.7919921875
1403,71,1054.2119140625,196.6396484375
1404,71,1070.5,199.7470703125
1405,71,1070.392578125,199.5859375
1406,71,1059.0751953125,197.123046875
1407,70,1075.51171875,200.189453125
1408,70,1056.86328125,192.9228515625
1409,70,1078.75390625,196.6015625
1410,70,1076.2255859375,195.064453125
1411,70,1085.359375,195.8662109375
1412,70,1098.8359375,198.845703125
1413,70,1101.9892578125,199.283203125
1414,70,1094.248046875,197.345703125
1415,70,1084.6845703125,195.2265625
1416,70,1098.3125,198.767578125
1417,70,1103.7783203125,199.5751953125
1418,70,1092.10546875,196.9404296875
1419,70,1085.3984375,194.587890625
1420,70,1100.1083984375,198.12109375
1421,70,1103.3916015625,198.4541015625
1422,70,1094.2861328125,196.4443359375
1423,70,1086.115234375,193.7080078125
1424,70,1101.49609375,197.5556640625
1425,70,1105.8857421875,198.5830078125
1426,70,1092.3896484375,195.3486328125
1427,70,1088.6201171875,195.0703125
1428,70,1101.0703125,198.1240234375
1429,70,1109.2763671875,199.4345703125
1430,70,1098.4921875,197.435546875
1431,70,1098.125,196.7900390625
1432,70,1109.0078125,198.685546875
1433,69,1117.1943359375,200.021484375
1434,69,1103.6796875,193.044921875
1435,70,1097.5556640625,191.1025390625
1436,70,1113.330078125,199.583984375
1437,69,1122.818359375,200.5419921875
1438,69,1100.33984375,193.32421875
1439,69,1096.736328125,192.9970703125
1440,69,1117.2939453125,195.390625
1441,68,1069.7314453125,203.955078125
1442,68,1096.939453125,192.443359375
1443,68,1136.435546875,197.51953125
1444,68,1114.244140625,194.1943359375
1445,69,1110.8046875,191.8837890625
1446,69,1124.5751953125,198.115234375
1447,69,1135.8232421875,199.4521484375
1448,69,1117.5615234375,197.33203125
1449,69,1104.19921875,194.48046875
1450,69,1115.7177734375,197.0185546875
1451,69,1122.31640625,198.2744140625
1452,69,1111.4716796875,196.41015625
1453,69,1096.5107421875,193.2041015625
1454,69,1094.1982421875,194.3486328125
1455,69,1106.068359375,196.16796875
1456,70,1070.5615234375,189.0517578125
1457,69,1104.357421875,200.310546875
1458,70,1083.185546875,191.2685546875
1459,70,1080.0888671875,195.314453125
1460,70,1093.71484375,199.1767578125
1461,70,1065.8193359375,192.4326171875
1462,70,1090.80078125,197.974609375
1463,71,1064.24609375,191.5146484375
1464,70,1085.921875,200.4873046875
1465,71,1061.658203125,190.275390625
1466,71,1080.982421875,199.4677734375
1467,71,1059.8369140625,194.142578125
1468,71,1073.19140625,198.9228515625
1469,71,1055.439453125,192.8447265625
1470,71,1070.58203125,198.09765625
1471,71,1050.3701171875,192.5546875
1472,71,1068.712890625,197.8310546875
1473,72,1048.6376953125,192.2421875
1474,72,1054.228515625,198.73046875
1475,72,1045.5244140625,193.1875
1476,72,1055.92578125,196.73828125
1477,72,1055.53125,196.66015625
1478,72,1053.3251953125,195.1259765625
1479,73,1032.9873046875,188.6708984375
1480,73,1034.552734375,196.0615234375
1481,74,1025.5205078125,191.2373046875
1482,73,1023.7568359375,200.533203125
1483,74,1018.818359375,189.7109375
1484,74,1022.291015625,197.076171875
1485,74,1006.806640625,197.5009765625
1486,74,1007.6787109375,192.990234375
1487,74,1011.8642578125,195.3447265625
1488,75,998.9150390625,189.7255859375
1489,76,1003.30078125,191.0068359375
1490,76,988.3857421875,194.6806640625
1491,77,989.6171875,191.119140625
1492,77,996.4638671875,199.1806640625
1493,77,984.7578125,198.9375
1494,77,987.5478515625,197.107421875
1495,77,976.8896484375,195.154296875
1496,77,976.5146484375,197.0869140625
1497,77,959.986328125,197.05859375
1498,77,961.0830078125,193.646484375
1499,77,972.9443359375,197.7724609375
1500,77,953.603515625,192.4697265625
1501,77,954.6513671875,195.134765625
1502,78,944.296875,189.6826171875
1503,78,949.099609375,198.5693359375
1504,78,950.09765625,198.044921875
1505,78,936.6220703125,196.5234375
1506,78,932.947265625,193.947265625
1507,79,919.748046875,191.5341796875
1508,80,906.8525390625,191.412109375
1509,80,893.369140625,195.9169921875
1510,80,892.3935546875,195.197265625
1511,80,892.130859375,195.373046875
1512,80,884.740234375,194.705078125
1513,80,885.5888671875,194.896484375
1514,80,872.7099609375,192.7265625
1515,81,864.541015625,191.5458984375
1516,81,864.306640625,198.154296875
1517,81,857.138671875,197.2626953125
1518,81,862.099609375,197.04296875
1519,81,842.5107421875,193.333984375
1520,82,831.9921875,190.0615234375
1521,83,811.7001953125,188.400390625
1522,83,799.57421875,194.6484375
1523,84,774.103515625,187.2490234375
1524,85,776.7421875,192.03515625
1525,85,781.333984375,198.083984375
1526,85,789.5390625,199.8525390625
1527,84,795.240234375,201.3349609375
1528,84,798.759765625,195.5966796875
1529,85,784.9619140625,191.7763671875
1530,86,756.3603515625,189.41015625
1531,86,736.9091796875,192.2978515625
1532,89,599.130859375,176.296875
1533,86,681.6875,217.5126953125
1534,88,645.802734375,182.361328125
1535,89,621.474609375,190.3310546875
1536,90,608.935546875,190.5068359375
1537,89,608.1943359375,203.1259765625
1538,90,593.779296875,186.10546875
1539,88,609.8525390625,208.6943359375
1540,88,628.6806640625,194.19140625
1541,89,623.94140625,189.09375
1542,89,625.900390625,195.8603515625
1543,89,632.6181640625,197.841796875
1544,89,636.14453125,199.6611328125
1545,88,648.5859375,202.6455078125
1546,87,669.3359375,200.91796875
1547,87,684.751953125,193.6796875
1548,87,701.0205078125,197.4541015625
1549,86,712.90625,201.4228515625
1550,85,733.1513671875,202.5556640625
1551,85,732.87109375,193.7861328125
1552,85,739.6494140625,194.3984375
1553,85,740.9970703125,194.28515625
1554,85,742.0888671875,194.630859375
1555,85,745.109375,196.9521484375
1556,85,753.568359375,199.7099609375
1557,84,759.689453125,203.1533203125
1558,84,757.96484375,198.826171875
1559,84,757.78515625,198.619140625
1560,84,746.9775390625,195.3427734375
1561,82,783.2021484375,208.3203125
1562,84,772.3984375,183.4384765625
1563,84,772.6796875,195.111328125
1564,85,759.8798828125,187.7236328125
1565,85,731.583984375,192.294921875
1566,86,743.189453125,190.3564453125
1567,86,728.0908203125,199.4580078125
1568,85,745.384765625,201.626953125
1569,86,723.1748046875,190.7919921875
1570,86,737.3125,198.40234375
1571,86,734.9052734375,199.357421875
1572,84,757.0703125,209.9853515625
1573,85,710.55078125,189.138671875
1574,85,748.89453125,199.158203125
1575,85,757.03125,199.556640625
1576,84,759.603515625,202.1796875
1577,84,718.9287109375,193.109375
1578,84,751.1767578125,195.56640625
1579,84,744.5830078125,192.630859375
1580,84,750.546875,195.1103515625
1581,85,714.34375,190.2177734375
1582,85,745.98046875,198.0419921875
1583,85,741.08984375,197.5947265625
1584,85,756.994140625,199.09375
1585,84,759.19921875,200.0146484375
1586,84,744.1796875,194.8154296875
1587,84,762.193359375,195.7548828125
1588,84,759.857421875,199.41796875
1589,84,771.5068359375,199.8076171875
1590,84,749.228515625,198.4853515625
1591,84,763.23828125,197.9658203125
1592,84,743.4521484375,196.6923828125
1593,84,758.4287109375,197.05859375
1594,84,749.1435546875,196.5556640625
1595,84,745.4609375,198.029296875
1596,84,695.6240234375,192.521484375
1597,84,733.6201171875,194.4970703125
1598,84,729.9111328125,192.9912109375
1599,84,737.1455078125,195.662109375
1600,84,702.279296875,193.509765625
1601,84,737.3134765625,194.9931640625
1602,84,736.1591796875,198.306640625
1603,84,751.6923828125,196.8759765625
1604,84,741.94140625,197.6875
1605,84,754.0908203125,194.869140625
1606,84,740.3583984375,195.900390625
1607,84,756.005859375,196.1123046875
1608,84,744.8056640625,198.3193359375
1609,84,760.181640625,198.5849609375
1610,84,758.9150390625,199.962890625
1611,83,758.6708984375,201.07421875
1612,84,709.4853515625,190.513671875
1613,84,749.33203125,198.38671875
1614,84,746.9755859375,196.2861328125
1615,84,717.798828125,192.947265625
1616,84,745.126953125,193.90234375
1617,85,735.3125,189.46875
1618,85,740.3701171875,198.0205078125
1619,85,697.3740234375,193.3125
1620,85,739.2412109375,199.37109375
1621,85,729.5771484375,195.9453125
1622,86,705.51171875,191.6044921875
1623,86,689.2998046875,197.37109375
1624,86,685.2890625,197.43359375
1625,86,684.333984375,197.849609375
1626,86,685.3798828125,198.8857421875
1627,86,683.16796875,197.396484375
1628,87,664.8955078125,190.55078125
1629,87,668.5048828125,197.9482421875
1630,87,676.578125,199.2587890625
1631,86,700.015625,204.8935546875
1632,85,705.833984375,200.6376953125
1633,85,713.5947265625,192.9951171875
1634,86,711.068359375,191.091796875
1635,86,708.7900390625,199.62109375
1636,87,678.58984375,189.7119140625
1637,89,632.470703125,179.75390625
1638,91,585.044921875,181.169921875
1639,90,587.890625,206.48046875
1640,89,601.4013671875,200.8505859375
1641,90,608.3271484375,189.080078125
1642,90,594.0712890625,198.6591796875
1643,90,593.578125,198.8115234375
1644,89,606.6552734375,203.837890625
1645,89,620.6591796875,193.650390625
1646,89,627.0322265625,197.095703125
1647,88,638.580078125,201.509765625
1648,88,641.443359375,196.9111328125
1649,85,711.80859375,216.0810546875
1650,87,656.4677734375,180.990234375
1651,86,698.4111328125,201.62890625
1652,87,681.67578125,191.8212890625
1653,86,689.2529296875,201.5263671875
1654,87,649.94921875,189.8369140625
1655,86,697.390625,200.9736328125
1656,86,691.8505859375,196.6171875
1657,86,703.5400390625,194.859375
1658,86,686.927734375,195.0517578125
1659,86,701.8828125,193.494140625
1660,86,684.4609375,192.6435546875
1661,86,708.9560546875,193.919921875
1662,86,689.35546875,194.9365234375
1663,86,708.625,194.6611328125
1664,86,695.4501953125,195.376953125
1665,86,719.46875,198.466796875
1666,86,699.962890625,197.5478515625
1667,86,722.037109375,197.90234375
1668,85,711.8681640625,200.146484375
1669,86,721.8271484375,190.828125
1670,86,713.1943359375,197.94140625
