8409,35,1262.5849609375,124.0830078125
8410,40,1261.69140625,138.34375
8411,45,1260.8642578125,149.36328125
8412,49,1258.9033203125,162.0927734375
8413,52,1259.2353515625,172.8115234375
8414,54,1248.5224609375,177.7001953125
8415,56,1249.66796875,182.044921875
8416,57,1249.3623046875,186.453125
8417,58,1254.60546875,190.2861328125
8418,58,1262.123046875,195.0078125
8419,58,1265.18359375,195.109375
8420,58,1266.216796875,195.2607421875
8421,58,1264.8505859375,194.8857421875
8422,58,1265.283203125,194.828125
8423,58,1266.564453125,195.0810546875
8424,58,1264.43359375,194.6416015625
8425,58,1264.49609375,194.611328125
8426,58,1265.853515625,194.9130859375
8427,58,1263.6943359375,194.55859375
8428,58,1263.5771484375,194.44921875
8429,58,1265.345703125,194.7587890625
8430,58,1262.64453125,194.3076171875
8431,58,1261.8056640625,194.1748046875
8432,58,1263.0498046875,194.5068359375
8433,58,1259.0830078125,193.9638671875
8434,58,1258.8525390625,193.9033203125
8435,58,1260.9111328125,194.2509765625
8436,58,1261.142578125,194.1083984375
8437,58,1260.1123046875,193.923828125
8438,58,1260.5,194.087890625
8439,58,1261.5625,194.1259765625
8440,58,1260.69140625,194.0986328125
8441,58,1261.3984375,194.0400390625
8442,58,1259.046875,193.6611328125
8443,58,1258.7509765625,193.7880859375
8444,58,1260.6806640625,194.025390625
8445,58,1249.4716796875,193.798828125
8446,58,1250.1826171875,193.859375
8447,58,1251.041015625,193.9228515625
8448,58,1250.5419921875,192.916015625
8449,58,1254.318359375,193.3125
8450,58,1260.8955078125,194.3466796875
8451,58,1262.41015625,194.51953125
8452,58,1259.505859375,194.046875
8453,58,1259.03125,193.8076171875
8454,58,1261.2001953125,194.1884765625
8455,58,1260.21875,193.9541015625
8456,58,1260.35546875,193.943359375
8457,58,1261.63671875,194.08203125
8458,58,1259.087890625,193.646484375
8459,58,1259.6630859375,193.65234375
8460,58,1261.66796875,193.962890625
8461,58,1259.630859375,193.53515625
8462,58,1258.09765625,193.376953125
8463,58,1258.712890625,193.6533203125
8464,58,1257.640625,193.5146484375
8465,58,1251.5078125,192.734375
8466,59,1247.798828125,192.2587890625
8467,59,1246.7392578125,194.0859375
8468,59,1247.533203125,194.3466796875
8469,59,1246.841796875,194.2392578125
8470,59,1245.35546875,194.2001953125
8471,59,1243.076171875,193.7099609375
8472,59,1240.78125,193.3759765625
8473,59,1239.333984375,193.1826171875
8474,59,1239.099609375,193.4833984375
8475,59,1232.953125,192.716796875
8476,59,1225.1533203125,192.3310546875
8477,59,1220.8759765625,192.5966796875
8478,59,1219.564453125,192.26953125
8479,60,1219.310546875,192.16015625
8480,60,1219.8623046875,194.67578125
8481,60,1229.22265625,197.6025390625
8482,60,1229.404296875,197.568359375
8483,60,1229.462890625,197.244140625
8484,60,1230.4306640625,197.197265625
8485,60,1231.7421875,197.3427734375
8486,60,1231.0361328125,197.09375
8487,60,1231.591796875,197.171875
8488,60,1233.046875,197.298828125
8489,60,1232.16796875,197.0869140625
8490,60,1232.099609375,196.90234375
8491,60,1234.0302734375,197.1416015625
8492,60,1232.8525390625,196.9150390625
8493,60,1233.0244140625,197.0185546875
8494,60,1234.251953125,197.2822265625
8495,60,1231.76953125,196.748046875
8496,60,1232.7275390625,196.677734375
8497,60,1234.6025390625,197.1103515625
8498,60,1233.044921875,196.888671875
8499,60,1233.6171875,196.7880859375
8500,60,1235.2470703125,197.1279296875
8501,60,1231.9677734375,196.6318359375
8502,60,1232.3134765625,196.6455078125
8503,60,1234.3759765625,197.1416015625
8504,60,1231.9365234375,196.7275390625
8505,60,1233.302734375,196.6708984375
8506,60,1234.5654296875,196.9326171875
8507,60,1221.560546875,196.0859375
8508,60,1218.998046875,195.748046875
8509,60,1222.2080078125,195.69140625
8510,60,1224.703125,196.18359375
8511,60,1224.998046875,195.2421875
8512,60,1237.7509765625,195.5712890625
8513,60,1247.4453125,196.8603515625
8514,60,1246.25390625,196.6103515625
8515,60,1248.6513671875,196.662109375
8516,60,1250.4423828125,196.9755859375
8517,60,1248.619140625,196.6005859375
8518,60,1249.34375,196.6298828125
8519,60,1251.060546875,196.859375
8520,60,1249.68359375,196.5673828125
8521,60,1249.9931640625,196.556640625
8522,60,1251.1162109375,196.7314453125
8523,60,1248.9462890625,196.3408203125
8524,60,1248.2607421875,196.1845703125
8525,60,1249.5595703125,196.6435546875
8526,60,1249.7783203125,196.5908203125
8527,60,1250.58203125,196.822265625
8528,60,1244.92578125,196.05078125
8529,60,1245.4599609375,195.7587890625
8530,60,1249.48828125,196.4443359375
8531,60,1247.953125,196.12890625
8532,60,1249.3017578125,196.314453125
8533,60,1251.45703125,196.486328125
8534,60,1249.861328125,196.296875
8535,60,1249.818359375,196.0810546875
8536,60,1252.39453125,196.4951171875
8537,60,1244.947265625,195.607421875
8538,60,1242.6337890625,195.427734375
8539,60,1247.25,196.2978515625
8540,60,1242.9873046875,195.5244140625
8541,60,1244.654296875,195.6171875
8542,60,1249.3974609375,196.2646484375
8543,60,1251.9677734375,196.541015625
8544,60,1252.828125,196.71484375
8545,60,1263.9189453125,197.107421875
8546,60,1263.1318359375,197.064453125
8547,60,1264.8427734375,197.041015625
8548,60,1266.2158203125,197.21484375
8549,60,1264.9248046875,196.95703125
8550,60,1265.4873046875,197.0126953125
8551,60,1267.5556640625,197.1396484375
8552,60,1266.1513671875,196.8564453125
8553,60,1266.08984375,196.921875
8554,60,1267.39453125,197.0537109375
8555,60,1265.6142578125,196.8720703125
8556,60,1265.6357421875,196.7138671875
8557,60,1267.193359375,197.11328125
8558,60,1264.6728515625,196.68359375
8559,60,1264.537109375,196.6279296875
8560,60,1266.0595703125,196.9921875
8561,60,1261.134765625,196.3544921875
8562,60,1260.306640625,196.2275390625
8563,60,1262.80078125,196.748046875
8564,60,1262.833984375,196.6533203125
8565,60,1262.419921875,196.6435546875
8566,60,1259.94921875,196.38671875
8567,60,1254.70703125,195.5576171875
8568,60,1247.171875,194.51953125
8569,60,1241.4892578125,194.201171875
8570,60,1243.0810546875,195.5224609375
8571,60,1238.744140625,194.6650390625
8572,60,1237.85546875,194.1083984375
8573,60,1240.2509765625,194.5400390625
8574,60,1241.767578125,194.900390625
8575,60,1243.61328125,195.2607421875
8576,60,1244.7421875,195.3837890625
8577,60,1242.2421875,194.4775390625
8578,60,1244.576171875,194.583984375
8579,60,1249.21875,195.4013671875
8580,60,1248.904296875,195.3779296875
8581,60,1250.744140625,195.423828125
8582,60,1251.2646484375,195.6181640625
8583,60,1250.5537109375,195.3447265625
8584,60,1250.701171875,195.3671875
8585,60,1252.1337890625,195.6123046875
8586,60,1252.1416015625,195.5576171875
8587,60,1250.45703125,195.279296875
8588,60,1246.185546875,194.697265625
8589,60,1244.9228515625,194.458984375
8590,60,1246.36328125,194.8193359375
8591,60,1241.1591796875,193.71484375
8592,60,1239.0556640625,193.314453125
8593,60,1239.8408203125,193.7802734375
8594,60,1240.1884765625,193.783203125
8595,60,1237.416015625,193.19140625
8596,60,1237.1416015625,193.1943359375
8597,60,1239.3798828125,193.5439453125
8598,60,1238.7607421875,193.6982421875
8599,60,1235.5654296875,193.0654296875
8600,60,1234.7109375,193.041015625
8601,61,1228.41796875,192.23046875
8602,61,1225.029296875,195.986328125
8603,61,1224.4912109375,196.7119140625
8604,61,1222.2412109375,196.2216796875
8605,61,1221.095703125,195.94140625
8606,61,1224.681640625,196.2451171875
8607,61,1226.04296875,196.4755859375
8608,61,1227.3203125,196.640625
8609,61,1238.76953125,197.23046875
8610,61,1241.1328125,197.533203125
8611,61,1239.8837890625,196.974609375
8612,61,1240.091796875,196.9267578125
8613,61,1242.73046875,197.1796875
8614,61,1239.689453125,196.73046875
8615,61,1240.0029296875,196.359375
8616,61,1241.921875,196.6982421875
8617,61,1239.4443359375,196.1875
8618,61,1239.0107421875,196.2158203125
8619,61,1241.34765625,196.7705078125
8620,61,1241.2080078125,196.6767578125
8621,61,1240.3701171875,196.3154296875
8622,61,1239.126953125,196.2080078125
8623,61,1235.5498046875,195.740234375
8624,61,1234.1806640625,195.591796875
8625,61,1234.7470703125,195.9697265625
8626,61,1235.4130859375,195.9033203125
8627,61,1234.69921875,195.6337890625
8628,61,1234.27734375,195.5029296875
8629,61,1234.5283203125,195.5244140625
8630,61,1234.072265625,195.5263671875
8631,61,1232.9716796875,195.4716796875
8632,61,1231.169921875,195.494140625
8633,61,1223.97265625,194.6806640625
8634,61,1217.3916015625,194.2451171875
8635,61,1214.6201171875,194.6767578125
8636,61,1212.5751953125,194.5830078125
8637,61,1209.9833984375,194.203125
8638,61,1208.646484375,194.1181640625
8639,61,1208.3525390625,194.0869140625
8640,61,1207.962890625,194.01953125
8641,60,1239.662109375,203.4326171875
8642,60,1239.994140625,198.5595703125
8643,60,1240.7138671875,198.3876953125
8644,60,1241.8935546875,198.6845703125
8645,60,1237.98046875,197.580078125
8646,60,1237.267578125,197.0849609375
8647,60,1237.0009765625,197.384765625
8648,60,1233.568359375,196.73828125
8649,60,1233.2333984375,196.5048828125
8650,60,1234.8359375,196.9541015625
8651,60,1234.6044921875,196.884765625
8652,60,1231.177734375,196.25390625
8653,60,1226.853515625,195.8046875
8654,60,1225.4248046875,195.5693359375
8655,60,1223.51953125,195.0791015625
8656,60,1217.849609375,193.9345703125
8657,60,1219.4189453125,193.6806640625
8658,60,1222.26171875,194.458984375
8659,60,1220.7216796875,193.9677734375
8660,60,1219.34375,193.5009765625
8661,60,1219.7392578125,193.1103515625
8662,61,1208.5078125,191.3466796875
8663,61,1202.890625,194.970703125
8664,61,1200.0380859375,195.9775390625
8665,61,1194.1982421875,194.720703125
8666,61,1195.369140625,194.654296875
8667,61,1198.3955078125,195.65625
8668,61,1200.0361328125,195.8154296875
8669,61,1202.7890625,195.787109375
8670,61,1203.7880859375,195.9765625
8671,61,1205.845703125,195.875
8672,61,1201.8359375,194.2822265625
8673,61,1205.515625,194.150390625
8674,61,1211.2998046875,195.453125
8675,61,1214.787109375,195.8154296875
8676,61,1207.16796875,194.2666015625
8677,61,1209.705078125,194.8798828125
324,66,796.330078125,109.4521484375
325,71,794.2548828125,117.0576171875
326,76,791.271484375,129.380859375
327,81,787.8486328125,141.3544921875
328,85,777.876953125,162.8759765625
329,87,770.3232421875,184.341796875
330,87,761.6103515625,196.654296875
331,87,752.03515625,194.4287109375
332,87,746.34375,192.697265625
333,88,730.861328125,188.9013671875
334,88,719.7119140625,197.5751953125
335,88,711.4638671875,195.357421875
336,88,701.8486328125,192.369140625
337,89,693.953125,189.6787109375
338,89,685.833984375,193.49609375
339,90,672.6416015625,190.482421875
340,89,669.4140625,203.890625
341,90,656.978515625,186.1640625
342,90,651.4462890625,199.07421875
343,90,651.6669921875,198.7421875
344,90,654.1328125,199.3203125
345,89,658.6748046875,200.29296875
346,90,654.044921875,185.7021484375
347,89,661.001953125,201.65234375
348,90,672.2490234375,189.4228515625
349,89,667.0771484375,202.9365234375
350,90,662.779296875,187.56640625
351,89,662.3310546875,201.806640625
352,91,649.4169921875,183.494140625
353,90,647.810546875,205.9912109375
354,90,635.21484375,193.1455078125
355,90,638.7802734375,193.7353515625
356,90,640.4306640625,194.4111328125
357,90,636.6953125,193.9677734375
358,90,636.6123046875,194.50390625
359,90,642.5400390625,195.677734375
360,90,637.4677734375,194.884765625
361,88,747.6357421875,213.6181640625
362,90,674.8095703125,180.91796875
363,89,675.1904296875,202.103515625
364,90,676.2421875,189.0771484375
365,89,663.3388671875,202.1240234375
366,90,661.7177734375,185.78515625
367,90,637.30078125,198.0625
368,90,651.0517578125,198.3046875
369,90,631.7705078125,197.640625
370,90,651.10546875,199.037109375
371,90,627.740234375,197.0068359375
372,90,647.677734375,197.703125
373,90,639.66796875,197.5166015625
374,90,615.9541015625,194.744140625
375,89,657.83203125,200.09375
376,90,637.4951171875,184.5439453125
377,89,658.8916015625,202.501953125
378,90,656.8486328125,187.3837890625
379,89,654.0,201.6279296875
380,90,664.4150390625,188.97265625
381,89,653.6669921875,201.5302734375
382,90,658.78125,188.0869140625
383,89,674.8701171875,204.994140625
384,89,680.9208984375,192.408203125
385,89,681.150390625,193.74609375
386,89,693.5263671875,195.833984375
387,89,685.1201171875,194.43359375
388,89,698.5712890625,197.0126953125
389,89,707.9453125,198.6875
390,88,717.88671875,201.5947265625
391,88,721.626953125,196.7958984375
392,89,706.2158203125,191.76171875
393,88,716.8251953125,201.0126953125
394,88,720.6181640625,196.1005859375
395,88,727.2958984375,198.0927734375
396,88,718.9912109375,195.171875
397,88,715.0498046875,194.9208984375
398,88,701.7734375,196.158203125
399,88,711.84375,196.654296875
400,88,711.5703125,196.228515625
401,88,708.2060546875,197.353515625
402,88,720.142578125,198.3984375
403,87,722.6103515625,200.4072265625
404,88,740.056640625,189.7880859375
405,87,763.05078125,205.9072265625
406,87,782.1826171875,197.927734375
407,87,778.86328125,196.783203125
408,87,771.9462890625,194.482421875
409,87,767.4853515625,196.0224609375
410,88,757.02734375,192.24609375
411,86,763.3837890625,208.19140625
412,87,764.6650390625,188.8828125
413,87,776.259765625,197.3525390625
414,87,771.8916015625,198.076171875
415,87,768.130859375,196.5146484375
416,87,761.4775390625,192.8544921875
417,87,753.001953125,193.0498046875
418,88,739.8408203125,188.0625
419,87,742.890625,202.9521484375
420,88,750.0947265625,190.666015625
421,87,747.111328125,200.564453125
422,87,762.6064453125,193.1982421875
423,87,764.7158203125,193.255859375
424,87,765.8349609375,192.4814453125
425,87,773.5654296875,193.123046875
426,87,775.8994140625,194.21875
427,87,792.65234375,198.0625
428,87,796.958984375,198.935546875
429,87,786.9345703125,195.078125
430,87,802.587890625,199.77734375
431,87,799.25,198.7138671875
432,87,788.3056640625,198.21484375
433,87,783.8525390625,197.693359375
434,87,778.4833984375,197.5126953125
435,87,768.2880859375,196.0791015625
436,87,760.8759765625,195.28125
437,92,298.1201171875,78.2451171875
438,97,339.888671875,112.05078125
439,94,353.9482421875,215.5302734375
440,99,351.2109375,145.140625
441,94,359.7548828125,321.943359375
442,99,357.740234375,146.34765625
443,94,372.0107421875,332.3427734375
444,99,373.955078125,151.255859375
445,94,366.826171875,326.9091796875
446,99,372.046875,150.6904296875
447,94,369.830078125,328.4619140625
448,99,371.3193359375,149.7373046875
449,94,378.0078125,334.806640625
450,99,369.6533203125,149.7255859375
451,94,382.095703125,338.046875
452,99,381.9423828125,151.9599609375
453,94,378.00390625,335.5830078125
454,99,377.6435546875,152.78125
455,94,346.96484375,309.7353515625
456,99,361.765625,147.7978515625
457,94,367.6904296875,328.1376953125
458,99,357.228515625,147.1865234375
459,94,360.90625,320.986328125
460,99,357.724609375,147.2890625
461,94,367.69921875,326.48828125
462,99,379.2138671875,153.4912109375
463,94,367.296875,326.9365234375
464,99,381.4443359375,155.162109375
465,94,388.4072265625,344.8232421875
466,98,398.4951171875,161.8095703125
467,93,396.3818359375,270.1630859375
468,98,401.9833984375,143.349609375
469,93,405.189453125,274.87109375
470,98,401.9169921875,143.4169921875
471,93,407.3115234375,276.783203125
472,98,396.2421875,142.0107421875
473,93,406.6533203125,276.9384765625
474,98,418.2861328125,147.888671875
475,93,415.728515625,282.4638671875
476,98,409.2939453125,144.6611328125
477,93,405.974609375,275.8486328125
478,98,410.4599609375,144.353515625
479,93,411.845703125,278.390625
480,98,396.583984375,140.451171875
481,93,367.1826171875,254.5205078125
482,98,395.716796875,142.8125
483,93,390.693359375,267.931640625
484,98,409.1806640625,146.5390625
485,93,972.4208984375,647.1396484375
486,98,448.8525390625,151.556640625
487,93,338.6171875,243.4091796875
488,98,347.537109375,118.69140625
489,95,302.623046875,218.1943359375
490,99,345.5546875,164.2841796875
491,94,340.03125,315.4150390625
492,99,320.404296875,130.578125
493,94,322.298828125,300.2705078125
494,99,318.4287109375,131.4453125
495,94,303.0732421875,282.517578125
496,99,310.7294921875,131.10546875
497,94,297.6845703125,279.248046875
498,99,327.3193359375,137.12890625
499,94,327.6806640625,308.3359375
500,99,325.1044921875,135.6181640625
501,94,301.5068359375,283.4765625
502,99,301.0625,125.642578125
503,94,295.2255859375,277.7607421875
504,99,313.580078125,133.001953125
505,94,332.0576171875,313.3134765625
506,99,325.154296875,138.150390625
507,94,300.607421875,283.75
508,99,272.0888671875,117.193359375
509,94,279.408203125,263.759765625
510,99,306.5185546875,130.84765625
511,94,283.5634765625,267.9208984375
512,99,292.04296875,125.2900390625
513,94,288.0361328125,272.462890625
514,99,301.8994140625,128.67578125
515,94,258.7744140625,243.8740234375
516,99,295.3662109375,126.705078125
517,94,264.1083984375,249.49609375
518,99,309.2265625,131.4697265625
519,94,294.66015625,278.76953125
520,99,313.564453125,132.5029296875
521,94,311.912109375,294.7216796875
522,99,325.8916015625,136.7607421875
523,94,320.615234375,302.31640625
524,99,321.3857421875,133.94921875
525,94,321.5498046875,302.626953125
526,99,330.9873046875,137.4814453125
527,94,321.8271484375,303.0517578125
528,99,329.11328125,136.796875
529,94,339.35546875,320.2568359375
530,99,353.638671875,146.1025390625
531,94,294.1298828125,276.755859375
532,99,323.298828125,134.27734375
533,94,308.8662109375,290.4697265625
534,99,313.8095703125,130.6005859375
535,94,303.0517578125,284.7421875
536,99,316.783203125,131.34375
537,94,318.3251953125,300.0390625
538,99,328.796875,136.2880859375
539,94,337.1220703125,318.2587890625
540,99,357.26953125,151.3984375
541,94,365.5986328125,343.595703125
542,98,368.1435546875,163.744140625
543,93,429.748046875,322.29296875
544,95,460.8818359375,184.4267578125
545,90,479.3173828125,246.90234375
546,95,506.3681640625,160.2568359375
547,90,521.423828125,264.0244140625
548,94,542.0478515625,166.20703125
549,89,556.3173828125,236.8857421875
550,93,596.193359375,163.7470703125
551,91,561.3671875,210.513671875
552,91,619.099609375,194.896484375
553,93,586.1494140625,182.8505859375
554,90,590.4541015625,220.173828125
555,93,580.0166015625,169.599609375
556,90,581.7744140625,217.578125
557,93,614.966796875,174.158203125
558,89,627.564453125,225.787109375
559,92,647.080078125,170.55859375
560,91,643.412109375,206.06640625
561,91,650.8759765625,194.5732421875
562,89,695.2998046875,210.19140625
563,92,667.451171875,175.9072265625
564,88,707.3447265625,230.4814453125
565,92,655.56640625,166.75390625
566,89,672.939453125,221.0478515625
567,92,648.15625,171.181640625
568,89,666.9140625,216.115234375
569,92,629.2705078125,170.154296875
570,91,616.43359375,203.435546875
571,93,582.5732421875,184.208984375
572,91,568.14453125,213.7255859375
573,93,549.5693359375,176.912109375
574,90,574.314453125,215.9267578125
575,93,542.345703125,169.4560546875
576,92,536.2177734375,206.8466796875
577,94,535.015625,183.7041015625
578,90,529.1337890625,226.587890625
579,94,532.39453125,163.4375
580,90,540.7529296875,230.4384765625
581,94,536.4423828125,164.091796875
582,90,526.087890625,225.6015625
583,94,533.2958984375,164.0107421875
584,90,533.8662109375,228.4404296875
585,94,523.1279296875,162.0693359375
586,90,539.421875,229.546875
587,94,541.669921875,164.748046875
588,89,560.953125,236.0908203125
589,93,585.3369140625,163.2021484375
590,90,586.720703125,218.369140625
591,93,584.201171875,175.9130859375
592,90,588.81640625,219.5576171875
593,93,602.2998046875,176.4404296875
594,90,599.78125,222.7783203125
595,92,609.9384765625,181.1064453125
596,92,591.82421875,198.53515625
597,92,599.7080078125,199.20703125
598,92,561.6455078125,194.244140625
599,93,558.11328125,191.33984375
600,91,568.1142578125,215.44921875
601,86,975.9072265625,324.697265625
602,87,774.6806640625,188.140625
603,84,972.7314453125,222.1875
604,89,658.6484375,145.22265625
605,92,616.1689453125,174.173828125
606,92,543.32421875,192.578125
607,93,539.9013671875,191.5419921875
608,91,537.248046875,211.2685546875
609,94,518.8857421875,175.1982421875
610,91,504.5673828125,221.1552734375
611,92,553.529296875,184.8134765625
612,94,512.4833984375,182.2841796875
613,89,572.8154296875,242.677734375
614,93,574.0537109375,163.8427734375
615,91,574.517578125,215.462890625
616,93,569.486328125,181.57421875
617,91,570.56640625,214.2783203125
618,93,550.4130859375,181.3984375
619,91,562.587890625,212.8076171875
620,92,574.6162109375,186.4560546875
621,94,517.8974609375,181.453125
622,89,580.15234375,242.6689453125
623,94,578.716796875,157.9365234375
624,89,573.841796875,244.0283203125
625,94,567.162109375,157.4052734375
626,89,563.603515625,237.4345703125
627,94,567.96484375,158.861328125
628,89,568.7109375,239.9443359375
629,94,574.939453125,157.0625
630,89,570.6005859375,236.8076171875
631,93,590.75390625,161.458984375
632,89,601.5556640625,223.400390625
633,94,578.6513671875,158.390625
634,89,575.7216796875,241.8173828125
635,94,577.5361328125,158.6142578125
636,89,568.392578125,240.8095703125
637,94,570.263671875,158.380859375
638,89,566.1640625,236.9052734375
639,94,568.578125,156.7900390625
640,89,580.5244140625,242.998046875
641,94,567.119140625,158.3798828125
642,90,534.4140625,228.7353515625
643,93,562.33984375,170.9169921875
644,98,320.0517578125,130.40625
645,93,379.9521484375,264.7734375
646,98,400.4345703125,151.345703125
647,93,400.3955078125,277.77734375
648,98,398.7099609375,150.3251953125
649,93,398.8740234375,275.517578125
650,98,412.5673828125,151.2568359375
651,93,401.3505859375,275.951171875
652,98,410.5498046875,151.041015625
653,93,398.9619140625,273.6923828125
654,98,415.640625,151.53515625
655,93,408.5380859375,278.91796875
656,98,419.251953125,152.115234375
657,93,417.015625,284.9765625
658,98,416.966796875,152.0146484375
659,93,418.8583984375,286.513671875
660,98,413.919921875,152.3720703125
661,93,423.560546875,289.9755859375
662,98,440.458984375,159.3095703125
663,93,412.02734375,283.9033203125
664,98,424.765625,154.900390625
665,93,431.77734375,295.0576171875
666,98,416.595703125,151.8125
667,93,414.3779296875,283.3408203125
668,98,408.9677734375,149.6845703125
669,93,398.587890625,273.7978515625
670,98,405.2646484375,149.6748046875
671,93,405.2529296875,278.2841796875
672,98,405.0087890625,149.6005859375
673,93,406.3359375,279.1708984375
674,98,404.51171875,148.9462890625
675,93,406.357421875,279.7802734375
676,98,404.6376953125,149.4833984375
677,93,409.76171875,281.650390625
678,98,400.4345703125,147.4111328125
679,93,403.11328125,277.7216796875
680,98,401.4013671875,148.3095703125
681,93,397.3583984375,274.4970703125
682,98,394.5302734375,146.7451171875
683,93,394.33984375,272.623046875
684,98,394.015625,146.26953125
685,93,391.8193359375,270.8408203125
686,98,394.9072265625,146.654296875
687,93,395.580078125,273.8291015625
688,98,397.3125,147.8193359375
689,93,381.0185546875,263.421875
690,98,385.1826171875,144.0615234375
691,93,382.2373046875,264.099609375
692,98,376.787109375,141.9599609375
693,93,380.0234375,262.3916015625
694,98,381.1611328125,142.7548828125
695,93,383.205078125,265.3896484375
696,98,380.05859375,143.2529296875
697,93,400.6708984375,277.046875
698,98,403.16796875,149.7666015625
699,93,401.42578125,277.2548828125
700,98,400.2802734375,148.13671875
701,93,696.5751953125,459.0966796875
702,88,714.0498046875,254.4306640625
703,89,715.806640625,186.4970703125
704,89,715.8427734375,194.548828125
705,90,705.388671875,190.8642578125
706,89,712.6376953125,206.93359375
707,90,705.3486328125,192.1396484375
708,89,701.8154296875,203.9921875
709,90,696.5087890625,187.904296875
710,89,695.02734375,202.537109375
711,90,677.76953125,186.2392578125
712,90,683.4150390625,199.603515625
713,90,681.1884765625,199.0322265625
714,89,682.8994140625,200.330078125
715,91,667.375,184.23046875
716,89,682.7978515625,210.7685546875
717,90,678.982421875,185.4423828125
718,89,680.572265625,201.0107421875
719,90,669.2333984375,185.62890625
720,89,699.658203125,205.38671875
721,85,886.7451171875,227.337890625
722,87,865.6015625,177.7802734375
723,88,814.0078125,186.380859375
724,88,763.453125,195.171875
725,88,766.4033203125,197.849609375
726,88,773.6865234375,197.802734375
727,88,762.1259765625,195.2021484375
728,87,768.6025390625,200.0888671875
729,88,773.341796875,189.6982421875
730,87,780.3466796875,201.8828125
731,88,764.671875,185.8515625
732,88,766.0205078125,199.6767578125
733,87,761.8720703125,200.1982421875
734,89,749.990234375,183.51171875
735,88,749.7939453125,203.9833984375
736,88,742.685546875,197.9755859375
737,88,747.7333984375,197.181640625
738,88,742.56640625,195.203125
739,88,749.912109375,198.2646484375
740,88,739.1494140625,197.9541015625
741,88,736.8662109375,194.6416015625
742,88,737.642578125,197.9921875
743,88,741.783203125,196.359375
744,88,738.5625,196.2431640625
745,88,750.208984375,199.7431640625
746,88,736.5546875,198.20703125
747,88,749.9599609375,199.1318359375
748,88,754.75,198.0185546875
749,87,769.66015625,203.046875
750,88,758.193359375,191.44921875
751,87,770.046875,203.6123046875
752,87,778.421875,192.40625
753,87,788.138671875,195.4931640625
754,87,778.08203125,196.4296875
755,87,782.0107421875,195.919921875
756,87,784.126953125,196.3212890625
757,87,783.59375,197.1162109375
758,87,774.7197265625,196.8115234375
759,87,782.9326171875,196.6796875
760,87,783.7939453125,196.8935546875
761,87,792.1806640625,198.9365234375
762,87,783.8369140625,199.2138671875
763,87,793.9755859375,199.994140625
764,86,805.7607421875,202.328125
765,86,816.31640625,198.751953125
766,86,808.76171875,198.9443359375
767,86,814.0498046875,199.4404296875
768,85,821.330078125,201.0703125
769,85,823.9248046875,194.0908203125
770,85,824.8251953125,195.1494140625
771,85,831.2939453125,197.076171875
772,85,827.3994140625,197.251953125
773,90,187.3525390625,44.580078125
774,95,165.6083984375,53.8955078125
775,100,171.4814453125,86.9052734375
776,98,206.8095703125,211.5771484375
777,100,204.6123046875,142.0244140625
778,99,197.90234375,202.9404296875
779,100,203.6435546875,181.0556640625
780,95,228.9775390625,233.87109375
781,100,237.3388671875,116.8896484375
782,99,196.7236328125,201.486328125
783,97,234.43359375,209.451171875
784,100,241.0205078125,151.2216796875
785,95,251.1064453125,255.658203125
786,100,239.375,119.16796875
787,95,260.353515625,264.890625
788,100,263.5712890625,130.2392578125
789,95,264.03515625,269.234375
790,100,266.5478515625,131.8662109375
791,95,263.2783203125,268.625
792,100,264.2626953125,130.978515625
793,95,254.29296875,259.4541015625
794,100,265.3505859375,131.9140625
795,95,271.275390625,277.3701171875
796,100,274.8427734375,135.42578125
797,95,249.6748046875,255.330078125
798,100,276.33984375,136.5205078125
799,95,280.08984375,286.5615234375
800,100,273.5771484375,134.1337890625
801,95,240.1982421875,246.638671875
802,100,271.10546875,132.8271484375
803,95,269.7802734375,276.4169921875
804,100,272.576171875,133.6806640625
805,95,262.9052734375,269.521484375
806,100,291.2158203125,143.1015625
807,95,287.7978515625,294.13671875
808,100,302.958984375,149.7568359375
809,95,304.58203125,311.5986328125
810,100,316.591796875,154.7841796875
811,95,321.7734375,328.5927734375
812,90,663.8623046875,307.7802734375
813,90,631.7734375,199.9765625
814,91,607.7607421875,189.9716796875
815,92,584.2802734375,192.1943359375
816,92,573.34375,196.1533203125
817,92,583.6767578125,195.4931640625
818,92,573.0947265625,192.2666015625
819,92,583.212890625,195.4140625
820,92,590.1181640625,198.96484375
821,90,625.7197265625,211.55859375
822,88,700.162109375,212.794921875
823,87,741.9072265625,206.0947265625
824,86,779.978515625,204.87109375
825,85,786.8134765625,200.0830078125
826,85,843.7939453125,196.591796875
827,85,859.287109375,197.416015625
828,84,889.671875,201.40625
829,83,930.3076171875,201.453125
830,84,873.2822265625,190.2060546875
831,84,857.95703125,192.5390625
832,84,858.34375,195.4833984375
833,84,845.7529296875,195.349609375
834,84,834.5947265625,192.4228515625
835,85,803.2158203125,189.69921875
836,85,822.3876953125,197.888671875
837,85,821.673828125,198.7666015625
838,85,799.126953125,193.4228515625
839,85,796.392578125,194.78125
840,85,808.576171875,198.4013671875
841,83,942.3232421875,212.4365234375
842,84,879.748046875,189.6298828125
843,84,853.7333984375,197.626953125
844,85,822.5673828125,190.4189453125
845,84,821.625,201.20703125
846,84,815.361328125,192.935546875
847,84,815.5419921875,194.96484375
848,84,834.2744140625,199.2548828125
849,83,842.078125,200.21484375
850,83,841.837890625,194.2685546875
851,83,830.96484375,194.1435546875
852,83,849.3525390625,197.953125
853,83,847.0498046875,198.2998046875
854,83,835.521484375,196.3486328125
855,83,834.7001953125,198.5634765625
856,83,825.46484375,196.6875
857,83,824.6572265625,197.6611328125
858,83,826.0791015625,197.025390625
859,83,830.1201171875,199.6103515625
860,83,824.16796875,197.0
861,83,827.1767578125,199.328125
862,83,823.52734375,195.2998046875
863,83,825.2822265625,198.001953125
864,83,829.744140625,196.884765625
865,83,820.0810546875,193.703125
866,84,799.8984375,190.19921875
867,84,645.951171875,195.2177734375
868,84,645.9990234375,195.181640625
869,83,708.5341796875,202.9638671875
870,84,679.931640625,187.9658203125
871,84,704.650390625,194.6787109375
872,85,691.48828125,189.6572265625
873,85,688.6474609375,193.05859375
874,86,686.1630859375,190.7138671875
875,86,674.63671875,192.9306640625
876,88,662.109375,184.158203125
877,87,670.6435546875,202.0810546875
878,87,684.056640625,192.7021484375
879,88,686.9169921875,191.767578125
880,88,672.62109375,198.8779296875
881,88,678.671875,199.748046875
882,87,684.2333984375,201.9375
883,87,698.703125,194.162109375
884,87,716.5390625,199.5869140625
885,86,725.62109375,204.244140625
886,85,732.111328125,201.267578125
887,85,733.9287109375,193.8486328125
888,85,740.765625,196.4111328125
889,85,752.0673828125,197.7900390625
890,85,756.1181640625,198.3330078125
891,85,762.66796875,199.2451171875
892,85,760.3896484375,198.072265625
893,85,749.1513671875,193.35546875
894,86,741.16015625,191.8876953125
895,85,744.939453125,201.6484375
896,85,744.7666015625,194.146484375
897,85,753.9677734375,197.6962890625
898,84,758.1923828125,200.8203125
899,83,774.9560546875,200.271484375
900,83,774.4384765625,196.5791015625
901,83,781.9677734375,198.955078125
902,83,769.9072265625,193.37109375
903,83,778.27734375,194.3837890625
904,84,763.2587890625,187.9228515625
905,84,763.44140625,193.353515625
906,85,754.4169921875,190.5361328125
907,85,741.6181640625,192.279296875
908,86,741.361328125,190.8046875
909,86,736.91796875,199.3701171875
910,86,736.08203125,198.8974609375
911,86,717.5810546875,195.65234375
912,86,713.294921875,195.3798828125
913,86,705.7646484375,194.7587890625
914,86,709.73828125,196.310546875
915,86,710.2109375,195.8642578125
916,86,710.1396484375,195.0224609375
917,86,707.3818359375,193.58203125
918,87,704.7421875,192.060546875
919,87,712.9111328125,198.853515625
920,87,704.359375,198.1611328125
921,87,711.271484375,199.7021484375
922,87,715.0927734375,198.4462890625
923,87,701.826171875,192.9560546875
924,88,701.6328125,190.708984375
925,88,676.486328125,195.333984375
926,88,679.068359375,194.4150390625
927,89,660.4052734375,190.443359375
928,89,651.5771484375,192.9140625
929,90,638.39453125,188.9296875
930,90,627.4326171875,199.12890625
931,90,622.3681640625,196.4248046875
932,90,613.240234375,192.505859375
933,91,583.552734375,184.5498046875
934,92,561.8759765625,187.6142578125
935,93,537.1171875,189.072265625
936,92,528.7431640625,207.4267578125
937,93,521.83203125,185.85546875
938,92,527.6640625,206.9931640625
939,93,528.2392578125,187.5
940,92,520.4609375,206.0458984375
941,93,521.6474609375,187.2939453125
942,92,518.935546875,207.2265625
943,93,519.53125,187.287109375
944,91,535.669921875,213.654296875
945,92,546.0283203125,186.5439453125
946,92,551.4814453125,197.5869140625
947,92,555.7724609375,199.6552734375
948,92,552.751953125,199.3232421875
949,92,555.2919921875,199.4501953125
950,91,558.1162109375,200.3076171875
951,91,566.41015625,193.009765625
952,91,569.0,194.228515625
953,92,563.0732421875,192.123046875
954,91,574.2060546875,204.9951171875
