1432,35,1284.076171875,127.61328125
1433,40,1281.7568359375,142.3505859375
1434,45,1280.7685546875,154.255859375
1435,49,1279.9658203125,167.0927734375
1436,51,1279.4296875,177.8935546875
1437,53,1279.2607421875,178.9931640625
1438,54,1279.14453125,186.5078125
1439,55,1279.2333984375,188.0009765625
1440,56,1278.9755859375,190.396484375
1441,56,1254.7587890625,192.642578125
1442,56,1255.1845703125,192.4697265625
1443,56,1255.7978515625,192.4287109375
1444,56,1256.4375,192.5888671875
1445,56,1255.8994140625,192.4189453125
1446,56,1256.1806640625,192.359375
1447,56,1256.865234375,192.5498046875
1448,56,1256.3359375,192.4111328125
1449,56,1256.4091796875,192.447265625
1450,56,1257.759765625,192.736328125
1451,56,1256.7705078125,192.478515625
1452,56,1257.37109375,192.4794921875
1453,56,1258.8134765625,192.8095703125
1454,56,1257.7734375,192.5146484375
1455,56,1258.1318359375,192.53125
1456,56,1259.763671875,192.8759765625
1457,56,1257.841796875,192.52734375
1458,56,1261.1474609375,192.5029296875
1459,56,1264.236328125,192.99609375
1460,56,1262.8427734375,192.6708984375
1461,56,1263.8876953125,192.7265625
1462,56,1265.361328125,192.9716796875
1463,56,1266.5732421875,193.06640625
1464,56,1258.841796875,192.564453125
1465,56,1257.884765625,192.6142578125
1466,56,1257.82421875,192.611328125
1467,56,1257.169921875,192.595703125
1468,56,1254.83203125,192.455078125
1469,56,1255.85546875,192.3681640625
1470,56,1256.34765625,192.5205078125
1471,56,1260.279296875,192.8076171875
1472,56,1262.4189453125,193.0986328125
1473,56,1260.6171875,192.3798828125
1474,56,1268.9423828125,192.3046875
1475,56,1272.9677734375,192.9423828125
1476,56,1272.720703125,192.7431640625
1477,56,1274.4697265625,192.837890625
1478,56,1275.9931640625,193.1142578125
1479,56,1275.1904296875,192.8349609375
1480,56,1274.916015625,192.951171875
1481,56,1276.48046875,193.1064453125
1482,56,1274.728515625,192.7900390625
1483,56,1274.501953125,192.7783203125
1484,56,1275.9443359375,193.08984375
1485,56,1274.5185546875,192.8056640625
1486,56,1275.46484375,192.794921875
1487,56,1277.0595703125,193.0625
1488,56,1273.3623046875,192.47265625
1489,56,1273.3212890625,192.587890625
1490,56,1274.869140625,193.0458984375
1491,56,1273.578125,192.8056640625
1492,56,1273.8115234375,192.8115234375
1493,56,1275.9150390625,193.0224609375
1494,56,1276.2841796875,193.00390625
1495,56,1277.193359375,193.1318359375
1496,56,1272.138671875,192.9365234375
1497,56,1271.3173828125,193.033203125
1498,56,1271.2626953125,192.982421875
1499,56,1271.9619140625,193.0576171875
1500,56,1271.2548828125,192.828125
1501,56,1272.1845703125,193.0263671875
1502,56,1272.6796875,193.115234375
1503,56,1270.435546875,192.5283203125
1504,56,1274.67578125,192.4814453125
1505,56,1278.3095703125,193.1357421875
1506,56,1277.7265625,192.923828125
1507,56,1279.5439453125,192.970703125
1508,56,1281.2099609375,193.2548828125
1509,56,1281.216796875,193.0537109375
1510,56,1281.6083984375,193.109375
1511,56,1282.0751953125,193.2802734375
1512,56,1281.4462890625,193.08203125
1513,56,1280.9189453125,193.09375
1514,56,1281.806640625,193.1669921875
1515,56,1280.2734375,192.818359375
1516,56,1279.5888671875,192.7666015625
1517,56,1280.7333984375,193.048828125
1518,56,1280.3935546875,193.0263671875
1519,56,1280.8486328125,193.138671875
1520,56,1281.576171875,193.296875
1521,56,1276.830078125,193.00390625
1522,56,1278.2314453125,193.0205078125
1523,56,1276.71875,192.6162109375
1524,56,1276.56640625,192.59765625
1525,56,1278.21875,192.89453125
1526,56,1278.8779296875,192.921875
1527,56,1275.02734375,192.791015625
1528,56,1275.1787109375,192.8974609375
1529,56,1275.9931640625,193.083984375
1530,56,1274.3857421875,192.8125
1531,56,1275.6416015625,192.77734375
1532,56,1276.8193359375,193.072265625
1533,56,1277.6494140625,193.173828125
1534,56,1278.0810546875,193.0947265625
1535,56,1279.1611328125,193.33203125
1536,56,1276.5654296875,192.587890625
1537,56,1276.017578125,192.6708984375
1538,56,1279.466796875,193.353515625
1539,56,1278.515625,193.138671875
1540,56,1279.21875,193.0966796875
1541,56,1280.6015625,193.3408203125
1542,56,1279.5166015625,193.146484375
1543,56,1280.55859375,193.09765625
1544,56,1282.1806640625,193.435546875
1545,56,1280.396484375,193.0537109375
1546,56,1280.693359375,192.978515625
1547,56,1281.6884765625,193.2509765625
1548,56,1281.8359375,193.2451171875
1549,56,1282.7626953125,193.1923828125
1550,56,1282.0419921875,193.23046875
1551,56,1282.9140625,193.2724609375
1552,56,1283.35546875,193.2919921875
1553,56,1279.6220703125,192.8251953125
1554,56,1278.78125,192.8623046875
1555,56,1279.923828125,193.314453125
1556,56,1277.048828125,192.9248046875
1557,56,1276.037109375,192.880859375
1558,56,1277.3076171875,193.2998046875
1559,56,1277.646484375,193.39453125
1560,56,1277.7373046875,193.5126953125
1561,56,1278.6708984375,193.48046875
1562,56,1279.732421875,193.587890625
1563,56,1280.953125,193.5712890625
1564,56,1282.0595703125,193.6181640625
1565,56,1282.2314453125,193.583984375
1566,56,1281.9921875,193.40234375
1567,56,1279.005859375,192.810546875
1568,56,1279.07421875,192.828125
1569,56,1281.5517578125,193.5693359375
1570,56,1280.76953125,193.453125
1571,56,1281.58984375,193.4453125
1572,56,1283.5849609375,193.7880859375
1573,56,1282.5322265625,193.669921875
1574,56,1282.7890625,193.7041015625
1575,56,1283.6728515625,193.9423828125
1576,56,1282.5087890625,193.6298828125
1577,56,1282.630859375,193.50390625
1578,56,1283.46875,193.5830078125
1579,56,1282.9658203125,193.466796875
1580,56,1282.939453125,193.451171875
1581,56,1282.0517578125,193.4521484375
1582,56,1282.154296875,193.5458984375
1583,56,1282.107421875,193.595703125
1584,56,1282.1357421875,193.619140625
1585,56,1276.623046875,193.31640625
1586,56,1275.5625,193.0654296875
1587,56,1275.404296875,193.0791015625
1588,56,1276.99609375,193.427734375
1589,56,1276.0947265625,193.41015625
1590,56,1275.888671875,193.41015625
1591,56,1274.0283203125,193.1708984375
1592,56,1273.484375,192.9951171875
1593,56,1272.544921875,192.88671875
1594,56,1271.837890625,192.8212890625
1595,56,1271.896484375,192.87890625
1596,56,1271.9560546875,192.8544921875
1597,56,1270.861328125,192.6865234375
1598,56,1269.708984375,192.4404296875
1599,56,1269.6005859375,192.505859375
1600,56,1269.650390625,192.6181640625
1601,56,1266.5126953125,194.6611328125
1602,56,1267.2294921875,194.47265625
1603,56,1267.412109375,194.41015625
1604,56,1268.2333984375,194.537109375
1605,56,1267.357421875,194.2841796875
1606,56,1267.2646484375,194.2080078125
1607,56,1268.11328125,194.4912109375
1608,56,1267.3935546875,194.298828125
1609,56,1267.5673828125,194.41015625
1610,56,1268.234375,194.625
1611,56,1268.814453125,194.521484375
1612,56,1266.9091796875,194.1845703125
1613,56,1267.7392578125,194.2177734375
1614,56,1269.3740234375,194.5322265625
1615,56,1270.1103515625,194.5390625
1616,56,1270.845703125,194.6875
1617,56,1270.1123046875,194.1416015625
1618,56,1271.169921875,194.1181640625
1619,56,1272.490234375,194.09375
1620,56,1269.5400390625,193.728515625
1621,56,1268.697265625,193.57421875
1622,56,1268.78125,193.904296875
1623,56,1266.9453125,193.673828125
1624,56,1266.3251953125,193.6015625
1625,56,1264.7392578125,193.3544921875
1626,56,1265.4111328125,193.376953125
1627,56,1266.033203125,193.53515625
1628,56,1265.138671875,193.359375
1629,56,1265.1796875,193.21875
1630,56,1265.732421875,193.376953125
1631,56,1268.3388671875,193.6875
1632,56,1266.2119140625,192.8251953125
1633,56,1269.556640625,192.888671875
1634,56,1273.748046875,193.7060546875
1635,56,1272.578125,193.4521484375
1636,56,1273.603515625,193.568359375
1637,56,1275.3759765625,193.8759765625
1638,56,1276.3125,193.8974609375
1639,56,1276.546875,193.75
1640,56,1277.1630859375,193.71875
1641,56,1276.771484375,193.736328125
1642,56,1276.9228515625,193.7275390625
1643,56,1277.361328125,193.7119140625
1644,56,1278.5869140625,193.654296875
1645,56,1279.197265625,193.8369140625
1646,56,1279.408203125,193.91015625
1647,56,1279.16015625,193.896484375
1648,56,1279.8095703125,193.9384765625
1649,56,1274.8681640625,193.1982421875
1650,56,1274.73046875,193.0771484375
1651,56,1275.708984375,193.6416015625
1652,56,1274.3037109375,193.5458984375
1653,56,1274.572265625,193.5791015625
1654,56,1272.5361328125,193.142578125
1655,56,1271.947265625,192.984375
1656,56,1273.2841796875,193.1865234375
1657,56,1274.9658203125,193.2431640625
1658,56,1276.5302734375,193.4091796875
1659,56,1277.0625,193.5009765625
1660,56,1278.4814453125,193.5517578125
1661,56,1277.482421875,193.3095703125
1662,56,1277.4189453125,193.3583984375
1663,56,1278.283203125,193.5361328125
1664,56,1276.2626953125,192.9140625
1665,56,1280.9091796875,192.9951171875
1666,56,1285.0341796875,193.513671875
1667,56,1284.2978515625,193.2734375
1668,56,1285.380859375,193.3095703125
1669,56,1286.4326171875,193.5654296875
1670,56,1285.4951171875,193.2099609375
1671,56,1285.75390625,193.236328125
1672,56,1286.4150390625,193.4716796875
1673,56,1285.21875,193.25390625
1674,56,1284.576171875,193.17578125
1675,56,1285.6904296875,193.4912109375
1676,56,1285.9951171875,193.353515625
1677,56,1286.1953125,193.4296875
1678,56,1286.416015625,193.4052734375
1679,56,1286.7099609375,193.359375
1680,56,1287.0126953125,193.5654296875
1681,56,1281.568359375,192.787109375
1682,56,1279.5947265625,192.81640625
1683,56,1279.830078125,193.0927734375
1684,56,1278.5234375,192.828125
1685,56,1276.5888671875,192.6552734375
1686,56,1275.728515625,192.4345703125
1687,56,1276.90234375,192.7646484375
1688,56,1278.548828125,192.970703125
1689,56,1279.5107421875,192.9638671875
1690,56,1280.2958984375,193.087890625
1691,56,1281.408203125,193.1552734375
1692,56,1281.0361328125,193.0654296875
1693,56,1281.2744140625,193.10546875
1694,56,1281.935546875,193.26953125
1695,56,1279.2861328125,192.578125
1696,56,1279.0029296875,192.5419921875
1697,56,1281.560546875,193.294921875
1698,56,1280.6083984375,193.099609375
1699,56,1282.376953125,193.05859375
1700,56,1283.7470703125,193.2666015625
1701,56,1282.291015625,192.9033203125
1702,56,1282.404296875,192.9248046875
1703,56,1283.6640625,193.189453125
1704,56,1284.0107421875,193.2900390625
1705,56,1282.3046875,193.0126953125
1706,56,1282.4228515625,193.0478515625
1707,56,1283.501953125,193.2275390625
1708,56,1284.1748046875,193.29296875
1709,56,1284.876953125,193.412109375
1710,56,1285.4423828125,193.466796875
1711,56,1285.2939453125,193.630859375
1712,56,1285.6416015625,193.5849609375
1713,56,1280.2265625,192.8291015625
1714,56,1278.701171875,192.720703125
1715,56,1280.4775390625,193.302734375
1716,56,1278.58203125,192.888671875
1717,56,1279.345703125,193.0263671875
1718,56,1280.86328125,193.3017578125
1719,56,1280.0859375,193.166015625
1720,56,1281.0009765625,193.177734375
1721,56,1282.388671875,193.4384765625
1722,56,1283.3779296875,193.4345703125
1723,56,1285.029296875,193.423828125
1724,56,1284.03515625,193.2021484375
1725,56,1284.0107421875,193.1845703125
1726,56,1284.5126953125,193.3857421875
1727,56,1282.8349609375,192.82421875
1728,56,1285.1376953125,192.921875
1729,56,1289.1953125,193.37890625
1730,56,1288.0576171875,193.1357421875
1731,56,1289.5615234375,193.2060546875
1732,56,1290.798828125,193.376953125
1733,56,1289.2509765625,193.0712890625
1734,56,1289.521484375,193.095703125
1735,56,1290.5146484375,193.349609375
1736,56,1289.158203125,193.11328125
1737,56,1289.166015625,193.150390625
1738,56,1290.08984375,193.4130859375
1739,56,1288.7080078125,193.1943359375
1740,56,1287.8505859375,193.0869140625
1741,56,1289.111328125,193.431640625
1742,56,1289.291015625,193.328125
1743,56,1289.15625,193.2294921875
1744,56,1289.1884765625,193.279296875
1745,56,1281.5478515625,192.603515625
1746,56,1275.921875,192.396484375
1747,56,1274.5888671875,192.8955078125
1748,56,1274.3056640625,192.8232421875
1749,56,1274.1181640625,192.748046875
1750,56,1274.0458984375,192.765625
1751,56,1274.0546875,192.755859375
1752,56,1274.400390625,192.7509765625
1753,56,1274.259765625,192.671875
1754,56,1274.404296875,192.6787109375
1755,56,1274.3291015625,192.6455078125
1756,56,1273.2958984375,192.4736328125
1757,56,1272.71484375,192.4326171875
1758,56,1272.8095703125,192.49609375
1759,56,1272.2412109375,192.4150390625
1760,56,1271.77734375,192.330078125
1761,57,1248.76953125,191.875
1762,57,1249.6962890625,195.431640625
1763,57,1250.1064453125,195.3935546875
1764,57,1250.375,195.400390625
1765,57,1250.642578125,195.310546875
1766,57,1250.8525390625,195.3701171875
1767,57,1250.8740234375,195.3681640625
1768,57,1251.2841796875,195.3486328125
1769,57,1251.474609375,195.4609375
1770,57,1251.9453125,195.552734375
1771,57,1252.5361328125,195.5859375
1772,57,1252.369140625,195.669921875
1773,57,1252.923828125,195.66796875
1774,57,1253.6494140625,195.728515625
1775,57,1255.1298828125,195.9169921875
1776,57,1255.224609375,195.9501953125
1777,57,1250.388671875,195.375
1778,57,1252.1025390625,195.4658203125
1779,57,1253.2685546875,195.5068359375
1780,57,1250.0791015625,195.3173828125
1781,57,1250.0498046875,195.3076171875
1782,57,1250.134765625,195.2109375
1783,57,1251.37109375,195.2900390625
1784,57,1252.1435546875,195.2138671875
1785,57,1253.3818359375,195.2060546875
1786,57,1253.87109375,195.205078125
1787,57,1255.4453125,195.3779296875
1788,57,1256.0029296875,195.3876953125
1789,57,1255.888671875,195.3525390625
1790,57,1256.201171875,195.30078125
1791,57,1260.05078125,195.5576171875
1792,57,1260.9677734375,195.6455078125
1793,57,1271.1328125,196.107421875
1794,57,1274.0732421875,196.361328125
1795,57,1275.01953125,196.41015625
1796,57,1275.4375,196.46484375
1797,57,1276.3447265625,196.5576171875
1798,57,1276.7099609375,196.5859375
1799,57,1276.9140625,196.642578125
1800,57,1277.5556640625,196.623046875
1801,57,1277.23828125,196.5263671875
1802,57,1277.333984375,196.490234375
1803,57,1277.376953125,196.5263671875
1804,57,1277.923828125,196.5634765625
1805,57,1277.8310546875,196.5869140625
1806,57,1278.45703125,196.572265625
1807,57,1279.53515625,196.724609375
1808,57,1279.5458984375,196.8291015625
1809,57,1273.2822265625,196.53125
1810,57,1274.8193359375,196.6484375
1811,57,1275.8154296875,196.7919921875
1812,57,1274.396484375,196.7373046875
1813,57,1274.03125,196.68359375
1814,57,1274.0029296875,196.6796875
1815,57,1274.609375,196.671875
1816,57,1275.04296875,196.8017578125
1817,57,1276.1123046875,196.884765625
1818,57,1278.4072265625,196.990234375
1819,57,1280.1142578125,197.126953125
1820,57,1280.7197265625,197.146484375
1821,57,1280.8330078125,197.1279296875
1822,57,1281.13671875,197.16796875
1823,57,1281.6494140625,197.2724609375
1824,57,1282.025390625,197.2529296875
1825,57,1281.3447265625,197.345703125
1826,57,1283.54296875,197.4560546875
1827,57,1284.3427734375,197.3701171875
1828,57,1284.7607421875,197.4130859375
1829,57,1285.1630859375,197.4921875
1830,57,1284.9716796875,197.4697265625
1831,57,1284.4765625,197.5009765625
1832,57,1284.4619140625,197.466796875
1833,57,1284.5791015625,197.4755859375
1834,57,1285.181640625,197.5634765625
1835,57,1285.30859375,197.6220703125
1836,57,1285.7099609375,197.609375
1837,57,1285.9912109375,197.693359375
1838,57,1286.232421875,197.7236328125
1839,57,1286.5244140625,197.80078125
1840,57,1286.7685546875,197.7919921875
1841,57,1279.7490234375,197.609375
1842,57,1281.1953125,197.6748046875
1843,57,1282.33984375,197.8720703125
1844,57,1283.001953125,197.81640625
1845,57,1283.6953125,197.79296875
1846,57,1283.5400390625,197.859375
1847,57,1283.79296875,197.83984375
1848,57,1284.3427734375,197.90625
1849,57,1284.970703125,198.0244140625
1850,57,1285.005859375,198.015625
1851,57,1285.634765625,198.078125
1852,57,1285.8701171875,198.0830078125
1853,57,1284.96484375,197.9755859375
1854,57,1285.1513671875,197.9482421875
1855,57,1286.39453125,198.224609375
1856,57,1286.9345703125,198.341796875
1857,57,1286.8759765625,198.1689453125
1858,57,1289.037109375,198.248046875
1859,57,1290.0107421875,198.322265625
1860,57,1290.5810546875,198.30078125
1861,57,1290.876953125,198.28125
1862,57,1290.921875,198.3330078125
1863,57,1290.8701171875,198.3203125
1864,57,1291.384765625,198.40234375
1865,57,1290.96484375,198.306640625
1866,57,1291.0341796875,198.302734375
1867,57,1290.3935546875,198.2880859375
1868,57,1290.8896484375,198.2001953125
1869,57,1290.849609375,198.294921875
1870,57,1290.759765625,198.302734375
1871,57,1290.81640625,198.283203125
1872,57,1290.4306640625,198.2880859375
1873,57,1282.2578125,197.8720703125
1874,57,1283.1240234375,197.958984375
1875,57,1283.0185546875,197.9560546875
1876,57,1280.9140625,197.474609375
1877,57,1280.794921875,197.43359375
1878,57,1281.578125,197.67578125
1879,57,1282.2080078125,197.611328125
1880,57,1282.474609375,197.638671875
1881,57,1283.1748046875,197.6923828125
1882,57,1284.3515625,197.6884765625
1883,57,1284.1708984375,197.6572265625
1884,57,1285.4609375,197.7978515625
1885,57,1285.86328125,197.734375
1886,57,1286.0166015625,197.75390625
1887,57,1285.5888671875,197.7431640625
1888,57,1286.2646484375,197.703125
1889,57,1283.8076171875,197.224609375
1890,57,1285.400390625,197.26171875
1891,57,1287.45703125,197.685546875
1892,57,1286.3427734375,197.384765625
1893,57,1286.33203125,197.404296875
1894,57,1287.064453125,197.6513671875
1895,57,1287.322265625,197.5576171875
1896,57,1287.5546875,197.6005859375
1897,57,1287.5390625,197.693359375
1898,57,1286.8095703125,197.5732421875
1899,57,1286.0,197.4931640625
1900,57,1285.68359375,197.4306640625
1901,57,1284.837890625,197.4033203125
1902,57,1284.583984375,197.453125
1903,57,1283.376953125,197.349609375
1904,57,1283.4619140625,197.4326171875
1905,57,1269.1201171875,197.1533203125
1906,57,1271.4775390625,196.9755859375
1907,57,1272.5732421875,196.873046875
1908,57,1272.8212890625,196.9091796875
1909,57,1273.3466796875,196.94921875
1910,57,1272.3515625,196.6416015625
1911,57,1272.7666015625,196.7197265625
1912,57,1272.6171875,196.7685546875
1913,57,1272.94921875,196.796875
1914,57,1271.48828125,195.9638671875
1915,57,1268.755859375,196.02734375
1916,57,1269.119140625,196.0693359375
1917,57,1268.4365234375,195.751953125
1918,57,1267.8916015625,195.6201171875
1919,57,1267.888671875,195.7958984375
1920,57,1267.904296875,195.6796875
1921,57,1247.23046875,196.0322265625
1922,57,1247.25390625,195.6201171875
1923,57,1248.0380859375,195.5634765625
1924,57,1249.0595703125,195.744140625
1925,57,1248.0693359375,195.2861328125
1926,57,1248.81640625,195.3046875
1927,57,1250.9130859375,195.60546875
1928,57,1249.30078125,195.201171875
1929,57,1249.138671875,195.2021484375
1930,57,1251.1142578125,195.7939453125
1931,57,1252.232421875,195.8349609375
1932,57,1253.0205078125,195.8720703125
1933,57,1254.59765625,195.982421875
1934,57,1252.7861328125,195.4990234375
1935,57,1253.5439453125,195.7119140625
1936,57,1255.29296875,196.029296875
1937,57,1252.40625,195.6240234375
1938,57,1247.39453125,194.923828125
1939,57,1246.3232421875,194.6875
1940,57,1247.00390625,195.072265625
1941,57,1244.009765625,194.5224609375
1942,57,1244.1748046875,194.3662109375
1943,57,1245.79296875,194.78125
1944,57,1248.4111328125,194.984375
1945,57,1250.720703125,195.1259765625
1946,57,1248.9482421875,194.5556640625
1947,57,1250.3515625,194.6142578125
1948,57,1251.4853515625,194.7958984375
1949,57,1250.388671875,194.482421875
1950,57,1251.1640625,194.4599609375
1951,57,1252.462890625,194.7529296875
1952,57,1251.162109375,193.8896484375
1953,57,1260.712890625,194.171875
1954,57,1267.931640625,195.265625
1955,57,1266.7978515625,194.8544921875
1956,57,1268.287109375,194.931640625
203,62,1165.529296875,152.7685546875
204,66,1195.1240234375,168.306640625
205,68,1173.6533203125,178.91015625
206,70,1152.224609375,183.8779296875
207,70,1162.0380859375,193.90234375
208,70,1179.5556640625,196.7109375
209,70,1155.98828125,192.8349609375
210,71,1142.607421875,191.4111328125
211,71,1155.458984375,197.4609375
212,70,1180.8193359375,201.1162109375
213,70,1155.4072265625,192.6142578125
214,71,1138.27734375,191.0244140625
215,71,1147.44921875,195.603515625
216,71,1168.2724609375,198.7119140625
217,71,1146.15234375,195.5517578125
218,71,1136.0146484375,194.1689453125
219,71,1149.853515625,196.078125
220,71,1169.9892578125,199.0556640625
221,71,1149.87109375,196.12109375
222,71,1134.5361328125,194.4287109375
223,71,1146.5068359375,195.0791015625
224,71,1164.994140625,198.06640625
225,71,1145.9072265625,195.2216796875
226,71,1133.3662109375,193.845703125
227,71,1146.27734375,195.525390625
228,71,1165.2001953125,198.4375
229,71,1144.0068359375,195.4560546875
230,71,1131.65234375,194.03515625
231,71,1141.0546875,195.3955078125
232,71,1155.625,197.3076171875
233,71,1135.1884765625,194.2861328125
234,71,1124.416015625,192.9443359375
235,71,1134.8154296875,194.23828125
236,71,1155.5185546875,197.7041015625
237,71,1135.89453125,194.912109375
238,71,1120.9599609375,192.8681640625
239,71,1130.287109375,193.7568359375
240,71,1146.892578125,196.60546875
241,70,1139.7666015625,207.482421875
242,70,1136.5693359375,197.474609375
243,70,1130.1455078125,194.8623046875
244,70,1133.1748046875,194.38671875
245,70,1156.8544921875,197.8251953125
246,70,1131.8017578125,193.9375
247,71,1108.7763671875,188.439453125
248,71,1135.119140625,197.2236328125
249,70,1162.548828125,200.99609375
250,71,1129.5439453125,191.8466796875
251,71,1117.0537109375,194.5771484375
252,71,1126.53515625,195.4599609375
253,71,1141.681640625,198.369140625
254,71,1117.9921875,195.0791015625
255,71,1108.33984375,193.2705078125
256,71,1125.3466796875,195.9794921875
257,71,1144.5771484375,199.197265625
258,71,1118.3076171875,194.7216796875
259,71,1103.9267578125,192.65234375
260,71,1123.9521484375,195.6904296875
261,71,1135.896484375,197.486328125
262,71,1114.2705078125,193.7392578125
263,71,1103.7724609375,192.845703125
264,71,1118.3427734375,194.603515625
265,71,1135.0625,197.69921875
266,71,1126.4833984375,196.1259765625
267,71,1120.8994140625,194.9716796875
268,71,1113.6591796875,194.201171875
269,71,1110.291015625,194.2490234375
270,76,581.4658203125,100.05078125
271,81,583.8486328125,109.9853515625
272,86,597.451171875,127.7255859375
273,91,597.080078125,155.7880859375
274,90,617.494140625,202.6953125
275,90,626.37890625,193.3515625
276,90,622.4736328125,192.4228515625
277,90,637.8955078125,195.2421875
278,90,642.5712890625,197.1796875
279,90,638.06640625,195.0205078125
280,90,633.48046875,193.3828125
281,90,648.98046875,196.830078125
282,90,653.3818359375,198.349609375
283,90,649.798828125,196.0966796875
284,90,645.1416015625,195.0478515625
285,90,661.353515625,199.1650390625
286,89,667.4638671875,201.1962890625
287,91,661.662109375,183.7509765625
288,90,655.8798828125,207.0341796875
289,90,666.6884765625,198.9677734375
290,89,672.6826171875,201.20703125
291,91,665.9228515625,183.4091796875
292,90,660.73046875,206.8701171875
293,90,671.853515625,198.90625
294,89,678.1357421875,201.3193359375
295,91,670.193359375,183.77734375
296,90,662.6484375,207.1552734375
297,90,673.3330078125,198.6708984375
298,89,678.1220703125,200.6376953125
299,91,670.2724609375,182.849609375
300,90,663.595703125,206.0556640625
301,90,673.78515625,198.3720703125
302,89,682.1845703125,200.5537109375
303,91,671.19921875,182.67578125
304,90,665.1943359375,206.400390625
305,90,677.1435546875,198.431640625
306,90,682.142578125,199.693359375
307,90,670.857421875,195.6494140625
308,90,665.6650390625,194.849609375
309,90,679.591796875,198.2861328125
310,89,685.0078125,200.4951171875
311,91,674.8984375,183.3173828125
312,90,666.234375,206.6982421875
313,90,678.93359375,198.5078125
314,89,686.3779296875,200.2373046875
315,91,673.6708984375,182.7021484375
316,90,668.408203125,206.1767578125
317,90,680.5224609375,198.3544921875
318,89,686.1201171875,200.0380859375
319,91,676.4833984375,182.9296875
320,90,668.154296875,206.4267578125
321,90,675.60546875,196.57421875
322,90,684.03515625,198.87890625
323,90,672.5224609375,195.1630859375
324,90,665.9560546875,193.5654296875
325,90,673.818359375,195.08984375
326,90,685.7080078125,198.2080078125
327,90,673.08203125,195.0107421875
328,90,666.2421875,193.6611328125
329,90,673.2431640625,194.9345703125
330,90,685.7607421875,198.140625
331,90,673.037109375,195.193359375
332,90,664.900390625,193.2939453125
333,90,673.8671875,195.3642578125
334,90,683.7138671875,197.736328125
335,90,682.6904296875,197.4130859375
336,90,683.3798828125,197.421875
337,90,683.306640625,197.224609375
338,90,683.1396484375,196.7431640625
339,90,682.1181640625,196.392578125
340,85,687.3828125,238.8408203125
341,86,687.56640625,189.9873046875
342,86,687.703125,198.8662109375
343,86,688.4013671875,197.8291015625
344,86,691.39453125,197.884765625
345,86,692.359375,197.046875
346,86,692.43359375,196.35546875
347,86,695.373046875,197.0185546875
348,86,699.5703125,197.9013671875
349,86,696.095703125,196.806640625
350,86,698.9921875,197.5576171875
351,86,694.3623046875,195.08203125
352,89,645.287109375,174.720703125
353,90,628.3955078125,189.216796875
354,90,610.2685546875,196.9423828125
355,90,602.0166015625,194.5751953125
356,90,596.8759765625,193.3349609375
357,90,595.26171875,193.263671875
358,90,593.5146484375,193.208984375
359,90,588.4794921875,192.5439453125
360,91,580.45703125,190.9970703125
361,88,644.1474609375,216.994140625
362,89,642.080078125,185.986328125
363,89,643.4736328125,193.080078125
364,89,644.384765625,193.130859375
365,89,643.99609375,193.0458984375
366,89,642.857421875,193.0322265625
367,89,642.83984375,193.0458984375
368,89,642.83984375,193.0458984375
369,89,642.83984375,193.0458984375
370,89,642.857421875,193.0322265625
371,89,642.869140625,193.0322265625
372,89,642.869140625,193.0322265625
373,89,642.869140625,193.0322265625
374,89,642.857421875,193.0322265625
375,89,642.857421875,193.0322265625
376,89,642.857421875,193.0322265625
377,89,642.857421875,193.0322265625
378,89,642.857421875,193.0322265625
379,89,642.857421875,193.0322265625
380,86,757.96484375,222.60546875
381,86,758.734375,196.4501953125
382,86,759.70703125,195.4052734375
383,86,760.4453125,195.3427734375
384,86,766.12890625,196.0888671875
385,86,769.828125,194.74609375
386,86,767.7314453125,193.0380859375
387,86,780.830078125,194.9931640625
388,86,780.27734375,195.748046875
389,86,779.1904296875,195.2001953125
390,86,775.908203125,193.9892578125
391,86,777.5537109375,193.794921875
392,86,771.419921875,192.7978515625
393,87,770.607421875,191.9580078125
394,87,766.1513671875,197.2490234375
395,87,765.439453125,196.3798828125
396,87,759.08203125,195.01953125
397,87,759.5205078125,194.41015625
398,87,755.1376953125,193.3916015625
399,87,754.125,192.322265625
400,88,726.6103515625,184.9853515625
401,88,724.7119140625,196.822265625
402,88,710.869140625,194.875
403,88,700.177734375,193.537109375
404,88,707.296875,193.783203125
405,88,711.2001953125,194.1904296875
406,88,711.1220703125,193.76171875
407,88,711.46875,193.3251953125
408,88,713.1767578125,192.388671875
409,88,712.794921875,192.283203125
410,88,713.529296875,192.6376953125
411,88,714.3115234375,192.8369140625
412,89,712.0068359375,192.1748046875
413,89,710.970703125,198.533203125
414,89,713.0517578125,198.90234375
415,89,716.1455078125,199.2373046875
416,89,714.3896484375,198.5380859375
417,89,711.42578125,198.0390625
418,89,712.61328125,198.2392578125
419,89,718.8720703125,199.0087890625
420,89,716.4482421875,198.5244140625
421,89,714.7255859375,198.318359375
422,89,716.8447265625,198.5087890625
423,89,721.9248046875,199.1103515625
424,89,718.84375,198.490234375
425,89,716.5419921875,198.212890625
426,89,717.6220703125,198.59765625
427,89,722.791015625,199.369140625
428,89,720.2109375,198.45703125
429,89,718.837890625,198.3134765625
430,89,718.62890625,198.505859375
431,89,723.6220703125,199.14453125
432,89,723.9599609375,199.248046875
433,89,723.279296875,199.0712890625
434,89,723.78125,199.001953125
435,89,619.4765625,193.919921875
436,89,619.49609375,193.9375
437,88,704.2900390625,200.798828125
438,89,694.20703125,187.3740234375
439,89,703.1396484375,199.0888671875
440,89,696.056640625,193.7802734375
441,89,699.48828125,197.404296875
442,89,700.599609375,194.2412109375
443,89,700.0029296875,193.1728515625
444,89,698.9599609375,194.4169921875
445,89,696.2265625,196.419921875
446,89,701.869140625,194.70703125
447,89,704.7568359375,194.732421875
448,89,707.1552734375,195.58984375
449,89,699.3369140625,195.9423828125
450,89,700.029296875,192.8056640625
451,90,697.427734375,191.578125
452,88,702.5185546875,209.212890625
453,89,700.9619140625,187.6787109375
454,90,698.37109375,192.0185546875
455,88,701.2900390625,208.4013671875
456,89,704.6201171875,186.0439453125
457,89,702.94921875,194.611328125
458,90,701.82421875,192.0556640625
459,88,704.6162109375,208.2783203125
460,89,710.259765625,186.490234375
461,89,709.236328125,194.8671875
462,90,702.8095703125,191.669921875
463,89,703.705078125,207.1943359375
464,89,710.841796875,193.2490234375
465,89,714.0537109375,194.60546875
466,90,704.8125,191.4169921875
467,89,705.580078125,207.1171875
468,89,713.9306640625,193.12890625
469,89,719.1142578125,194.455078125
470,89,716.9580078125,194.25390625
471,89,716.5576171875,193.9521484375
472,89,716.3310546875,193.923828125
473,87,687.3876953125,208.1650390625
474,88,687.591796875,189.83203125
475,88,703.501953125,199.5537109375
476,87,711.73046875,200.9150390625
477,88,728.953125,191.9599609375
478,87,729.7373046875,201.0927734375
479,88,736.7548828125,189.95703125
480,87,758.095703125,206.3583984375
481,83,856.8359375,227.029296875
482,84,866.1982421875,188.306640625
483,85,864.9208984375,192.2421875
484,84,886.0732421875,200.748046875
485,84,903.5205078125,196.765625
486,85,886.2724609375,192.1630859375
487,85,878.095703125,196.603515625
488,85,900.5244140625,199.705078125
489,84,922.037109375,203.0380859375
490,85,896.064453125,191.3388671875
491,85,880.9033203125,195.373046875
492,85,895.09375,197.99609375
493,84,913.4775390625,201.2939453125
494,85,884.8251953125,188.7841796875
495,86,871.5283203125,192.177734375
496,84,888.15234375,208.009765625
497,85,903.736328125,192.1923828125
498,85,881.01953125,195.125
499,86,862.072265625,191.0908203125
500,85,877.0126953125,205.9013671875
501,85,895.4794921875,197.1845703125
502,85,873.0419921875,193.3828125
503,86,865.34765625,192.2255859375
504,85,875.7431640625,205.9091796875
505,85,886.2119140625,196.076171875
506,85,866.3115234375,192.4462890625
507,86,858.1142578125,190.6064453125
508,85,868.1376953125,204.2373046875
509,85,877.6806640625,194.3798828125
510,86,861.119140625,191.376953125
511,85,855.30078125,201.42578125
512,86,864.0302734375,191.8017578125
513,85,872.626953125,204.9833984375
514,86,856.423828125,190.1923828125
515,85,851.4384765625,200.640625
516,86,858.7607421875,190.5888671875
517,85,867.36328125,203.884765625
518,86,851.158203125,189.4091796875
519,85,850.4052734375,200.572265625
520,86,855.658203125,190.3544921875
521,85,859.568359375,202.447265625
522,86,851.5185546875,189.4599609375
523,85,849.9951171875,200.267578125
524,86,852.5146484375,189.6337890625
525,85,857.88671875,201.6123046875
526,86,850.603515625,189.0986328125
527,85,850.578125,200.25
528,86,851.9619140625,189.1865234375
529,85,854.27734375,200.939453125
530,86,849.970703125,188.7919921875
531,85,849.9970703125,200.029296875
532,86,850.0546875,188.814453125
533,85,852.1123046875,200.3359375
534,86,851.3583984375,188.9697265625
535,85,851.1455078125,200.271484375
536,86,851.0703125,188.923828125
537,85,851.2021484375,200.1689453125
538,80,903.8720703125,259.1357421875
539,77,904.0,221.392578125
540,77,917.654296875,199.130859375
541,77,928.8486328125,197.125
542,77,936.2587890625,199.4169921875
543,77,933.291015625,198.2724609375
544,77,933.4287109375,199.134765625
545,77,923.185546875,197.1455078125
546,77,931.275390625,199.07421875
547,77,935.0615234375,199.08984375
548,77,938.857421875,199.2578125
549,77,937.814453125,199.421875
550,76,937.0361328125,200.609375
551,77,927.60546875,189.6083984375
552,77,935.2353515625,199.1572265625
553,76,939.4501953125,200.1689453125
554,77,935.5419921875,192.248046875
555,77,934.5009765625,198.2646484375
556,77,939.228515625,199.1533203125
557,77,936.4462890625,197.7822265625
558,77,916.75390625,194.462890625
559,77,931.1591796875,197.626953125
560,77,918.330078125,194.46875
561,77,923.4013671875,194.6982421875
562,80,872.515625,176.1923828125
563,81,872.515625,191.462890625
564,81,872.7158203125,196.927734375
565,81,875.4501953125,196.9677734375
566,81,878.419921875,197.294921875
567,81,880.5234375,196.666015625
568,81,882.5576171875,196.771484375
569,81,883.2841796875,196.9912109375
570,81,882.9453125,196.6787109375
571,81,886.5166015625,196.4931640625
572,81,887.8583984375,196.568359375
573,81,889.3173828125,195.9375
574,81,892.859375,196.080078125
575,81,895.7734375,196.390625
576,81,894.158203125,196.3408203125
577,81,893.0625,195.7783203125
