8654,35,1225.4248046875,121.0791015625
8655,40,1223.51953125,134.97265625
8656,45,1217.849609375,145.30078125
8657,50,1219.4189453125,157.7451171875
8658,54,1222.26171875,168.9775390625
8659,56,1220.7216796875,177.37109375
8660,58,1219.34375,181.99609375
8661,59,1219.7392578125,188.8310546875
8662,60,1208.5078125,189.1494140625
8663,61,1202.890625,190.7109375
8664,61,1200.0380859375,195.9775390625
8665,61,1194.1982421875,194.720703125
8666,61,1195.369140625,194.654296875
8667,61,1198.3955078125,195.65625
8668,61,1200.0361328125,195.8154296875
8669,61,1202.7890625,195.787109375
8670,61,1203.7880859375,195.9765625
8671,61,1205.845703125,195.875
8672,61,1201.8359375,194.2822265625
8673,61,1205.515625,194.150390625
8674,61,1211.2998046875,195.453125
8675,61,1214.787109375,195.8154296875
8676,61,1207.16796875,194.2666015625
8677,61,1209.705078125,194.8798828125
8678,61,1214.662109375,196.1298828125
8679,61,1212.5859375,195.724609375
8680,61,1213.0654296875,195.5
8681,61,1215.5712890625,195.958984375
8682,61,1214.5400390625,195.439453125
8683,61,1213.5048828125,195.130859375
8684,61,1214.03515625,194.9169921875
8685,61,1214.9560546875,195.0390625
8686,61,1216.517578125,195.1611328125
8687,61,1216.8173828125,195.38671875
8688,61,1215.951171875,195.3212890625
8689,61,1207.1025390625,195.08203125
8690,61,1209.0703125,195.4482421875
8691,61,1206.443359375,194.7978515625
8692,61,1207.9560546875,194.81640625
8693,61,1211.962890625,195.611328125
8694,61,1213.466796875,195.802734375
8695,61,1214.712890625,196.076171875
8696,61,1212.326171875,195.5751953125
8697,61,1215.3486328125,195.71875
8698,61,1220.03515625,196.5986328125
8699,61,1218.1552734375,196.287109375
8700,61,1219.9052734375,196.3466796875
8701,61,1221.4931640625,196.744140625
8702,61,1218.4951171875,196.083984375
8703,61,1220.7978515625,196.1103515625
8704,61,1223.2890625,196.6337890625
8705,61,1221.58203125,195.990234375
8706,61,1225.6162109375,196.2294921875
8707,61,1230.3388671875,196.9794921875
8708,61,1233.5,197.232421875
8709,61,1232.84375,197.115234375
8710,61,1230.7041015625,196.6796875
8711,61,1230.822265625,196.478515625
8712,61,1231.9873046875,196.7724609375
8713,61,1230.8154296875,196.4814453125
8714,61,1226.8369140625,195.62890625
8715,61,1225.986328125,195.7451171875
8716,61,1223.7333984375,195.2978515625
8717,61,1223.4482421875,195.2587890625
8718,61,1226.1689453125,195.970703125
8719,61,1224.75390625,195.8564453125
8720,61,1222.791015625,195.64453125
8721,61,1214.49609375,194.3623046875
8722,61,1207.982421875,194.01171875
8723,61,1207.66796875,194.9111328125
8724,61,1206.5234375,194.3525390625
8725,61,1205.2685546875,194.126953125
8726,61,1202.1650390625,193.763671875
8727,61,1204.23046875,193.8046875
8728,61,1207.408203125,194.314453125
8729,61,1210.431640625,194.6220703125
8730,61,1210.697265625,194.474609375
8731,61,1211.03515625,194.75390625
8732,61,1212.78125,194.923828125
8733,61,1214.5625,195.1708984375
8734,61,1212.1494140625,194.4404296875
8735,61,1212.90625,194.5517578125
8736,61,1214.2373046875,194.7177734375
8737,61,1213.5380859375,194.099609375
8738,61,1217.2802734375,194.4033203125
8739,61,1214.89453125,193.9091796875
8740,61,1215.5849609375,193.83203125
8741,61,1217.9794921875,194.1689453125
8742,61,1218.341796875,194.1318359375
8743,61,1217.41796875,193.7294921875
8744,61,1217.6162109375,193.9306640625
8745,61,1217.81640625,193.9677734375
8746,61,1214.091796875,193.0263671875
8747,61,1213.3671875,192.974609375
8748,61,1216.03515625,193.39453125
8749,61,1217.3662109375,193.60546875
8750,61,1216.9150390625,193.6259765625
8751,61,1215.5322265625,193.92578125
8752,61,1215.154296875,194.1181640625
8753,61,1211.89453125,194.267578125
8754,61,1214.494140625,194.5673828125
8755,61,1214.3818359375,194.7294921875
8756,61,1215.2353515625,194.98828125
8757,61,1213.4404296875,194.8232421875
8758,61,1214.8466796875,195.0302734375
8759,61,1219.03125,195.3759765625
8760,61,1221.48046875,195.703125
8761,61,1220.4208984375,195.359375
8762,61,1223.46484375,195.7099609375
8763,61,1226.08203125,195.953125
8764,61,1224.8583984375,195.7236328125
8765,61,1225.4462890625,195.765625
8766,61,1227.26171875,196.1240234375
8767,61,1225.859375,195.419921875
8768,61,1228.2568359375,195.666015625
8769,61,1232.9453125,196.703125
8770,61,1231.8740234375,196.556640625
8771,61,1233.296875,196.6171875
8772,61,1235.1552734375,197.1181640625
8773,61,1232.150390625,196.845703125
8774,61,1232.0732421875,196.8056640625
8775,61,1234.201171875,197.1630859375
8776,61,1232.666015625,197.013671875
8777,61,1232.1357421875,196.8837890625
8778,61,1232.6787109375,197.0458984375
8779,61,1231.0908203125,196.7783203125
8780,61,1228.4345703125,196.400390625
8781,61,1225.6328125,196.0791015625
8782,61,1225.9755859375,196.142578125
8783,61,1225.9697265625,196.0771484375
8784,61,1224.0810546875,195.818359375
8785,61,1206.642578125,194.703125
8786,61,1207.0673828125,194.6728515625
8787,61,1205.8896484375,194.3662109375
8788,61,1203.580078125,194.146484375
8789,61,1203.51171875,194.150390625
8790,61,1198.830078125,193.0380859375
8791,61,1196.4521484375,192.6484375
8792,61,1198.2431640625,193.0576171875
8793,61,1196.7373046875,192.7900390625
8794,61,1196.4248046875,192.626953125
8795,61,1196.6171875,192.625
8796,61,1196.5341796875,192.580078125
8797,61,1194.75390625,192.39453125
8798,62,1194.150390625,192.2001953125
8799,62,1194.873046875,194.1162109375
8800,62,1193.55078125,193.89453125
8801,61,1201.45703125,200.59765625
8802,61,1201.525390625,198.0634765625
8803,61,1201.65625,197.421875
8804,61,1202.8857421875,197.658203125
8805,61,1202.6396484375,197.4228515625
8806,61,1200.95703125,196.93359375
8807,61,1201.671875,196.8984375
8808,61,1203.234375,197.34765625
8809,61,1202.9619140625,197.1044921875
8810,61,1200.5732421875,196.6376953125
8811,61,1199.875,196.6669921875
8812,61,1199.6162109375,196.50390625
8813,61,1199.97265625,196.5126953125
8814,61,1200.8017578125,196.697265625
8815,61,1201.396484375,196.7861328125
8816,61,1201.8583984375,196.71484375
8817,61,1194.5966796875,196.0390625
8818,61,1198.046875,196.19921875
8819,61,1193.3984375,195.162109375
8820,61,1194.177734375,194.994140625
8821,61,1198.2490234375,196.0830078125
8822,61,1202.15234375,196.3662109375
8823,61,1207.0380859375,196.94921875
8824,61,1206.4990234375,196.6484375
8825,61,1210.6240234375,196.947265625
8826,61,1212.7412109375,197.3916015625
8827,61,1215.77734375,197.51953125
8828,61,1213.46484375,196.916015625
8829,61,1214.0498046875,196.873046875
8830,61,1216.66796875,197.4599609375
8831,61,1215.017578125,196.5068359375
8832,61,1222.2333984375,197.04296875
8833,61,1229.46484375,198.6884765625
8834,61,1228.576171875,198.4111328125
8835,61,1230.5673828125,198.5078125
8836,61,1233.033203125,199.04296875
8837,61,1230.3486328125,198.5361328125
8838,61,1229.830078125,198.310546875
8839,61,1232.24609375,198.7958984375
8840,61,1230.0615234375,198.248046875
8841,61,1230.30078125,198.4052734375
8842,61,1233.2373046875,198.958984375
8843,61,1234.0595703125,198.8955078125
8844,61,1235.10546875,199.119140625
8845,61,1234.935546875,199.068359375
8846,61,1235.40234375,199.166015625
8847,61,1235.2744140625,199.2041015625
8848,61,1234.2763671875,199.2626953125
8849,61,1222.341796875,197.62890625
8850,61,1218.5283203125,197.5986328125
8851,61,1221.455078125,198.8388671875
8852,61,1223.265625,198.8291015625
8853,61,1222.5615234375,198.64453125
8854,61,1222.720703125,198.6865234375
8855,61,1223.8017578125,198.66015625
8856,61,1226.353515625,198.8388671875
8857,61,1227.783203125,199.0185546875
8858,61,1230.2998046875,199.2626953125
8859,61,1231.5517578125,199.1591796875
8860,61,1231.5888671875,198.8212890625
8861,61,1230.3115234375,198.4931640625
8862,61,1228.119140625,198.1484375
8863,61,1228.8544921875,198.2021484375
8864,61,1230.9775390625,198.6083984375
8865,61,1229.232421875,198.18359375
8866,61,1232.0361328125,198.4716796875
8867,61,1232.986328125,198.2421875
8868,61,1233.3662109375,198.3349609375
8869,61,1234.0126953125,198.337890625
8870,61,1232.26953125,197.8544921875
8871,61,1233.455078125,197.9521484375
8872,61,1234.91015625,198.1171875
8873,61,1237.0751953125,198.45703125
8874,61,1233.9892578125,197.884765625
8875,61,1234.060546875,198.0029296875
8876,61,1236.3896484375,198.5380859375
8877,61,1237.2919921875,198.65234375
8878,61,1235.0361328125,198.1484375
8879,61,1235.4580078125,198.15234375
8880,61,1236.9794921875,198.64453125
8881,61,1235.0615234375,198.458984375
8882,61,1241.697265625,199.4052734375
8883,61,1245.3955078125,199.5556640625
8884,61,1244.12890625,198.990234375
8885,61,1244.1572265625,199.0537109375
8886,61,1246.88671875,199.6728515625
8887,61,1248.6796875,199.859375
8888,61,1249.60546875,199.9326171875
8889,60,1250.61328125,200.1357421875
8890,60,1252.869140625,195.8701171875
8891,60,1254.83203125,195.7958984375
8892,60,1256.4287109375,196.23828125
8893,60,1255.6181640625,195.888671875
8894,60,1256.60546875,196.03515625
8895,60,1258.27734375,196.28125
8896,60,1256.4677734375,195.64453125
8897,60,1259.5439453125,195.767578125
8898,60,1265.1220703125,196.837890625
8899,60,1263.8583984375,196.623046875
8900,60,1264.9921875,196.3984375
8901,60,1267.3232421875,196.9404296875
8902,60,1265.4169921875,196.5537109375
8903,60,1265.76171875,196.5244140625
8904,60,1267.958984375,196.8681640625
8905,60,1265.28125,196.466796875
8906,60,1264.470703125,196.4638671875
8907,60,1265.90234375,196.8359375
8908,60,1266.259765625,197.041015625
8909,60,1266.1640625,196.9248046875
8910,60,1266.474609375,197.181640625
8911,60,1266.2822265625,197.1748046875
8912,60,1259.4443359375,195.85546875
8913,60,1254.337890625,195.7880859375
8914,60,1259.0068359375,197.384765625
8915,60,1257.5888671875,196.771484375
8916,60,1259.34375,196.93359375
8917,60,1261.8857421875,197.4765625
8918,60,1258.6611328125,196.900390625
8919,60,1259.404296875,196.953125
8920,60,1259.994140625,197.19921875
8921,60,1260.1728515625,197.2470703125
8922,60,1262.4189453125,197.251953125
8923,60,1264.5927734375,197.462890625
8924,60,1265.1435546875,197.46484375
8925,60,1266.85546875,197.5537109375
8926,60,1264.9609375,197.2060546875
8927,60,1265.013671875,197.1416015625
8928,60,1266.990234375,197.6484375
8929,60,1265.64453125,197.3271484375
8930,60,1267.7919921875,197.482421875
8931,60,1265.4365234375,197.189453125
8932,60,1265.2734375,197.099609375
8933,60,1266.9150390625,197.4892578125
8934,60,1266.4951171875,197.3037109375
8935,60,1264.953125,196.90234375
8936,60,1262.630859375,196.3955078125
8937,60,1261.91796875,196.5517578125
8938,60,1261.275390625,196.671875
8939,60,1260.958984375,196.5576171875
8940,60,1259.6884765625,196.595703125
8941,60,1257.0654296875,196.44921875
8942,60,1254.6396484375,196.2490234375
8943,60,1252.9755859375,196.251953125
8944,60,1236.3095703125,195.5517578125
8945,60,1231.3466796875,194.0029296875
8946,60,1232.3271484375,193.74609375
8947,60,1239.9521484375,195.3193359375
8948,60,1238.53515625,194.9296875
8949,60,1240.287109375,195.1865234375
8950,60,1241.236328125,195.2978515625
8951,60,1239.41015625,194.9033203125
8952,60,1239.0869140625,194.6904296875
8953,60,1241.123046875,194.9482421875
8954,60,1240.1552734375,194.642578125
8955,60,1239.6240234375,194.587890625
8956,60,1241.3125,194.8701171875
8957,60,1240.08984375,194.6982421875
8958,60,1239.8984375,194.5048828125
8959,60,1241.0693359375,194.7998046875
8960,60,1240.4453125,194.8125
8961,60,1219.625,197.2431640625
8962,60,1220.6923828125,197.0302734375
8963,60,1221.744140625,197.0126953125
8964,60,1223.28125,197.296875
8965,60,1221.3173828125,196.9541015625
8966,60,1222.3212890625,196.751953125
8967,60,1224.83984375,197.146484375
8968,60,1225.6572265625,197.263671875
8969,60,1227.896484375,197.296875
8970,60,1229.55078125,197.51171875
8971,60,1226.7568359375,197.1123046875
8972,60,1228.3564453125,196.8994140625
8973,60,1229.5439453125,197.4560546875
8974,60,1220.7041015625,196.1181640625
8975,60,1216.2275390625,195.8076171875
8976,60,1215.78515625,196.7333984375
8977,60,1209.2333984375,194.8251953125
8978,60,1212.115234375,194.615234375
8979,60,1218.4423828125,196.177734375
8980,60,1222.0361328125,196.5048828125
8981,60,1224.109375,196.6943359375
8982,60,1223.84765625,196.4365234375
8983,60,1226.4462890625,196.587890625
8984,60,1227.546875,196.9013671875
8985,60,1225.955078125,196.4658203125
8986,60,1226.865234375,196.3994140625
8987,60,1229.162109375,196.7763671875
8988,60,1226.7001953125,196.4091796875
8989,60,1227.9189453125,196.3056640625
8990,60,1229.2685546875,196.6630859375
8991,60,1226.6728515625,195.9775390625
8992,60,1231.7744140625,196.0625
8993,60,1236.6904296875,196.890625
8994,60,1234.0458984375,196.4248046875
8995,60,1235.3759765625,196.4833984375
8996,60,1238.4931640625,196.9658203125
8997,60,1239.0556640625,196.9248046875
8998,60,1239.51953125,196.8818359375
8999,60,1239.6982421875,197.0078125
9000,60,1238.8330078125,197.0458984375
9001,60,1238.1005859375,197.0751953125
9002,60,1238.171875,197.0693359375
9003,60,1237.90234375,197.068359375
9004,60,1232.66015625,196.1494140625
9005,60,1229.8916015625,195.8896484375
9006,60,1232.7314453125,197.0537109375
9007,60,1234.4150390625,197.078125
9008,60,1233.935546875,197.0205078125
9009,60,1230.4404296875,195.8408203125
9010,60,1237.31640625,196.0146484375
9011,60,1246.857421875,197.53515625
9012,60,1249.9697265625,197.896484375
9013,60,1251.123046875,197.65234375
9014,60,1251.384765625,197.572265625
9015,60,1249.7685546875,197.09375
9016,60,1250.751953125,197.1142578125
9017,60,1253.82421875,197.5732421875
9018,60,1254.1220703125,197.4345703125
9019,60,1254.71484375,197.5205078125
9020,60,1254.880859375,197.5400390625
9021,60,1252.181640625,197.0927734375
9022,60,1251.6494140625,197.1005859375
9023,60,1254.302734375,197.705078125
9024,60,1254.2509765625,197.501953125
9025,60,1251.5546875,197.19140625
9026,60,1253.091796875,197.3662109375
9027,60,1253.697265625,197.3896484375
9028,60,1254.443359375,197.3671875
9029,60,1255.6044921875,197.421875
9030,60,1255.787109375,197.50390625
9031,60,1256.37109375,197.5869140625
9032,60,1256.1171875,197.525390625
9033,60,1256.4169921875,197.580078125
9034,60,1256.330078125,197.6787109375
9035,60,1255.826171875,197.69921875
9036,60,1244.490234375,197.2333984375
9037,60,1245.3134765625,197.3505859375
9038,60,1246.1787109375,197.498046875
9039,60,1247.9384765625,197.8408203125
9040,60,1249.033203125,197.96875
9041,60,1246.6533203125,196.9287109375
9042,60,1249.0517578125,197.01171875
9043,60,1254.1982421875,197.8056640625
9044,60,1257.4140625,198.1572265625
9045,60,1259.00390625,198.095703125
9046,60,1259.697265625,198.431640625
9047,60,1260.498046875,198.2880859375
9048,60,1261.1953125,198.234375
9049,60,1261.927734375,198.134765625
9050,60,1262.2607421875,198.3447265625
9051,60,1262.79296875,198.29296875
9052,60,1262.900390625,198.1904296875
9053,60,1262.5341796875,198.20703125
9054,60,1262.658203125,198.2548828125
9055,60,1262.87890625,198.2490234375
9056,60,1262.6806640625,198.146484375
9057,60,1259.6630859375,197.775390625
9058,60,1260.90625,197.9775390625
9059,60,1261.2490234375,197.9951171875
9060,60,1262.658203125,198.1015625
9061,60,1262.3369140625,198.115234375
9062,60,1260.8359375,198.095703125
9063,60,1260.02734375,198.1865234375
9064,60,1259.1220703125,198.138671875
9065,60,1258.7744140625,198.3662109375
9066,60,1258.3427734375,198.3681640625
9067,60,1244.6748046875,197.71875
9068,60,1245.291015625,197.45703125
9069,60,1246.3974609375,197.5771484375
9070,60,1247.021484375,197.7109375
9071,60,1248.8125,197.8525390625
9072,60,1249.7734375,197.8310546875
9073,60,1263.8798828125,198.255859375
9074,60,1266.7744140625,198.3779296875
9075,60,1267.72265625,198.369140625
9076,60,1268.3525390625,198.2763671875
9077,60,1268.474609375,198.36328125
9078,60,1269.0546875,198.537109375
9079,60,1269.1904296875,198.4169921875
9080,60,1269.435546875,198.3818359375
9081,60,1269.765625,198.291015625
9082,60,1270.078125,198.3349609375
9083,60,1269.8408203125,198.5322265625
9084,60,1269.8603515625,198.3056640625
9085,60,1268.8427734375,198.181640625
9086,60,1268.0322265625,198.0986328125
9087,60,1267.220703125,198.10546875
9088,60,1267.0771484375,198.0654296875
9089,60,1262.6083984375,197.7197265625
1045,65,531.189453125,69.7705078125
1046,70,523.8349609375,74.7900390625
1047,75,510.0830078125,79.9873046875
1048,80,501.8486328125,87.3916015625
1049,85,493.0,99.30859375
1050,90,482.845703125,117.064453125
1051,95,485.0966796875,152.8798828125
1052,90,485.4091796875,233.310546875
1053,95,484.3583984375,154.431640625
1054,90,492.0615234375,235.9521484375
1055,95,503.7197265625,158.5625
1056,90,468.966796875,231.66015625
1057,95,465.353515625,155.462890625
1058,90,465.3037109375,233.0693359375
1059,93,499.0361328125,170.8271484375
1060,90,537.732421875,221.5087890625
1061,92,510.7421875,177.8408203125
1062,91,554.7861328125,206.671875
1063,91,560.0029296875,196.8994140625
1064,91,562.734375,196.7060546875
1065,91,568.6533203125,198.12109375
1066,91,574.1953125,199.6806640625
1067,90,581.0498046875,201.4375
1068,90,592.423828125,194.5107421875
1069,90,594.8232421875,195.23046875
1070,90,600.21484375,197.125
1071,90,607.3486328125,198.9990234375
1072,89,616.6376953125,201.4013671875
1073,90,625.1806640625,189.3564453125
1074,89,639.6787109375,207.201171875
1075,89,655.6806640625,197.376953125
1076,88,672.365234375,201.62109375
1077,88,673.6171875,196.1943359375
1078,88,672.4130859375,196.3388671875
1079,88,665.8359375,196.3115234375
1080,88,667.0810546875,197.583984375
1081,85,757.052734375,219.92578125
1082,87,705.0703125,181.4228515625
1083,87,691.111328125,193.0244140625
1084,88,689.392578125,191.451171875
1085,87,684.1298828125,202.474609375
1086,88,672.9462890625,189.5751953125
1087,88,664.9052734375,198.521484375
1088,88,663.3505859375,196.869140625
1089,88,654.2578125,194.3759765625
1090,88,662.6640625,194.7626953125
1091,89,654.2236328125,191.69921875
1092,89,646.9951171875,196.1279296875
1093,89,648.12890625,196.294921875
1094,89,637.484375,194.2333984375
1095,90,626.583984375,191.9892578125
1096,89,626.083984375,204.9833984375
1097,90,615.095703125,187.4443359375
1098,90,599.552734375,196.861328125
1099,90,590.7255859375,194.033203125
1100,91,584.9736328125,190.904296875
1101,91,575.494140625,195.9609375
1102,92,561.419921875,191.6826171875
1103,91,565.5869140625,202.4658203125
1104,91,564.5556640625,193.466796875
1105,92,556.3291015625,190.1220703125
1106,92,557.9169921875,199.296875
1107,91,566.9814453125,201.1513671875
1108,92,561.9443359375,189.4736328125
1109,92,562.3017578125,197.85546875
1110,92,562.9169921875,198.125
1111,91,573.1865234375,201.822265625
1112,91,590.2890625,197.04296875
1113,90,602.3232421875,201.0869140625
1114,90,621.3388671875,198.150390625
1115,89,645.6630859375,205.64453125
1116,89,670.8173828125,197.4208984375
1117,88,672.9716796875,201.0302734375
1118,88,698.0078125,199.7099609375
1119,87,707.7177734375,203.3349609375
1120,87,719.4453125,195.7724609375
1121,87,732.7001953125,199.3359375
1122,86,736.7763671875,201.26171875
1123,86,747.8076171875,197.5927734375
1124,86,751.9462890625,199.39453125
1125,85,762.3447265625,200.6494140625
1126,86,763.4228515625,191.822265625
1127,85,764.2158203125,200.5625
1128,86,763.4765625,190.931640625
1129,85,768.3486328125,200.736328125
1130,86,755.375,187.9931640625
1131,86,715.806640625,193.55859375
1132,86,756.5419921875,194.8173828125
1133,86,732.5068359375,194.15625
1134,86,754.51953125,192.3564453125
1135,86,741.533203125,192.818359375
1136,87,752.4140625,191.4736328125
1137,87,738.009765625,197.3935546875
1138,87,750.431640625,195.80859375
1139,87,729.8818359375,195.9169921875
1140,87,745.9833984375,194.7294921875
1141,87,729.849609375,195.6298828125
1142,87,742.5419921875,194.4697265625
1143,87,726.9580078125,194.7666015625
1144,87,747.759765625,196.5556640625
1145,87,751.861328125,196.06640625
1146,87,753.953125,195.33203125
1147,87,747.3828125,193.314453125
1148,88,732.232421875,191.2138671875
1149,87,732.12109375,202.2666015625
1150,88,722.3115234375,188.9404296875
1151,88,715.9072265625,199.1708984375
1152,88,712.6943359375,198.8623046875
1153,88,710.47265625,197.9873046875
1154,88,694.6103515625,194.4501953125
1155,88,696.3173828125,194.2236328125
1156,89,655.802734375,190.603515625
1157,89,683.01171875,199.7724609375
1158,89,662.890625,194.08203125
1159,90,646.5361328125,189.6591796875
1160,90,629.6572265625,199.51171875
1161,89,638.916015625,200.029296875
1162,90,642.8125,186.8203125
1163,89,646.2509765625,202.7119140625
1164,90,647.9296875,188.8388671875
1165,89,641.7763671875,201.728515625
1166,90,651.9033203125,186.38671875
1167,90,627.6865234375,198.865234375
1168,90,627.126953125,198.703125
1169,89,660.7646484375,202.8935546875
1170,90,643.0693359375,187.3837890625
1171,90,650.1611328125,199.8671875
1172,90,627.2939453125,197.6357421875
1173,89,657.73046875,204.2802734375
1174,90,642.84375,189.9384765625
1175,87,701.9130859375,216.927734375
1176,89,680.169921875,181.9130859375
1177,88,705.4609375,201.1650390625
1178,88,684.8701171875,193.2744140625
1179,88,708.544921875,198.1962890625
1180,87,721.875,204.6201171875
1181,86,740.0888671875,200.7666015625
1182,87,689.68359375,186.708984375
1183,87,730.353515625,198.779296875
1184,86,742.052734375,203.4638671875
1185,85,761.30078125,201.4208984375
1186,86,725.5439453125,188.5205078125
1187,85,768.3662109375,203.6826171875
1188,85,774.25,194.208984375
1189,85,781.302734375,196.0625
1190,85,760.69921875,193.8076171875
1191,85,780.943359375,194.8984375
1192,85,779.228515625,194.380859375
1193,85,786.009765625,195.9033203125
1194,85,766.4609375,194.326171875
1195,86,771.3349609375,191.4521484375
1196,85,760.9775390625,201.9541015625
1197,86,754.6806640625,187.474609375
1198,86,750.30859375,195.9306640625
1199,86,754.259765625,197.052734375
1200,86,722.041015625,194.1103515625
1201,85,766.8203125,206.046875
1202,86,775.01171875,188.1865234375
1203,86,751.06640625,196.8603515625
1204,87,735.9501953125,190.751953125
1205,87,726.669921875,194.85546875
1206,87,724.294921875,195.8359375
1207,87,706.56640625,193.279296875
1208,88,711.69921875,191.2021484375
1209,88,704.4365234375,198.208984375
1210,88,694.568359375,197.3720703125
1211,88,705.69921875,194.4677734375
1212,88,706.7060546875,193.8232421875
1213,88,683.521484375,192.2734375
1214,89,691.6650390625,188.623046875
1215,89,691.6806640625,198.96484375
1216,88,710.970703125,200.921875
1217,88,709.8076171875,193.3759765625
1218,89,707.4482421875,191.693359375
1219,89,691.4052734375,195.2265625
1220,89,690.7060546875,193.302734375
1221,90,687.859375,188.560546875
1222,89,655.2470703125,201.4208984375
1223,90,676.9892578125,186.3642578125
1224,89,651.943359375,200.611328125
1225,90,679.4541015625,189.7568359375
1226,89,687.693359375,206.150390625
1227,89,694.75,193.1064453125
1228,89,702.798828125,195.025390625
1229,89,708.3828125,197.1162109375
1230,89,715.3720703125,199.4990234375
1231,88,725.0,201.9892578125
1232,88,723.9365234375,195.8427734375
1233,88,739.4921875,199.83203125
1234,87,761.263671875,205.0224609375
1235,87,734.2841796875,192.626953125
1236,86,784.994140625,201.125
1237,86,791.134765625,196.71484375
1238,86,789.4921875,197.08203125
1239,86,765.27734375,194.1611328125
1240,86,772.1787109375,196.095703125
1241,87,746.603515625,189.396484375
1242,87,745.3603515625,194.2294921875
1243,87,754.017578125,197.09765625
1244,92,615.3671875,160.8798828125
1245,88,691.4833984375,228.31640625
1246,88,716.078125,193.9345703125
1247,87,736.095703125,201.7421875
1248,87,754.572265625,196.044921875
1249,87,747.423828125,195.14453125
1250,88,739.7646484375,191.640625
1251,87,731.1982421875,200.7822265625
1252,88,746.2978515625,191.6611328125
1253,87,751.8544921875,206.9853515625
1254,87,772.123046875,199.53515625
1255,86,788.3955078125,205.2099609375
1256,85,804.8583984375,202.9833984375
1257,85,816.5400390625,197.5234375
1258,84,824.8515625,201.0283203125
1259,84,834.224609375,197.4150390625
1260,83,845.3984375,201.0302734375
1261,83,843.5908203125,193.9619140625
1262,83,846.505859375,194.9775390625
1263,83,850.20703125,196.9267578125
1264,83,850.376953125,198.1904296875
1265,83,848.37109375,196.677734375
1266,83,833.6474609375,196.087890625
1267,83,823.111328125,194.423828125
1268,83,822.0654296875,192.6240234375
1269,84,812.099609375,190.69921875
1270,84,808.318359375,194.0517578125
1271,84,804.59375,194.3935546875
1272,84,808.31640625,194.173828125
1273,84,810.9501953125,195.4765625
1274,84,818.9345703125,198.5537109375
1275,83,824.9931640625,201.5517578125
1276,83,830.5185546875,196.720703125
1277,83,837.04296875,198.2236328125
1278,83,839.5927734375,198.404296875
1279,83,837.4365234375,198.3310546875
1280,83,846.150390625,199.708984375
1281,82,851.2353515625,200.537109375
1282,82,858.572265625,192.7587890625
1283,82,863.16796875,192.6103515625
1284,83,846.8994140625,191.1220703125
1285,82,860.3466796875,201.5009765625
1286,82,855.5400390625,193.0673828125
1287,82,875.6162109375,195.7646484375
1288,81,893.873046875,202.07421875
1289,81,874.4873046875,195.56640625
1290,80,909.84375,201.4384765625
1291,79,932.1953125,201.2197265625
1292,78,946.6943359375,200.0517578125
1293,78,923.9775390625,195.59765625
1294,78,954.4609375,198.7265625
1295,78,950.865234375,197.1884765625
1296,78,956.57421875,198.91796875
1297,78,937.138671875,197.509765625
1298,78,937.21875,197.49609375
1299,77,958.380859375,200.2041015625
1300,78,944.5703125,189.9970703125
1301,78,949.51953125,197.79296875
1302,78,945.8486328125,196.2255859375
1303,78,947.0751953125,198.298828125
1304,78,956.5751953125,199.935546875
1305,77,953.4697265625,200.1689453125
1306,77,947.6015625,194.392578125
1307,77,953.2177734375,195.3740234375
1308,77,957.1123046875,195.4658203125
1309,77,960.6962890625,195.8798828125
1310,77,955.2587890625,195.462890625
1311,77,963.7998046875,196.3916015625
1312,77,963.0361328125,195.28515625
1313,77,950.966796875,196.8212890625
1314,77,964.671875,196.9169921875
1315,77,961.2138671875,198.400390625
1316,77,978.595703125,199.9921875
1317,76,989.9345703125,203.1826171875
1318,76,1001.7412109375,199.2265625
1319,76,962.5283203125,195.3984375
1320,76,991.0361328125,198.423828125
1321,73,1065.3095703125,220.2216796875
1322,72,1099.3974609375,200.8828125
1323,72,1109.2294921875,198.9677734375
1324,72,1086.35546875,195.322265625
1325,72,1099.1796875,198.7919921875
1326,72,1077.5625,195.6884765625
1327,72,1090.029296875,199.009765625
1328,72,1086.59375,197.9853515625
1329,72,1090.25390625,198.05859375
1330,71,1099.1982421875,200.5693359375
1331,71,1088.0966796875,197.9619140625
1332,71,1076.60546875,194.9091796875
1333,71,1093.1962890625,198.677734375
1334,71,1092.859375,198.595703125
1335,71,1078.9296875,195.9970703125
1336,71,1087.5498046875,198.0439453125
1337,71,1084.9296875,198.701171875
1338,71,1069.671875,194.7939453125
1339,71,1084.0498046875,198.2529296875
1340,71,1066.185546875,194.2509765625
1341,71,1081.4384765625,197.935546875
1342,71,1068.6318359375,194.6416015625
1343,71,1081.9501953125,197.953125
1344,71,1071.0458984375,195.0771484375
1345,71,1085.77734375,198.44140625
1346,71,1065.4765625,194.7080078125
1347,71,1083.455078125,198.99609375
1348,71,1061.5400390625,194.2236328125
1349,71,1078.302734375,198.0400390625
1350,71,1060.2529296875,193.6162109375
1351,71,1075.1279296875,197.1494140625
1352,71,1060.83203125,194.16796875
1353,71,1077.07421875,197.626953125
1354,71,1061.541015625,194.107421875
1355,71,1076.767578125,197.8720703125
1356,71,1061.4052734375,194.0888671875
1357,71,1076.9052734375,198.0419921875
1358,71,1058.67578125,194.4716796875
1359,71,1070.25,197.8818359375
1360,71,1072.533203125,196.83984375
1361,71,1082.19921875,197.9462890625
1362,70,1096.39453125,201.205078125
1363,70,1081.9267578125,196.3583984375
1364,70,1092.70703125,196.1533203125
1365,70,1090.2216796875,195.607421875
1366,70,1102.5966796875,197.4990234375
1367,70,1094.2744140625,196.94140625
1368,70,1074.6025390625,192.646484375
1369,70,1094.8701171875,196.7373046875
1370,70,1093.5693359375,196.638671875
1371,70,1075.8955078125,193.458984375
1372,70,1081.9970703125,194.1171875
1373,70,1079.9541015625,194.7841796875
1374,70,1077.666015625,192.951171875
1375,71,1075.70703125,191.779296875
1376,71,1089.818359375,198.1201171875
1377,71,1078.068359375,197.91015625
1378,71,1082.228515625,196.458984375
1379,71,1076.642578125,195.2900390625
1380,71,1089.5595703125,198.203125
1381,71,1078.9931640625,197.7685546875
1382,71,1078.310546875,196.3056640625
1383,71,1073.732421875,194.966796875
1384,71,1089.3740234375,197.95703125
1385,71,1088.2236328125,198.6591796875
1386,71,1081.9775390625,197.078125
1387,71,1075.3203125,195.64453125
1388,71,1089.880859375,198.9365234375
1389,71,1087.94140625,199.7763671875
1390,71,1065.3671875,195.1201171875
1391,71,1084.091796875,198.8173828125
1392,71,1063.796875,195.4892578125
1393,71,1072.806640625,197.419921875
1394,71,1076.37109375,198.5478515625
1395,71,1069.1708984375,196.8408203125
1396,71,1060.9912109375,195.337890625
1397,71,1074.7080078125,198.8115234375
1398,71,1071.435546875,198.7119140625
1399,71,1054.8134765625,194.95703125
1400,71,1077.4443359375,199.7099609375
1401,71,1053.44921875,195.60546875
1402,71,1071.39453125,199.7919921875
1403,71,1054.2119140625,196.6396484375
1404,71,1070.5,199.7470703125
1405,71,1070.392578125,199.5859375
1406,71,1059.0751953125,197.123046875
1407,70,1075.51171875,200.189453125
1408,70,1056.86328125,192.9228515625
1409,70,1078.75390625,196.6015625
1410,70,1076.2255859375,195.064453125
1411,70,1085.359375,195.8662109375
1412,70,1098.8359375,198.845703125
1413,70,1101.9892578125,199.283203125
1414,70,1094.248046875,197.345703125
1415,70,1084.6845703125,195.2265625
1416,70,1098.3125,198.767578125
1417,70,1103.7783203125,199.5751953125
1418,70,1092.10546875,196.9404296875
1419,70,1085.3984375,194.587890625
1420,70,1100.1083984375,198.12109375
1421,70,1103.3916015625,198.4541015625
1422,70,1094.2861328125,196.4443359375
1423,70,1086.115234375,193.7080078125
1424,70,1101.49609375,197.5556640625
1425,70,1105.8857421875,198.5830078125
1426,70,1092.3896484375,195.3486328125
1427,70,1088.6201171875,195.0703125
1428,70,1101.0703125,198.1240234375
1429,70,1109.2763671875,199.4345703125
1430,70,1098.4921875,197.435546875
1431,70,1098.125,196.7900390625
1432,70,1109.0078125,198.685546875
1433,69,1117.1943359375,200.021484375
1434,69,1103.6796875,193.044921875
1435,70,1097.5556640625,191.1025390625
1436,70,1113.330078125,199.583984375
1437,69,1122.818359375,200.5419921875
1438,69,1100.33984375,193.32421875
1439,69,1096.736328125,192.9970703125
1440,69,1117.2939453125,195.390625
1441,68,1069.7314453125,203.955078125
1442,68,1096.939453125,192.443359375
1443,68,1136.435546875,197.51953125
1444,68,1114.244140625,194.1943359375
1445,69,1110.8046875,191.8837890625
1446,69,1124.5751953125,198.115234375
1447,69,1135.8232421875,199.4521484375
1448,69,1117.5615234375,197.33203125
1449,69,1104.19921875,194.48046875
1450,69,1115.7177734375,197.0185546875
1451,69,1122.31640625,198.2744140625
1452,69,1111.4716796875,196.41015625
1453,69,1096.5107421875,193.2041015625
1454,69,1094.1982421875,194.3486328125
1455,69,1106.068359375,196.16796875
1456,70,1070.5615234375,189.0517578125
1457,69,1104.357421875,200.310546875
1458,70,1083.185546875,191.2685546875
1459,70,1080.0888671875,195.314453125
1460,70,1093.71484375,199.1767578125
1461,70,1065.8193359375,192.4326171875
1462,70,1090.80078125,197.974609375
1463,71,1064.24609375,191.5146484375
1464,70,1085.921875,200.4873046875
1465,71,1061.658203125,190.275390625
1466,71,1080.982421875,199.4677734375
1467,71,1059.8369140625,194.142578125
1468,71,1073.19140625,198.9228515625
1469,71,1055.439453125,192.8447265625
1470,71,1070.58203125,198.09765625
1471,71,1050.3701171875,192.5546875
1472,71,1068.712890625,197.8310546875
1473,72,1048.6376953125,192.2421875
1474,72,1054.228515625,198.73046875
1475,72,1045.5244140625,193.1875
1476,72,1055.92578125,196.73828125
1477,72,1055.53125,196.66015625
1478,72,1053.3251953125,195.1259765625
1479,73,1032.9873046875,188.6708984375
1480,73,1034.552734375,196.0615234375
1481,74,1025.5205078125,191.2373046875
1482,73,1023.7568359375,200.533203125
1483,74,1018.818359375,189.7109375
1484,74,1022.291015625,197.076171875
1485,74,1006.806640625,197.5009765625
1486,74,1007.6787109375,192.990234375
1487,74,1011.8642578125,195.3447265625
1488,75,998.9150390625,189.7255859375
1489,76,1003.30078125,191.0068359375
1490,76,988.3857421875,194.6806640625
1491,77,989.6171875,191.119140625
1492,77,996.4638671875,199.1806640625
1493,77,984.7578125,198.9375
1494,77,987.5478515625,197.107421875
1495,77,976.8896484375,195.154296875
1496,77,976.5146484375,197.0869140625
1497,77,959.986328125,197.05859375
1498,77,961.0830078125,193.646484375
1499,77,972.9443359375,197.7724609375
1500,77,953.603515625,192.4697265625
1501,77,954.6513671875,195.134765625
1502,78,944.296875,189.6826171875
1503,78,949.099609375,198.5693359375
1504,78,950.09765625,198.044921875
1505,78,936.6220703125,196.5234375
1506,78,932.947265625,193.947265625
1507,79,919.748046875,191.5341796875
1508,80,906.8525390625,191.412109375
