4639,35,1325.9892578125,155.8447265625
4640,38,1325.6484375,173.25
4641,40,1300.23828125,183.611328125
4642,41,1300.58203125,188.0625
4643,41,1300.55078125,192.8076171875
4644,41,1300.5556640625,192.8154296875
4645,41,1300.373046875,192.79296875
4646,41,1300.1474609375,192.74609375
4647,41,1300.0771484375,192.6630859375
4648,41,1300.103515625,192.6630859375
4649,41,1300.1611328125,192.64453125
4650,41,1299.9111328125,192.6669921875
4651,41,1300.107421875,192.6650390625
4652,41,1300.353515625,192.73828125
4653,41,1300.4677734375,192.73828125
4654,41,1300.6875,192.796875
4655,41,1301.005859375,192.822265625
4656,41,1300.94921875,192.8505859375
4657,41,1302.0087890625,192.4443359375
4658,41,1303.1689453125,192.48828125
4659,41,1304.0693359375,192.3828125
4660,42,1303.6669921875,192.23828125
4661,42,1302.8251953125,194.455078125
4662,42,1303.0859375,194.443359375
4663,42,1303.193359375,194.5029296875
4664,42,1303.3994140625,194.560546875
4665,42,1303.5517578125,194.6064453125
4666,42,1303.712890625,194.6728515625
4667,42,1303.939453125,194.7158203125
4668,42,1304.470703125,194.8369140625
4669,42,1304.9091796875,194.8984375
4670,42,1305.3837890625,195.025390625
4671,42,1307.79296875,195.4140625
4672,42,1309.455078125,195.6201171875
4673,42,1314.4951171875,195.603515625
4674,42,1316.0341796875,195.5810546875
4675,42,1316.9140625,195.5859375
4676,42,1317.3798828125,195.5947265625
4677,42,1317.29296875,195.533203125
4678,42,1317.4267578125,195.54296875
4679,42,1317.466796875,195.45703125
4680,42,1317.6669921875,195.4619140625
4681,42,1317.935546875,195.4658203125
4682,42,1318.1650390625,195.5
4683,42,1318.3447265625,195.603515625
4684,42,1318.9150390625,195.6796875
4685,42,1319.435546875,195.8037109375
4686,42,1319.763671875,195.841796875
4687,42,1320.6083984375,195.9580078125
4688,42,1320.9287109375,196.0556640625
4689,42,1323.8310546875,195.875
4690,42,1325.0009765625,195.84375
4691,42,1326.1005859375,195.806640625
4692,42,1326.67578125,195.861328125
4693,42,1326.888671875,195.810546875
4694,42,1326.12890625,195.708984375
4695,42,1326.14453125,195.6328125
4696,42,1327.125,195.8251953125
4697,42,1327.1826171875,195.775390625
4698,42,1327.0859375,195.7158203125
4699,42,1327.130859375,195.6650390625
4700,42,1327.248046875,195.5810546875
4701,42,1327.361328125,195.5908203125
4702,42,1327.4765625,195.6083984375
4703,42,1327.7021484375,195.6826171875
4704,42,1328.2490234375,195.7705078125
4705,42,1330.0146484375,196.0908203125
4706,42,1330.923828125,196.1669921875
4707,42,1330.240234375,195.978515625
4708,42,1330.490234375,195.9794921875
4709,42,1331.302734375,196.064453125
4710,42,1331.642578125,196.130859375
4711,42,1331.6806640625,196.087890625
4712,42,1331.7490234375,196.0927734375
4713,42,1332.0283203125,196.1845703125
4714,42,1332.1845703125,196.1953125
4715,42,1332.4306640625,196.1787109375
4716,42,1332.8759765625,196.34375
4717,42,1333.2001953125,196.2734375
4718,42,1333.6474609375,196.5341796875
4719,42,1334.00390625,196.4716796875
4720,42,1334.1083984375,196.48046875
4721,42,1333.384765625,196.328125
4722,42,1333.064453125,196.3916015625
4723,42,1334.3701171875,196.45703125
4724,42,1334.3876953125,196.447265625
4725,42,1334.671875,196.4619140625
4726,42,1335.259765625,196.51953125
4727,42,1335.09375,196.4404296875
4728,42,1335.1162109375,196.4638671875
4729,42,1335.7177734375,196.591796875
4730,42,1335.9248046875,196.744140625
4731,42,1336.1767578125,196.826171875
4732,42,1336.341796875,196.8642578125
4733,42,1336.9541015625,197.025390625
4734,42,1337.2294921875,197.12109375
4735,42,1337.673828125,197.17578125
4736,42,1338.2353515625,197.255859375
4737,42,1338.7373046875,197.08203125
4738,42,1339.5498046875,197.107421875
4739,42,1338.8896484375,197.0
4740,42,1339.2216796875,196.9765625
4741,42,1340.1220703125,197.2021484375
4742,42,1339.1240234375,196.966796875
4743,42,1338.908203125,196.9521484375
4744,42,1339.416015625,197.03125
4745,42,1339.3759765625,197.0458984375
4746,42,1339.583984375,196.998046875
4747,42,1339.720703125,197.0361328125
4748,42,1340.2568359375,197.1904296875
4749,42,1340.5439453125,197.2998046875
4750,42,1340.5625,197.3876953125
4751,42,1341.08203125,197.46875
4752,42,1341.3017578125,197.4462890625
4753,42,1339.787109375,197.3125
4754,42,1339.92578125,197.28515625
4755,42,1341.076171875,197.4384765625
4756,42,1341.52734375,197.5224609375
4757,42,1341.884765625,197.626953125
4758,42,1341.7880859375,197.6083984375
4759,42,1342.1455078125,197.64453125
4760,42,1342.17578125,197.767578125
4761,42,1342.2353515625,197.787109375
4762,42,1342.8115234375,197.8505859375
4763,42,1343.0380859375,197.8798828125
4764,42,1343.3154296875,198.0078125
4765,42,1343.6689453125,198.1513671875
4766,42,1344.0673828125,198.1484375
4767,42,1344.162109375,198.2197265625
4768,42,1344.162109375,198.23046875
4769,42,1342.7314453125,197.978515625
4770,42,1342.4599609375,197.951171875
4771,42,1343.3291015625,198.177734375
4772,42,1343.451171875,198.1533203125
4773,42,1343.1708984375,198.1083984375
4774,42,1343.2705078125,198.197265625
4775,42,1342.7373046875,198.0390625
4776,42,1342.794921875,198.01171875
4777,42,1342.974609375,198.01171875
4778,42,1343.0439453125,198.0166015625
4779,42,1343.013671875,198.025390625
4780,42,1343.0615234375,198.0302734375
4781,42,1343.150390625,198.0234375
4782,42,1342.853515625,198.048828125
4783,42,1342.6103515625,197.9921875
4784,42,1342.4013671875,198.0693359375
4785,42,1341.2548828125,197.91796875
4786,42,1340.333984375,197.9794921875
4787,42,1340.537109375,197.939453125
4788,42,1340.318359375,197.9208984375
4789,42,1340.083984375,197.896484375
4790,42,1339.7744140625,197.818359375
4791,42,1339.6044921875,197.7275390625
4792,42,1339.4697265625,197.7470703125
4793,42,1339.142578125,197.7578125
4794,42,1339.0986328125,197.73046875
4795,42,1339.1875,197.7041015625
4796,42,1339.1796875,197.73046875
4797,42,1339.0478515625,197.73828125
4798,42,1339.150390625,197.8134765625
4799,42,1338.705078125,197.6650390625
4800,42,1338.6494140625,197.732421875
4801,42,1312.5537109375,197.20703125
4802,42,1313.69140625,197.19921875
4803,42,1314.021484375,197.2216796875
4804,42,1314.603515625,197.1787109375
4805,42,1315.005859375,197.19921875
4806,42,1315.173828125,197.17578125
4807,42,1315.228515625,197.1484375
4808,42,1315.2392578125,197.2021484375
4809,42,1315.5224609375,197.2119140625
4810,42,1315.7490234375,197.2314453125
4811,42,1316.244140625,197.31640625
4812,42,1316.2646484375,197.3671875
4813,42,1316.7099609375,197.3876953125
4814,42,1317.1787109375,197.546875
4815,42,1318.0693359375,197.6318359375
4816,42,1318.4248046875,197.6962890625
4817,42,1319.169921875,197.6787109375
4818,42,1320.328125,197.7060546875
4819,42,1321.9931640625,197.794921875
4820,42,1323.208984375,197.88671875
4821,42,1323.9814453125,197.9130859375
4822,42,1324.9951171875,198.0146484375
4823,42,1325.4453125,198.0361328125
4824,42,1325.7431640625,198.12109375
4825,42,1326.1982421875,198.146484375
4826,42,1326.6591796875,198.2998046875
4827,42,1327.0625,198.4248046875
4828,42,1327.8076171875,198.4794921875
4829,42,1328.341796875,198.5830078125
4830,42,1328.923828125,198.7333984375
4831,42,1332.3583984375,199.0546875
4832,42,1334.1552734375,199.3349609375
4833,42,1333.279296875,199.0537109375
4834,42,1337.1162109375,199.05078125
4835,42,1338.912109375,199.3740234375
4836,42,1340.8935546875,199.474609375
4837,42,1342.4443359375,199.5498046875
4838,42,1342.9111328125,199.5751953125
4839,42,1342.7236328125,199.5361328125
4840,42,1343.15625,199.583984375
4841,42,1343.5009765625,199.68359375
4842,42,1343.9443359375,199.673828125
4843,42,1344.271484375,199.7705078125
4844,42,1344.7529296875,199.759765625
4845,42,1344.8447265625,199.7041015625
4846,42,1344.927734375,199.759765625
4847,42,1345.51171875,199.8994140625
4848,42,1346.029296875,199.9541015625
4849,42,1345.69140625,199.8349609375
4850,42,1346.6962890625,199.8828125
4851,42,1347.779296875,199.96875
4852,42,1348.4892578125,199.9541015625
4853,41,1348.7548828125,200.1630859375
4854,41,1348.9619140625,197.634765625
4855,41,1349.7646484375,197.7294921875
4856,41,1350.3486328125,197.751953125
4857,41,1350.8134765625,197.9248046875
4858,41,1351.4501953125,197.974609375
4859,41,1352.0986328125,198.0830078125
4860,41,1352.388671875,198.11328125
4861,41,1352.9140625,198.26953125
4862,41,1353.4111328125,198.2978515625
4863,41,1354.076171875,198.4287109375
4864,41,1354.6572265625,198.4482421875
4865,41,1354.9189453125,198.0029296875
4866,41,1354.875,197.83984375
4867,41,1355.9228515625,197.90625
4868,41,1356.3369140625,198.0166015625
4869,41,1356.4150390625,197.947265625
4870,41,1357.0029296875,198.03515625
4871,41,1357.4794921875,198.1396484375
4872,41,1357.2802734375,198.0712890625
4873,41,1357.2607421875,197.978515625
4874,41,1357.751953125,198.123046875
4875,41,1357.2451171875,197.931640625
4876,41,1357.49609375,197.96484375
4877,41,1358.5029296875,198.158203125
4878,41,1358.98828125,198.220703125
4879,41,1359.3974609375,198.3359375
4880,41,1359.802734375,198.3974609375
4881,41,1358.2333984375,198.1484375
4882,41,1359.7119140625,198.2265625
4883,41,1360.67578125,198.3212890625
4884,41,1360.3740234375,198.2197265625
4885,41,1360.859375,198.212890625
4886,41,1361.4345703125,198.380859375
4887,41,1360.607421875,198.123046875
4888,41,1360.5986328125,198.1484375
4889,41,1361.1552734375,198.203125
4890,41,1360.8232421875,198.16015625
4891,41,1361.1455078125,198.15625
4892,41,1361.8232421875,198.2529296875
4893,41,1362.11328125,198.3427734375
4894,41,1362.20703125,198.39453125
4895,41,1361.6455078125,198.427734375
4896,41,1362.4052734375,198.4755859375
4897,41,1360.2646484375,198.177734375
4898,41,1359.275390625,198.0048828125
4899,41,1359.8515625,198.162109375
4900,41,1359.404296875,198.072265625
4901,41,1359.7138671875,198.0625
4902,41,1360.65234375,198.2138671875
4903,41,1361.3056640625,198.23828125
4904,41,1361.458984375,198.2421875
4905,41,1361.71875,198.251953125
4906,41,1362.171875,198.302734375
4907,41,1362.3505859375,198.3896484375
4908,41,1362.931640625,198.44140625
4909,41,1363.3125,198.5537109375
4910,41,1364.0341796875,198.5654296875
4911,41,1364.3232421875,198.6015625
402,46,710.869140625,65.984375
403,51,700.177734375,71.3876953125
404,56,707.296875,74.921875
405,61,711.2001953125,81.0595703125
406,66,711.1220703125,88.3330078125
407,71,711.46875,95.9443359375
408,76,713.1767578125,106.7685546875
409,81,712.794921875,119.4013671875
410,86,713.529296875,142.1708984375
411,89,714.3115234375,175.0146484375
412,89,712.0068359375,198.94921875
413,89,710.970703125,198.533203125
414,89,713.0517578125,198.90234375
415,89,716.1455078125,199.2373046875
416,89,714.3896484375,198.5380859375
417,89,711.42578125,198.0390625
418,89,712.61328125,198.2392578125
419,89,718.8720703125,199.0087890625
420,89,716.4482421875,198.5244140625
421,89,714.7255859375,198.318359375
422,89,716.8447265625,198.5087890625
423,89,721.9248046875,199.1103515625
424,89,718.84375,198.490234375
425,89,716.5419921875,198.212890625
426,89,717.6220703125,198.59765625
427,89,722.791015625,199.369140625
428,89,720.2109375,198.45703125
429,89,718.837890625,198.3134765625
430,89,718.62890625,198.505859375
431,89,723.6220703125,199.14453125
432,89,723.9599609375,199.248046875
433,89,723.279296875,199.0712890625
434,89,723.78125,199.001953125
435,89,619.4765625,193.919921875
436,89,619.49609375,193.9375
437,88,704.2900390625,200.798828125
438,89,694.20703125,187.3740234375
439,89,703.1396484375,199.0888671875
440,89,696.056640625,193.7802734375
441,89,699.48828125,197.404296875
442,89,700.599609375,194.2412109375
443,89,700.0029296875,193.1728515625
444,89,698.9599609375,194.4169921875
445,89,696.2265625,196.419921875
446,89,701.869140625,194.70703125
447,89,704.7568359375,194.732421875
448,89,707.1552734375,195.58984375
449,89,699.3369140625,195.9423828125
450,89,700.029296875,192.8056640625
451,90,697.427734375,191.578125
452,88,702.5185546875,209.212890625
453,89,700.9619140625,187.6787109375
454,90,698.37109375,192.0185546875
455,88,701.2900390625,208.4013671875
456,89,704.6201171875,186.0439453125
457,89,702.94921875,194.611328125
458,90,701.82421875,192.0556640625
459,88,704.6162109375,208.2783203125
460,89,710.259765625,186.490234375
461,89,709.236328125,194.8671875
462,90,702.8095703125,191.669921875
463,89,703.705078125,207.1943359375
464,89,710.841796875,193.2490234375
465,89,714.0537109375,194.60546875
466,90,704.8125,191.4169921875
467,89,705.580078125,207.1171875
468,89,713.9306640625,193.12890625
469,89,719.1142578125,194.455078125
470,89,716.9580078125,194.25390625
471,89,716.5576171875,193.9521484375
472,89,716.3310546875,193.923828125
473,87,687.3876953125,208.1650390625
474,88,687.591796875,189.83203125
475,88,703.501953125,199.5537109375
476,87,711.73046875,200.9150390625
477,88,728.953125,191.9599609375
478,87,729.7373046875,201.0927734375
479,88,736.7548828125,189.95703125
480,87,758.095703125,206.3583984375
481,83,856.8359375,227.029296875
482,84,866.1982421875,188.306640625
483,85,864.9208984375,192.2421875
484,84,886.0732421875,200.748046875
485,84,903.5205078125,196.765625
486,85,886.2724609375,192.1630859375
487,85,878.095703125,196.603515625
488,85,900.5244140625,199.705078125
489,84,922.037109375,203.0380859375
490,85,896.064453125,191.3388671875
491,85,880.9033203125,195.373046875
492,85,895.09375,197.99609375
493,84,913.4775390625,201.2939453125
494,85,884.8251953125,188.7841796875
495,86,871.5283203125,192.177734375
496,84,888.15234375,208.009765625
497,85,903.736328125,192.1923828125
498,85,881.01953125,195.125
499,86,862.072265625,191.0908203125
500,85,877.0126953125,205.9013671875
501,85,895.4794921875,197.1845703125
502,85,873.0419921875,193.3828125
503,86,865.34765625,192.2255859375
504,85,875.7431640625,205.9091796875
505,85,886.2119140625,196.076171875
506,85,866.3115234375,192.4462890625
507,86,858.1142578125,190.6064453125
508,85,868.1376953125,204.2373046875
509,85,877.6806640625,194.3798828125
510,86,861.119140625,191.376953125
511,85,855.30078125,201.42578125
512,86,864.0302734375,191.8017578125
513,85,872.626953125,204.9833984375
514,86,856.423828125,190.1923828125
515,85,851.4384765625,200.640625
516,86,858.7607421875,190.5888671875
517,85,867.36328125,203.884765625
518,86,851.158203125,189.4091796875
519,85,850.4052734375,200.572265625
520,86,855.658203125,190.3544921875
521,85,859.568359375,202.447265625
522,86,851.5185546875,189.4599609375
523,85,849.9951171875,200.267578125
524,86,852.5146484375,189.6337890625
525,85,857.88671875,201.6123046875
526,86,850.603515625,189.0986328125
527,85,850.578125,200.25
528,86,851.9619140625,189.1865234375
529,85,854.27734375,200.939453125
530,86,849.970703125,188.7919921875
531,85,849.9970703125,200.029296875
532,86,850.0546875,188.814453125
533,85,852.1123046875,200.3359375
534,86,851.3583984375,188.9697265625
535,85,851.1455078125,200.271484375
536,86,851.0703125,188.923828125
537,85,851.2021484375,200.1689453125
538,80,903.8720703125,259.1357421875
539,77,904.0,221.392578125
540,77,917.654296875,199.130859375
541,77,928.8486328125,197.125
542,77,936.2587890625,199.4169921875
543,77,933.291015625,198.2724609375
544,77,933.4287109375,199.134765625
545,77,923.185546875,197.1455078125
546,77,931.275390625,199.07421875
547,77,935.0615234375,199.08984375
548,77,938.857421875,199.2578125
549,77,937.814453125,199.421875
550,76,937.0361328125,200.609375
551,77,927.60546875,189.6083984375
552,77,935.2353515625,199.1572265625
553,76,939.4501953125,200.1689453125
554,77,935.5419921875,192.248046875
555,77,934.5009765625,198.2646484375
556,77,939.228515625,199.1533203125
557,77,936.4462890625,197.7822265625
558,77,916.75390625,194.462890625
559,77,931.1591796875,197.626953125
560,77,918.330078125,194.46875
561,77,923.4013671875,194.6982421875
562,80,872.515625,176.1923828125
563,81,872.515625,191.462890625
564,81,872.7158203125,196.927734375
565,81,875.4501953125,196.9677734375
566,81,878.419921875,197.294921875
567,81,880.5234375,196.666015625
568,81,882.5576171875,196.771484375
569,81,883.2841796875,196.9912109375
570,81,882.9453125,196.6787109375
571,81,886.5166015625,196.4931640625
572,81,887.8583984375,196.568359375
573,81,889.3173828125,195.9375
574,81,892.859375,196.080078125
575,81,895.7734375,196.390625
576,81,894.158203125,196.3408203125
577,81,893.0625,195.7783203125
578,81,895.41796875,195.728515625
579,81,895.01953125,195.6435546875
580,81,896.884765625,196.060546875
581,81,898.615234375,196.4599609375
582,81,899.8251953125,196.4443359375
583,81,896.5263671875,195.767578125
584,81,894.4560546875,195.265625
585,81,895.595703125,195.44140625
586,81,894.6396484375,195.1669921875
587,81,899.046875,195.701171875
588,81,900.4619140625,196.1640625
589,81,898.076171875,195.8115234375
590,81,895.6083984375,195.58203125
591,81,897.6337890625,195.845703125
592,86,789.123046875,156.2177734375
593,87,789.140625,192.1533203125
594,87,789.0634765625,198.3173828125
595,87,788.5126953125,198.1923828125
596,87,789.384765625,198.34375
597,87,788.35546875,198.1201171875
598,87,788.466796875,198.1171875
599,87,789.01953125,198.2431640625
600,87,789.3916015625,198.283203125
601,82,953.888671875,233.1201171875
602,83,953.95703125,184.978515625
603,83,953.6611328125,197.001953125
604,83,954.048828125,196.892578125
605,83,953.5966796875,197.14453125
606,83,953.056640625,196.994140625
607,83,952.3720703125,196.7099609375
608,83,950.9521484375,196.43359375
609,83,951.455078125,196.447265625
610,83,949.865234375,196.1435546875
611,83,947.4453125,195.453125
612,83,946.087890625,195.1884765625
613,83,945.1904296875,194.9306640625
614,83,945.4951171875,195.00390625
615,83,946.35546875,195.2431640625
616,83,947.5498046875,195.5576171875
617,83,946.9365234375,195.5361328125
618,83,947.1533203125,195.5546875
619,83,947.3271484375,195.5400390625
620,83,948.111328125,194.900390625
621,83,947.564453125,195.640625
622,83,946.953125,195.54296875
623,83,947.5029296875,195.548828125
624,83,946.9423828125,195.53125
625,83,947.07421875,195.482421875
626,83,946.576171875,195.4248046875
627,83,946.6611328125,195.384765625
628,83,946.70703125,195.5244140625
629,83,946.96875,195.5341796875
630,83,946.458984375,195.4169921875
631,83,946.361328125,195.447265625
632,83,946.7060546875,195.474609375
633,83,946.666015625,195.501953125
634,83,946.3408203125,195.46875
635,83,946.462890625,195.458984375
636,83,946.2744140625,195.474609375
637,83,946.43359375,195.5244140625
638,83,946.7861328125,195.48046875
639,83,945.11328125,194.9775390625
640,83,945.341796875,195.072265625
641,83,943.73828125,194.732421875
642,83,944.982421875,195.048828125
643,83,944.9091796875,194.98046875
644,83,945.306640625,195.060546875
645,83,945.4521484375,195.0439453125
646,83,945.46875,195.025390625
647,88,583.8505859375,129.5390625
648,93,584.005859375,159.654296875
649,90,615.7587890625,221.408203125
650,93,588.3857421875,170.5849609375
651,92,571.783203125,203.5419921875
652,94,560.66796875,181.16796875
653,91,538.685546875,219.193359375
654,94,560.8662109375,172.3388671875
655,90,565.6513671875,225.7509765625
656,95,553.0810546875,160.51171875
657,90,540.84765625,247.0673828125
658,95,536.55859375,155.7646484375
659,90,531.12109375,243.037109375
660,95,530.146484375,154.7802734375
661,90,535.1787109375,244.0068359375
662,95,532.01171875,156.0732421875
663,90,532.0712890625,245.931640625
664,95,507.6728515625,152.451171875
665,90,529.9814453125,244.203125
666,95,533.6416015625,156.7607421875
667,90,535.4033203125,246.537109375
668,95,525.712890625,155.9609375
669,90,539.89453125,247.6982421875
670,95,543.3134765625,158.3623046875
671,90,546.94140625,249.673828125
672,95,544.73046875,158.9755859375
673,90,546.8349609375,249.1787109375
674,95,548.279296875,159.0634765625
675,90,549.9697265625,250.3837890625
676,95,539.16796875,157.994140625
677,90,544.9208984375,248.4111328125
678,95,544.8466796875,158.0498046875
679,90,542.677734375,248.4912109375
680,95,530.267578125,156.1884765625
681,90,539.712890625,247.259765625
682,95,539.7109375,157.0947265625
683,90,537.04296875,246.365234375
684,95,522.35546875,154.453125
685,90,534.8876953125,245.076171875
686,95,538.990234375,157.373046875
687,90,539.1123046875,247.583984375
688,95,528.7294921875,155.84765625
689,90,537.4599609375,246.6767578125
690,95,540.4658203125,157.6455078125
691,90,543.798828125,248.9189453125
692,95,542.462890625,158.5849609375
693,90,544.3564453125,249.1162109375
694,95,546.4296875,159.248046875
695,100,285.697265625,154.609375
696,95,286.04296875,293.8466796875
697,100,299.947265625,159.8583984375
698,95,309.9609375,317.6513671875
699,99,309.4453125,164.701171875
700,94,301.4951171875,271.193359375
701,99,305.140625,146.8232421875
702,94,301.5185546875,272.1650390625
703,99,302.6318359375,145.82421875
704,94,305.2626953125,274.9892578125
705,99,305.1279296875,146.591796875
706,94,305.7587890625,275.48828125
707,99,308.8095703125,148.017578125
708,94,309.953125,279.0634765625
709,99,307.666015625,147.9169921875
710,94,309.380859375,278.5791015625
711,99,311.666015625,149.2421875
712,94,311.2861328125,280.55078125
713,99,313.8046875,150.291015625
714,94,315.1708984375,283.783203125
715,99,317.3232421875,151.2470703125
716,94,316.7216796875,285.0087890625
717,99,317.0107421875,151.2158203125
718,94,317.951171875,286.3017578125
719,99,316.4267578125,150.6298828125
720,94,323.880859375,291.630859375
721,99,317.23046875,150.5107421875
722,94,327.177734375,290.9375
723,99,331.7373046875,154.8544921875
724,94,336.9375,298.7734375
725,99,337.2734375,156.517578125
726,94,337.091796875,298.884765625
727,99,337.6025390625,156.630859375
728,94,337.3818359375,298.8994140625
729,99,336.9853515625,156.3701171875
730,94,540.0732421875,478.658203125
731,89,539.5732421875,242.0927734375
732,92,541.5625,173.0283203125
733,91,541.9521484375,203.4521484375
734,91,542.7666015625,193.482421875
735,91,546.0048828125,192.9716796875
736,91,544.9873046875,192.8671875
737,91,548.9765625,194.36328125
738,91,552.6240234375,195.40234375
739,91,554.0869140625,194.6494140625
740,91,552.3212890625,194.0400390625
741,91,555.505859375,195.509765625
742,91,560.9697265625,197.2177734375
743,91,556.4111328125,195.5771484375
744,91,554.2490234375,194.7490234375
745,91,558.6650390625,196.654296875
746,91,559.60546875,196.677734375
747,91,558.5439453125,196.1279296875
748,91,557.1708984375,195.7060546875
749,91,559.6865234375,196.6083984375
750,91,562.36328125,197.513671875
751,91,559.7060546875,196.5205078125
752,91,559.4716796875,196.521484375
753,91,559.734375,196.4892578125
754,91,561.3173828125,196.892578125
755,91,561.1162109375,195.0615234375
756,91,561.8515625,194.8544921875
757,91,562.4609375,194.4423828125
758,91,565.7451171875,196.2783203125
759,91,562.48828125,194.9423828125
760,91,561.3515625,194.400390625
761,91,562.0439453125,194.806640625
762,91,564.95703125,195.7412109375
763,91,561.236328125,194.361328125
764,91,560.982421875,194.3154296875
765,91,565.7314453125,195.609375
766,91,568.77734375,196.5537109375
767,91,565.810546875,195.4833984375
768,91,567.767578125,196.1728515625
769,91,570.3173828125,196.8603515625
770,91,574.61328125,198.357421875
771,91,576.427734375,198.9384765625
772,91,579.0810546875,199.7822265625
773,91,580.2919921875,199.9140625
774,91,577.865234375,197.802734375
775,91,577.322265625,196.572265625
776,91,584.896484375,199.78515625
777,90,591.1904296875,201.744140625
778,90,598.9326171875,197.12109375
779,89,623.783203125,204.5615234375
780,90,632.244140625,192.015625
781,89,639.2275390625,205.978515625
782,91,617.099609375,184.1591796875
783,91,602.494140625,199.775390625
784,92,575.0634765625,188.677734375
785,93,541.7919921875,185.2236328125
786,93,520.4287109375,194.220703125
787,94,504.2705078125,187.349609375
788,93,491.8486328125,201.7470703125
789,96,476.380859375,175.517578125
790,91,459.9912109375,239.263671875
791,96,448.625,140.9990234375
792,92,436.7080078125,228.8720703125
793,97,429.291015625,143.009765625
794,92,428.359375,252.8583984375
795,97,425.638671875,141.1943359375
796,92,426.2587890625,251.2666015625
797,90,603.970703125,209.7021484375
798,91,604.2890625,190.4619140625
799,91,629.37109375,198.83203125
800,92,611.9267578125,189.3916015625
801,93,588.736328125,189.916015625
802,91,585.0908203125,209.1513671875
803,94,579.9609375,175.830078125
804,90,574.7890625,228.9208984375
805,94,568.544921875,162.416015625
806,91,558.8671875,222.0146484375
807,94,571.369140625,169.8564453125
808,90,581.6484375,229.2548828125
809,94,581.1220703125,165.0439453125
810,90,563.5078125,224.408203125
811,94,584.2763671875,165.3779296875
812,89,593.125,234.3984375
813,94,587.611328125,153.1240234375
814,89,581.615234375,231.0341796875
815,94,589.255859375,152.708984375
816,89,598.7890625,235.54296875
817,94,591.5849609375,151.5029296875
818,90,586.6982421875,229.69140625
819,94,595.5791015625,167.7861328125
820,89,589.2802734375,233.1982421875
821,94,592.7119140625,151.875
822,89,594.5205078125,234.0419921875
823,94,597.6357421875,153.3212890625
824,89,599.701171875,235.6064453125
825,94,597.5498046875,153.638671875
826,89,593.2890625,232.9697265625
827,94,591.7705078125,152.568359375
828,93,472.8935546875,206.544921875
829,94,472.9560546875,187.330078125
830,93,471.1044921875,202.9169921875
831,95,473.626953125,183.705078125
832,91,457.6875,224.626953125
833,95,499.0986328125,165.181640625
834,90,511.07421875,245.177734375
835,94,524.5146484375,162.4033203125
836,91,530.0439453125,221.1328125
837,94,538.904296875,175.173828125
838,90,555.2333984375,230.599609375
839,92,568.9326171875,177.509765625
840,92,583.939453125,198.2890625
841,90,581.7431640625,210.580078125
842,92,588.359375,183.984375
843,91,596.5947265625,204.8583984375
844,91,572.9599609375,193.9638671875
845,91,602.8427734375,197.6259765625
846,91,600.5185546875,194.65234375
847,92,594.3203125,191.4072265625
848,91,603.0380859375,203.3662109375
849,91,606.685546875,193.978515625
850,91,603.056640625,194.2578125
851,91,606.140625,195.41796875
852,91,605.0166015625,196.4453125
853,91,608.271484375,197.7841796875
854,91,605.1708984375,197.822265625
855,91,608.966796875,199.0185546875
856,90,617.0078125,201.8056640625
857,91,615.4091796875,192.2294921875
858,91,599.5224609375,198.2001953125
859,91,598.162109375,196.92578125
860,90,607.4599609375,201.552734375
861,90,607.4599609375,192.693359375
862,89,681.388671875,204.330078125
863,91,648.0126953125,177.23828125
864,95,542.5634765625,166.0888671875
865,90,549.623046875,252.3916015625
866,95,541.509765625,154.421875
867,90,553.470703125,254.15234375
868,94,561.1416015625,161.37890625
869,89,585.802734375,231.7509765625
870,94,583.546875,156.0517578125
871,89,590.5390625,234.6044921875
872,94,594.71875,155.2021484375
873,89,604.9541015625,236.556640625
874,94,594.494140625,156.353515625
875,89,587.068359375,232.583984375
876,94,577.9140625,152.51171875
877,90,573.4033203125,227.2861328125
878,95,559.626953125,159.8310546875
879,90,554.6552734375,251.2236328125
880,95,558.6552734375,156.9453125
881,90,534.919921875,240.8623046875
882,95,515.07421875,144.1171875
883,93,456.5908203125,214.275390625
884,98,397.560546875,149.7177734375
885,93,375.3564453125,259.482421875
886,98,326.525390625,127.255859375
887,95,301.201171875,217.9599609375
888,100,271.072265625,143.4521484375
889,95,252.4990234375,257.8408203125
890,100,231.49609375,126.2646484375
891,97,212.21484375,217.994140625
892,100,191.0068359375,131.853515625
893,100,160.861328125,168.0234375
894,100,142.9638671875,148.775390625
895,100,161.5859375,167.44140625
896,99,198.7607421875,206.9716796875
897,100,189.58984375,169.6240234375
898,98,200.9521484375,211.4609375
899,100,248.9560546875,183.3798828125
900,95,282.2001953125,293.9150390625
901,100,284.6611328125,156.27734375
902,95,241.126953125,255.0556640625
903,100,223.43359375,124.1123046875
904,95,233.5595703125,244.03515625
905,100,230.779296875,123.8251953125
906,100,180.7138671875,186.2373046875
907,100,173.8515625,179.9208984375
908,100,175.7802734375,179.2060546875
909,100,166.2666015625,169.6748046875
910,100,125.494140625,129.501953125
911,100,140.0888671875,143.939453125
912,100,142.2041015625,145.0341796875
913,100,173.3720703125,177.6845703125
914,100,169.517578125,174.0107421875
915,100,162.068359375,166.22265625
916,100,155.556640625,159.2001953125
917,100,148.875,152.98828125
918,100,133.48828125,137.4970703125
919,100,191.04296875,194.9296875
920,98,205.7734375,209.10546875
921,100,183.6708984375,126.5888671875
922,100,191.4111328125,195.552734375
923,100,191.4609375,195.5546875
924,98,209.7099609375,213.97265625
925,100,215.791015625,146.052734375
926,96,224.1953125,228.9951171875
927,100,249.32421875,131.7666015625
928,95,277.2392578125,282.90234375
929,100,303.556640625,141.2001953125
930,95,322.296875,328.3388671875
931,99,351.419921875,162.8779296875
932,94,400.9501953125,346.017578125
933,94,473.0126953125,198.685546875
934,89,553.7431640625,232.79296875
935,89,654.5205078125,194.86328125
936,86,747.5771484375,222.509765625
937,83,834.7490234375,220.5390625
938,81,901.5009765625,215.1103515625
939,79,948.91796875,209.533203125
940,79,968.7919921875,199.990234375
941,79,971.859375,199.3427734375
942,79,959.36328125,195.615234375
943,80,937.2509765625,189.6240234375
944,82,883.8701171875,183.6181640625
945,84,816.1806640625,178.59765625
946,87,743.189453125,175.1982421875
947,90,665.7451171875,174.19140625
948,92,573.3447265625,178.5703125
949,95,505.6533203125,174.53515625
950,93,437.0244140625,209.779296875
951,98,384.20703125,149.1015625
952,93,336.744140625,232.8466796875
953,98,295.728515625,117.919921875
954,99,272.0166015625,190.1181640625
955,95,256.5517578125,225.3642578125
956,100,249.23046875,125.2646484375
957,95,252.0751953125,256.724609375
958,100,248.7373046875,123.109375
959,95,247.61328125,251.9130859375
960,100,239.421875,118.095703125
961,95,230.236328125,231.4091796875
962,100,234.5068359375,117.587890625
963,95,236.0986328125,239.451171875
964,100,229.99609375,115.5947265625
965,95,227.609375,232.5712890625
966,100,225.595703125,113.2275390625
967,96,223.3837890625,228.5380859375
968,100,222.0478515625,125.6015625
969,96,225.5361328125,230.4580078125
970,100,231.40234375,129.8486328125
971,95,234.5849609375,239.744140625
972,100,236.4052734375,118.0693359375
973,95,240.2314453125,244.466796875
974,100,258.0703125,129.5849609375
975,95,282.1865234375,286.880859375
976,100,311.1376953125,158.365234375
977,95,330.775390625,335.8486328125
978,98,340.33203125,176.6337890625
979,93,345.4326171875,247.646484375
980,98,345.62109375,148.794921875
981,93,326.6025390625,236.787109375
982,98,297.19140625,133.375
983,96,283.513671875,210.63671875
984,100,259.189453125,160.9501953125
985,95,246.4833984375,250.732421875
986,100,240.03515625,130.9375
987,97,213.1103515625,216.765625
988,100,197.1962890625,131.9697265625
989,99,202.4560546875,205.2158203125
990,100,197.4462890625,177.1337890625
991,99,201.2041015625,204.5390625
992,100,214.6328125,190.701171875
993,97,212.3125,216.0576171875
994,100,272.6904296875,176.6708984375
995,95,301.8505859375,308.5498046875
996,100,304.5732421875,157.9794921875
997,95,316.822265625,324.4501953125
998,98,332.9189453125,170.537109375
999,93,341.080078125,244.388671875
1000,98,365.955078125,145.150390625
1001,93,389.6767578125,277.783203125
1002,98,403.162109375,159.8720703125
1003,93,420.876953125,301.6328125
1004,96,425.654296875,169.8173828125
1005,91,426.1982421875,239.193359375
1006,96,424.08203125,141.5078125
1007,91,419.263671875,235.171875
1008,96,416.5,137.6591796875
1009,91,419.4326171875,233.8779296875
1010,96,416.1025390625,135.91015625
1011,92,416.478515625,230.943359375
1012,97,417.2685546875,141.9033203125
1013,92,416.724609375,260.8720703125
1014,97,398.01953125,137.451171875
1015,92,389.3349609375,245.6982421875
1016,97,392.0947265625,135.1923828125
1017,92,391.8193359375,246.837890625
1018,97,394.435546875,136.3369140625
1019,92,391.67578125,246.7177734375
1020,97,395.078125,136.9189453125
1021,92,395.9443359375,248.7509765625
1022,97,395.8427734375,136.931640625
1023,92,394.998046875,248.37890625
1024,97,395.95703125,136.955078125
1025,92,395.7041015625,248.8291015625
1026,97,395.8642578125,137.09375
1027,92,394.8115234375,248.33984375
1028,97,395.7568359375,136.9345703125
