2128,34,1328.5537109375,166.1337890625
2129,36,1337.58984375,182.88671875
2130,37,1329.783203125,188.8720703125
2131,38,1324.193359375,190.5791015625
2132,38,1334.431640625,198.05078125
2133,38,1328.798828125,195.4111328125
2134,38,1333.9365234375,196.123046875
2135,38,1341.375,198.7265625
2136,38,1332.9228515625,196.751953125
2137,38,1335.91015625,196.681640625
2138,38,1342.9716796875,198.71484375
2139,38,1333.5234375,196.8330078125
2140,38,1334.810546875,196.8525390625
2141,38,1343.2275390625,198.17578125
2142,38,1330.5625,195.490234375
2143,38,1332.7421875,195.9140625
2144,38,1340.56640625,197.9365234375
2145,38,1325.396484375,194.5556640625
2146,38,1328.873046875,195.10546875
2147,38,1337.0947265625,197.2099609375
2148,38,1328.033203125,195.0927734375
2149,38,1323.6640625,194.4013671875
2150,38,1336.775390625,197.5380859375
2151,38,1325.12109375,194.6220703125
2152,38,1329.5283203125,195.56640625
2153,38,1337.982421875,197.634765625
2154,38,1325.7275390625,194.8388671875
2155,38,1328.0029296875,195.1728515625
2156,38,1336.8935546875,197.5634765625
2157,38,1323.9658203125,194.8037109375
2158,38,1326.6728515625,194.9970703125
2159,38,1330.6240234375,196.1904296875
2160,38,1318.8232421875,193.0458984375
2161,38,1315.90234375,193.5234375
2162,38,1327.892578125,196.62109375
2163,38,1314.5205078125,193.3681640625
2164,38,1317.080078125,193.54296875
2165,38,1327.603515625,196.5361328125
2166,38,1318.935546875,194.1376953125
2167,38,1317.189453125,193.5830078125
2168,38,1329.0703125,196.685546875
2169,38,1313.8330078125,192.8603515625
2170,38,1317.4638671875,193.5791015625
2171,38,1327.232421875,196.0537109375
2172,38,1313.00390625,193.49609375
2173,38,1304.2880859375,193.3251953125
2174,38,1308.5380859375,196.4443359375
2175,38,1300.6748046875,193.212890625
2176,38,1300.8515625,193.0595703125
2177,38,1309.7724609375,195.8681640625
2178,38,1304.0732421875,193.21875
2179,38,1305.2841796875,192.7763671875
2180,38,1317.73828125,195.6279296875
2181,38,1310.646484375,193.2216796875
2182,38,1311.8642578125,192.888671875
2183,38,1320.130859375,194.8291015625
2184,38,1314.4736328125,192.927734375
2185,38,1313.6416015625,192.2734375
2186,38,1322.1103515625,194.30859375
2187,39,1316.5419921875,192.1982421875
2188,39,1317.8125,195.4150390625
2189,39,1327.91015625,197.4287109375
2190,39,1324.109375,195.234375
2191,39,1321.185546875,195.1455078125
2192,39,1330.68359375,197.650390625
2193,39,1324.5732421875,195.8427734375
2194,39,1325.177734375,195.576171875
2195,39,1331.10546875,197.189453125
2196,39,1327.0,195.697265625
2197,39,1329.8466796875,196.103515625
2198,39,1333.9609375,197.3837890625
2199,39,1325.2294921875,194.880859375
2200,39,1327.8173828125,195.2822265625
2201,39,1331.1376953125,196.3837890625
2202,39,1324.197265625,194.736328125
2203,39,1323.158203125,194.12109375
2204,39,1326.294921875,195.458984375
2205,39,1320.5869140625,193.654296875
2206,39,1320.853515625,193.619140625
2207,39,1323.2705078125,194.994140625
2208,39,1316.3271484375,193.265625
2209,39,1316.03515625,192.6982421875
2210,39,1318.603515625,193.99609375
2211,40,1306.1103515625,191.4345703125
2212,40,1305.5048828125,192.3779296875
2213,40,1315.3525390625,194.9228515625
2214,40,1300.3408203125,192.537109375
2215,40,1303.2568359375,192.4716796875
2216,40,1311.8447265625,195.443359375
2217,40,1305.22265625,192.927734375
2218,40,1304.0302734375,192.662109375
2219,40,1311.087890625,194.7861328125
2220,41,1301.5,191.376953125
2221,41,1291.771484375,195.6982421875
2222,41,1299.94921875,198.2783203125
2223,41,1293.6025390625,195.59375
2224,41,1295.1259765625,195.45703125
2225,41,1306.0751953125,198.9453125
2226,41,1300.26953125,196.7607421875
2227,41,1299.1259765625,195.90234375
2228,41,1303.9248046875,198.1630859375
2229,41,1295.587890625,195.5029296875
2230,41,1295.44140625,195.58984375
2231,41,1301.34375,197.8115234375
2232,41,1289.8427734375,194.443359375
2233,41,1282.921875,193.3330078125
2234,41,1288.509765625,195.1328125
2235,41,1278.3935546875,192.7470703125
2236,41,1277.2353515625,192.36328125
2237,41,1279.5029296875,193.97265625
2238,42,1272.5810546875,191.7275390625
2239,42,1272.3115234375,194.3271484375
2240,42,1274.4775390625,195.4111328125
2241,40,1301.7060546875,208.8017578125
2242,40,1301.2880859375,197.146484375
2243,40,1312.6689453125,197.525390625
2244,39,1325.8720703125,200.8251953125
2245,39,1310.1796875,196.1005859375
2246,39,1313.7744140625,196.501953125
2247,39,1316.0400390625,197.341796875
2248,39,1301.1865234375,193.796875
2249,39,1299.373046875,193.923828125
2250,39,1298.0087890625,194.83203125
2251,39,1295.4150390625,193.8310546875
2252,39,1298.0224609375,194.056640625
2253,40,1286.166015625,191.7705078125
2254,40,1284.580078125,193.240234375
2255,40,1288.2734375,194.99609375
2256,40,1283.83203125,192.7041015625
2257,40,1284.5126953125,192.681640625
2258,40,1288.4375,194.3759765625
2259,40,1283.716796875,192.744140625
2260,40,1285.69921875,192.587890625
2261,40,1289.0947265625,194.35546875
2262,40,1285.1484375,192.8525390625
2263,40,1287.7587890625,193.2138671875
2264,40,1290.8291015625,194.619140625
2265,40,1286.50390625,192.490234375
2266,40,1285.8916015625,192.4921875
2267,40,1289.7001953125,193.9658203125
2268,41,1285.6572265625,192.228515625
2269,41,1286.1865234375,196.923828125
2270,41,1290.787109375,198.7861328125
2271,41,1285.806640625,196.86328125
2272,41,1283.9375,196.505859375
2273,41,1293.78125,199.294921875
2274,41,1294.197265625,198.1318359375
2275,41,1298.9140625,198.908203125
2276,40,1307.3916015625,201.4755859375
2277,40,1305.0009765625,195.048828125
2278,40,1306.7138671875,194.9951171875
2279,40,1310.529296875,196.5537109375
2280,40,1306.923828125,195.1328125
2281,40,1304.259765625,194.484375
2282,40,1307.2744140625,195.88671875
2283,40,1302.6064453125,193.8779296875
2284,40,1302.484375,193.826171875
2285,40,1302.326171875,194.6259765625
2286,40,1295.767578125,192.3876953125
2287,41,1295.830078125,192.0830078125
2288,41,1306.4072265625,199.6943359375
2289,41,1297.0380859375,196.966796875
2290,41,1301.0322265625,197.701171875
2291,40,1310.3505859375,200.02734375
2292,40,1304.42578125,192.955078125
2293,40,1302.646484375,192.8623046875
2294,40,1311.0068359375,194.73046875
2295,40,1306.43359375,192.951171875
2296,40,1310.0830078125,193.4931640625
2297,40,1317.4755859375,195.1494140625
2298,40,1311.0244140625,193.3798828125
2299,40,1310.9560546875,193.2421875
2300,40,1319.6552734375,195.51171875
2301,40,1315.2001953125,194.126953125
2302,40,1313.3427734375,193.8701171875
2303,40,1319.5517578125,195.5107421875
2304,40,1319.060546875,195.05859375
2305,40,1310.8427734375,192.9794921875
2306,40,1314.119140625,193.6875
2307,40,1319.642578125,195.5732421875
2308,40,1312.162109375,193.0126953125
2309,40,1309.5185546875,193.0244140625
2310,40,1311.439453125,194.1630859375
2311,41,1306.0693359375,192.119140625
2312,41,1305.44140625,196.978515625
2313,41,1308.4453125,198.125
2314,41,1304.67578125,196.8818359375
2315,41,1304.1220703125,196.921875
2316,41,1311.67578125,198.58984375
2317,41,1303.7880859375,196.4716796875
2318,41,1306.02734375,196.921875
2319,41,1310.3408203125,198.318359375
2320,41,1303.3896484375,196.841796875
2321,41,1304.7255859375,196.357421875
2322,41,1313.8837890625,198.5556640625
2323,41,1308.0859375,197.1142578125
2324,41,1305.44140625,196.7763671875
2325,41,1318.6533203125,199.8330078125
2326,41,1310.8095703125,197.876953125
2327,41,1308.5908203125,197.0458984375
2328,41,1316.25390625,199.072265625
2329,41,1306.8212890625,197.001953125
2330,41,1306.5732421875,196.876953125
2331,41,1313.056640625,198.517578125
2332,41,1310.0693359375,197.4716796875
2333,41,1311.51953125,197.6708984375
2334,41,1317.439453125,198.892578125
2335,41,1310.4052734375,197.2900390625
2336,41,1311.619140625,197.34765625
2337,41,1318.517578125,198.8310546875
2338,41,1314.2109375,197.4404296875
2339,41,1311.712890625,197.6259765625
2340,41,1319.2353515625,199.17578125
2341,41,1313.94921875,197.498046875
2342,41,1315.84375,197.583984375
2343,41,1323.1875,199.3369140625
2344,41,1321.9873046875,198.6435546875
2345,41,1325.0146484375,199.15625
2346,40,1330.677734375,200.54296875
2347,40,1328.4453125,194.5419921875
2348,40,1330.3896484375,194.5439453125
2349,40,1335.279296875,195.65625
2350,40,1331.015625,194.4111328125
2351,40,1331.2236328125,194.0400390625
2352,40,1334.9404296875,195.4169921875
2353,40,1332.1259765625,194.1875
2354,40,1332.5244140625,194.5
2355,40,1335.8779296875,195.7587890625
2356,40,1330.970703125,194.7783203125
2357,40,1334.296875,194.6982421875
2358,40,1339.001953125,196.07421875
2359,40,1334.2607421875,194.8984375
2360,40,1338.4111328125,195.6572265625
2361,40,1342.1455078125,196.744140625
2362,40,1340.705078125,196.291015625
2363,40,1342.1259765625,196.46484375
2364,40,1345.2626953125,197.412109375
2365,40,1343.1806640625,196.7236328125
2366,40,1343.900390625,196.8515625
2367,40,1346.9833984375,197.71484375
1340,45,1066.185546875,121.92578125
1341,50,1081.4384765625,134.7998046875
1342,55,1068.6318359375,141.03125
1343,60,1081.9501953125,152.615234375
1344,64,1071.0458984375,161.408203125
1345,67,1085.77734375,174.484375
1346,69,1065.4765625,179.79296875
1347,70,1083.455078125,190.947265625
1348,71,1061.5400390625,190.77734375
1349,71,1078.302734375,198.0400390625
1350,71,1060.2529296875,193.6162109375
1351,71,1075.1279296875,197.1494140625
1352,71,1060.83203125,194.16796875
1353,71,1077.07421875,197.626953125
1354,71,1061.541015625,194.107421875
1355,71,1076.767578125,197.8720703125
1356,71,1061.4052734375,194.0888671875
1357,71,1076.9052734375,198.0419921875
1358,71,1058.67578125,194.4716796875
1359,71,1070.25,197.8818359375
1360,71,1072.533203125,196.83984375
1361,71,1082.19921875,197.9462890625
1362,70,1096.39453125,201.205078125
1363,70,1081.9267578125,196.3583984375
1364,70,1092.70703125,196.1533203125
1365,70,1090.2216796875,195.607421875
1366,70,1102.5966796875,197.4990234375
1367,70,1094.2744140625,196.94140625
1368,70,1074.6025390625,192.646484375
1369,70,1094.8701171875,196.7373046875
1370,70,1093.5693359375,196.638671875
1371,70,1075.8955078125,193.458984375
1372,70,1081.9970703125,194.1171875
1373,70,1079.9541015625,194.7841796875
1374,70,1077.666015625,192.951171875
1375,71,1075.70703125,191.779296875
1376,71,1089.818359375,198.1201171875
1377,71,1078.068359375,197.91015625
1378,71,1082.228515625,196.458984375
1379,71,1076.642578125,195.2900390625
1380,71,1089.5595703125,198.203125
1381,71,1078.9931640625,197.7685546875
1382,71,1078.310546875,196.3056640625
1383,71,1073.732421875,194.966796875
1384,71,1089.3740234375,197.95703125
1385,71,1088.2236328125,198.6591796875
1386,71,1081.9775390625,197.078125
1387,71,1075.3203125,195.64453125
1388,71,1089.880859375,198.9365234375
1389,71,1087.94140625,199.7763671875
1390,71,1065.3671875,195.1201171875
1391,71,1084.091796875,198.8173828125
1392,71,1063.796875,195.4892578125
1393,71,1072.806640625,197.419921875
1394,71,1076.37109375,198.5478515625
1395,71,1069.1708984375,196.8408203125
1396,71,1060.9912109375,195.337890625
1397,71,1074.7080078125,198.8115234375
1398,71,1071.435546875,198.7119140625
1399,71,1054.8134765625,194.95703125
1400,71,1077.4443359375,199.7099609375
1401,71,1053.44921875,195.60546875
1402,71,1071.39453125,199.7919921875
1403,71,1054.2119140625,196.6396484375
1404,71,1070.5,199.7470703125
1405,71,1070.392578125,199.5859375
1406,71,1059.0751953125,197.123046875
1407,70,1075.51171875,200.189453125
1408,70,1056.86328125,192.9228515625
1409,70,1078.75390625,196.6015625
1410,70,1076.2255859375,195.064453125
1411,70,1085.359375,195.8662109375
1412,70,1098.8359375,198.845703125
1413,70,1101.9892578125,199.283203125
1414,70,1094.248046875,197.345703125
1415,70,1084.6845703125,195.2265625
1416,70,1098.3125,198.767578125
1417,70,1103.7783203125,199.5751953125
1418,70,1092.10546875,196.9404296875
1419,70,1085.3984375,194.587890625
1420,70,1100.1083984375,198.12109375
1421,70,1103.3916015625,198.4541015625
1422,70,1094.2861328125,196.4443359375
1423,70,1086.115234375,193.7080078125
1424,70,1101.49609375,197.5556640625
1425,70,1105.8857421875,198.5830078125
1426,70,1092.3896484375,195.3486328125
1427,70,1088.6201171875,195.0703125
1428,70,1101.0703125,198.1240234375
1429,70,1109.2763671875,199.4345703125
1430,70,1098.4921875,197.435546875
1431,70,1098.125,196.7900390625
1432,70,1109.0078125,198.685546875
1433,69,1117.1943359375,200.021484375
1434,69,1103.6796875,193.044921875
1435,70,1097.5556640625,191.1025390625
1436,70,1113.330078125,199.583984375
1437,69,1122.818359375,200.5419921875
1438,69,1100.33984375,193.32421875
1439,69,1096.736328125,192.9970703125
1440,69,1117.2939453125,195.390625
1441,68,1069.7314453125,203.955078125
1442,68,1096.939453125,192.443359375
1443,68,1136.435546875,197.51953125
1444,68,1114.244140625,194.1943359375
1445,69,1110.8046875,191.8837890625
1446,69,1124.5751953125,198.115234375
1447,69,1135.8232421875,199.4521484375
1448,69,1117.5615234375,197.33203125
1449,69,1104.19921875,194.48046875
1450,69,1115.7177734375,197.0185546875
1451,69,1122.31640625,198.2744140625
1452,69,1111.4716796875,196.41015625
1453,69,1096.5107421875,193.2041015625
1454,69,1094.1982421875,194.3486328125
1455,69,1106.068359375,196.16796875
1456,70,1070.5615234375,189.0517578125
1457,69,1104.357421875,200.310546875
1458,70,1083.185546875,191.2685546875
1459,70,1080.0888671875,195.314453125
1460,70,1093.71484375,199.1767578125
1461,70,1065.8193359375,192.4326171875
1462,70,1090.80078125,197.974609375
1463,71,1064.24609375,191.5146484375
1464,70,1085.921875,200.4873046875
1465,71,1061.658203125,190.275390625
1466,71,1080.982421875,199.4677734375
1467,71,1059.8369140625,194.142578125
1468,71,1073.19140625,198.9228515625
1469,71,1055.439453125,192.8447265625
1470,71,1070.58203125,198.09765625
1471,71,1050.3701171875,192.5546875
1472,71,1068.712890625,197.8310546875
1473,72,1048.6376953125,192.2421875
1474,72,1054.228515625,198.73046875
1475,72,1045.5244140625,193.1875
1476,72,1055.92578125,196.73828125
1477,72,1055.53125,196.66015625
1478,72,1053.3251953125,195.1259765625
1479,73,1032.9873046875,188.6708984375
1480,73,1034.552734375,196.0615234375
1481,74,1025.5205078125,191.2373046875
1482,73,1023.7568359375,200.533203125
1483,74,1018.818359375,189.7109375
1484,74,1022.291015625,197.076171875
1485,74,1006.806640625,197.5009765625
1486,74,1007.6787109375,192.990234375
1487,74,1011.8642578125,195.3447265625
1488,75,998.9150390625,189.7255859375
1489,76,1003.30078125,191.0068359375
1490,76,988.3857421875,194.6806640625
1491,77,989.6171875,191.119140625
1492,77,996.4638671875,199.1806640625
1493,77,984.7578125,198.9375
1494,77,987.5478515625,197.107421875
1495,77,976.8896484375,195.154296875
1496,77,976.5146484375,197.0869140625
1497,77,959.986328125,197.05859375
1498,77,961.0830078125,193.646484375
1499,77,972.9443359375,197.7724609375
1500,77,953.603515625,192.4697265625
1501,77,954.6513671875,195.134765625
1502,78,944.296875,189.6826171875
1503,78,949.099609375,198.5693359375
1504,78,950.09765625,198.044921875
1505,78,936.6220703125,196.5234375
1506,78,932.947265625,193.947265625
1507,79,919.748046875,191.5341796875
1508,80,906.8525390625,191.412109375
1509,80,893.369140625,195.9169921875
1510,80,892.3935546875,195.197265625
1511,80,892.130859375,195.373046875
1512,80,884.740234375,194.705078125
1513,80,885.5888671875,194.896484375
1514,80,872.7099609375,192.7265625
1515,81,864.541015625,191.5458984375
1516,81,864.306640625,198.154296875
1517,81,857.138671875,197.2626953125
1518,81,862.099609375,197.04296875
1519,81,842.5107421875,193.333984375
1520,82,831.9921875,190.0615234375
1521,83,811.7001953125,188.400390625
1522,83,799.57421875,194.6484375
1523,84,774.103515625,187.2490234375
1524,85,776.7421875,192.03515625
1525,85,781.333984375,198.083984375
1526,85,789.5390625,199.8525390625
1527,84,795.240234375,201.3349609375
1528,84,798.759765625,195.5966796875
1529,85,784.9619140625,191.7763671875
1530,86,756.3603515625,189.41015625
1531,86,736.9091796875,192.2978515625
1532,89,599.130859375,176.296875
1533,86,681.6875,217.5126953125
1534,88,645.802734375,182.361328125
1535,89,621.474609375,190.3310546875
1536,90,608.935546875,190.5068359375
1537,89,608.1943359375,203.1259765625
1538,90,593.779296875,186.10546875
1539,88,609.8525390625,208.6943359375
1540,88,628.6806640625,194.19140625
1541,89,623.94140625,189.09375
1542,89,625.900390625,195.8603515625
1543,89,632.6181640625,197.841796875
1544,89,636.14453125,199.6611328125
1545,88,648.5859375,202.6455078125
1546,87,669.3359375,200.91796875
1547,87,684.751953125,193.6796875
1548,87,701.0205078125,197.4541015625
1549,86,712.90625,201.4228515625
1550,85,733.1513671875,202.5556640625
1551,85,732.87109375,193.7861328125
1552,85,739.6494140625,194.3984375
1553,85,740.9970703125,194.28515625
1554,85,742.0888671875,194.630859375
1555,85,745.109375,196.9521484375
1556,85,753.568359375,199.7099609375
1557,84,759.689453125,203.1533203125
1558,84,757.96484375,198.826171875
1559,84,757.78515625,198.619140625
1560,84,746.9775390625,195.3427734375
1561,82,783.2021484375,208.3203125
1562,84,772.3984375,183.4384765625
1563,84,772.6796875,195.111328125
1564,85,759.8798828125,187.7236328125
1565,85,731.583984375,192.294921875
1566,86,743.189453125,190.3564453125
1567,86,728.0908203125,199.4580078125
1568,85,745.384765625,201.626953125
1569,86,723.1748046875,190.7919921875
1570,86,737.3125,198.40234375
1571,86,734.9052734375,199.357421875
1572,84,757.0703125,209.9853515625
1573,85,710.55078125,189.138671875
1574,85,748.89453125,199.158203125
1575,85,757.03125,199.556640625
1576,84,759.603515625,202.1796875
1577,84,718.9287109375,193.109375
1578,84,751.1767578125,195.56640625
1579,84,744.5830078125,192.630859375
1580,84,750.546875,195.1103515625
1581,85,714.34375,190.2177734375
1582,85,745.98046875,198.0419921875
1583,85,741.08984375,197.5947265625
1584,85,756.994140625,199.09375
1585,84,759.19921875,200.0146484375
1586,84,744.1796875,194.8154296875
1587,84,762.193359375,195.7548828125
1588,84,759.857421875,199.41796875
1589,84,771.5068359375,199.8076171875
1590,84,749.228515625,198.4853515625
1591,84,763.23828125,197.9658203125
1592,84,743.4521484375,196.6923828125
1593,84,758.4287109375,197.05859375
1594,84,749.1435546875,196.5556640625
1595,84,745.4609375,198.029296875
1596,84,695.6240234375,192.521484375
1597,84,733.6201171875,194.4970703125
1598,84,729.9111328125,192.9912109375
1599,84,737.1455078125,195.662109375
1600,84,702.279296875,193.509765625
1601,84,737.3134765625,194.9931640625
1602,84,736.1591796875,198.306640625
1603,84,751.6923828125,196.8759765625
1604,84,741.94140625,197.6875
1605,84,754.0908203125,194.869140625
1606,84,740.3583984375,195.900390625
1607,84,756.005859375,196.1123046875
1608,84,744.8056640625,198.3193359375
1609,84,760.181640625,198.5849609375
1610,84,758.9150390625,199.962890625
1611,83,758.6708984375,201.07421875
1612,84,709.4853515625,190.513671875
1613,84,749.33203125,198.38671875
1614,84,746.9755859375,196.2861328125
1615,84,717.798828125,192.947265625
1616,84,745.126953125,193.90234375
1617,85,735.3125,189.46875
1618,85,740.3701171875,198.0205078125
1619,85,697.3740234375,193.3125
1620,85,739.2412109375,199.37109375
1621,85,729.5771484375,195.9453125
1622,86,705.51171875,191.6044921875
1623,86,689.2998046875,197.37109375
1624,86,685.2890625,197.43359375
1625,86,684.333984375,197.849609375
1626,86,685.3798828125,198.8857421875
1627,86,683.16796875,197.396484375
1628,87,664.8955078125,190.55078125
1629,87,668.5048828125,197.9482421875
1630,87,676.578125,199.2587890625
1631,86,700.015625,204.8935546875
1632,85,705.833984375,200.6376953125
1633,85,713.5947265625,192.9951171875
1634,86,711.068359375,191.091796875
1635,86,708.7900390625,199.62109375
1636,87,678.58984375,189.7119140625
1637,89,632.470703125,179.75390625
1638,91,585.044921875,181.169921875
1639,90,587.890625,206.48046875
1640,89,601.4013671875,200.8505859375
1641,90,608.3271484375,189.080078125
1642,90,594.0712890625,198.6591796875
1643,90,593.578125,198.8115234375
1644,89,606.6552734375,203.837890625
1645,89,620.6591796875,193.650390625
1646,89,627.0322265625,197.095703125
1647,88,638.580078125,201.509765625
1648,88,641.443359375,196.9111328125
1649,85,711.80859375,216.0810546875
1650,87,656.4677734375,180.990234375
1651,86,698.4111328125,201.62890625
1652,87,681.67578125,191.8212890625
1653,86,689.2529296875,201.5263671875
1654,87,649.94921875,189.8369140625
1655,86,697.390625,200.9736328125
1656,86,691.8505859375,196.6171875
1657,86,703.5400390625,194.859375
1658,86,686.927734375,195.0517578125
1659,86,701.8828125,193.494140625
1660,86,684.4609375,192.6435546875
1661,86,708.9560546875,193.919921875
1662,86,689.35546875,194.9365234375
1663,86,708.625,194.6611328125
1664,86,695.4501953125,195.376953125
1665,86,719.46875,198.466796875
1666,86,699.962890625,197.5478515625
1667,86,722.037109375,197.90234375
1668,85,711.8681640625,200.146484375
1669,86,721.8271484375,190.828125
1670,86,713.1943359375,197.94140625
1671,86,681.82421875,196.4091796875
1672,91,332.86328125,99.0888671875
1673,96,336.166015625,119.57421875
1674,95,350.1083984375,203.125
1675,96,360.29296875,190.3876953125
1676,92,390.1162109375,228.5380859375
1677,95,435.37109375,170.3876953125
1678,90,477.7451171875,249.462890625
1679,91,524.4990234375,187.43359375
1680,89,560.4755859375,207.7763671875
1681,89,600.7255859375,197.912109375
1682,92,535.412109375,169.275390625
1683,94,489.3701171875,179.5625
1684,92,472.8896484375,208.80078125
1685,97,445.1962890625,159.109375
1686,92,456.4072265625,290.2900390625
1687,94,488.6328125,176.8896484375
1688,89,528.759765625,235.794921875
1689,92,543.576171875,173.8388671875
1690,90,555.654296875,207.9326171875
1691,90,562.6923828125,193.8447265625
1692,90,572.78515625,197.8984375
1693,89,580.6884765625,202.28125
1694,90,585.40625,191.7294921875
1695,90,571.7109375,196.93359375
1696,90,570.787109375,196.36328125
1697,91,564.6962890625,190.427734375
1698,90,582.39453125,205.7275390625
1699,95,341.822265625,120.86328125
1700,95,385.427734375,196.6015625
1701,93,418.5634765625,209.4873046875
1702,96,435.3369140625,170.2041015625
1703,91,442.2685546875,243.2900390625
1704,96,456.33984375,151.435546875
1705,91,452.0654296875,248.041015625
1706,96,462.8828125,155.1103515625
1707,91,467.392578125,255.73828125
1708,96,466.376953125,156.947265625
1709,91,476.404296875,258.9892578125
1710,96,454.7919921875,153.65234375
1711,91,447.74609375,244.685546875
1712,96,433.44921875,144.75390625
1713,91,437.4970703125,238.0458984375
1714,96,432.4072265625,143.443359375
1715,91,436.44140625,237.1494140625
1716,96,445.2333984375,148.0361328125
1717,91,438.28515625,238.1826171875
1718,96,434.8994140625,145.1494140625
1719,91,442.7177734375,240.611328125
1720,96,447.365234375,147.669921875
1721,91,451.27734375,245.0654296875
1722,96,470.1748046875,155.00390625
1723,91,478.75390625,258.833984375
1724,95,491.8134765625,162.0419921875
1725,90,515.6953125,245.646484375
1726,94,527.3212890625,164.0634765625
1727,90,541.5380859375,226.0341796875
1728,94,544.25390625,168.1162109375
1729,90,544.7158203125,226.6103515625
1730,93,545.314453125,169.068359375
1731,91,551.408203125,208.2041015625
1732,93,550.8330078125,178.7294921875
1733,92,542.9814453125,203.599609375
1734,94,540.5029296875,183.5078125
1735,91,535.1591796875,222.9970703125
1736,94,534.8681640625,173.3330078125
1737,91,527.4560546875,220.15234375
1738,94,529.1806640625,171.841796875
1739,90,537.265625,223.9130859375
1740,85,754.234375,278.3115234375
1741,80,834.474609375,231.1201171875
1742,80,799.4638671875,193.00390625
1743,80,838.1259765625,196.77734375
1744,80,801.2646484375,194.8486328125
1745,80,839.0673828125,197.236328125
1746,80,815.8564453125,195.8837890625
1747,80,844.466796875,196.814453125
1748,80,848.015625,197.9365234375
1749,80,799.240234375,194.0517578125
1750,80,842.7177734375,196.2470703125
1751,80,835.3623046875,193.998046875
1752,80,839.30859375,195.7275390625
1753,81,790.1533203125,191.2880859375
1754,81,830.5244140625,199.8779296875
1755,81,829.150390625,199.177734375
1756,80,835.4404296875,202.271484375
1757,81,782.115234375,192.1005859375
1758,81,823.095703125,199.1416015625
1759,81,800.818359375,197.736328125
1760,81,817.8876953125,196.1298828125
1761,81,795.0126953125,194.7734375
1762,81,816.3154296875,195.693359375
1763,81,798.3193359375,195.666015625
1764,81,818.205078125,197.408203125
1765,81,807.654296875,198.01171875
1766,80,828.30078125,200.1005859375
1767,80,828.126953125,193.7626953125
1768,80,830.6259765625,195.6650390625
1769,81,789.92578125,191.77734375
1770,81,819.1728515625,199.2568359375
1771,80,826.345703125,202.630859375
1772,80,840.58984375,197.521484375
1773,80,830.41015625,194.2421875
1774,80,830.564453125,195.8095703125
1775,81,786.900390625,191.90234375
1776,80,822.421875,200.0556640625
1777,80,827.8271484375,193.8427734375
1778,80,839.15625,197.0693359375
1779,81,788.5927734375,192.2353515625
1780,80,828.3662109375,200.3857421875
1781,80,826.275390625,193.1484375
1782,80,840.8974609375,197.900390625
1783,80,801.029296875,194.822265625
1784,80,831.78125,195.3076171875
1785,80,836.7900390625,197.732421875
1786,80,846.673828125,196.6064453125
1787,80,838.603515625,198.212890625
1788,79,860.6533203125,200.5615234375
1789,79,862.4697265625,194.8193359375
1790,79,862.193359375,194.55859375
1791,80,822.7822265625,191.46484375
1792,79,861.9326171875,200.6015625
1793,79,867.921875,195.48828125
1794,79,878.3779296875,197.990234375
1795,79,848.8154296875,195.59375
1796,79,873.310546875,196.9267578125
1797,79,876.1748046875,195.435546875
1798,79,879.8935546875,195.900390625
1799,84,593.0595703125,131.5830078125
1800,89,610.037109375,158.7412109375
1801,84,866.1083984375,254.375
1802,81,883.0185546875,221.8330078125
1803,79,904.1865234375,209.0888671875
1804,79,917.3935546875,197.283203125
1805,83,731.9208984375,162.185546875
1806,88,641.498046875,159.2041015625
1807,89,627.71875,184.7451171875
1808,86,718.123046875,222.5615234375
1809,84,768.9580078125,211.474609375
1810,83,806.564453125,205.740234375
1811,83,776.853515625,193.23046875
1812,88,628.1962890625,153.3056640625
1813,90,612.185546875,179.7509765625
1814,90,607.2578125,196.7919921875
1815,86,690.228515625,227.9833984375
1816,85,746.232421875,206.4716796875
1817,83,791.1201171875,209.91015625
1818,86,706.1259765625,175.525390625
1819,90,621.0263671875,167.7109375
1820,85,723.5791015625,238.4794921875
1821,84,764.134765625,200.2138671875
1822,83,789.146484375,200.685546875
1823,83,804.9775390625,198.5341796875
1824,83,800.6103515625,195.3203125
1825,88,616.46484375,150.4248046875
1826,91,585.6005859375,171.115234375
1827,86,673.892578125,231.5302734375
1828,86,720.380859375,195.8115234375
1829,85,749.3984375,202.990234375
1830,85,767.0361328125,197.755859375
1831,88,649.119140625,169.2802734375
1832,91,586.619140625,172.015625
1833,92,554.2880859375,186.716796875
1834,88,641.755859375,229.3720703125
1835,87,700.2294921875,204.8759765625
1836,87,719.154296875,198.5576171875
1837,86,737.7763671875,202.94140625
1838,91,555.8681640625,147.845703125
1839,95,484.9306640625,162.8173828125
1840,91,460.2587890625,225.2763671875
1841,93,481.544921875,180.328125
1842,89,538.7509765625,223.259765625
1843,92,542.07421875,169.5400390625
1844,92,526.5595703125,193.6328125
1845,93,524.4521484375,191.2216796875
1846,97,382.6474609375,165.2685546875
1847,93,342.39453125,226.9033203125
1848,98,358.546875,149.6875
1849,93,544.50390625,400.6318359375
1850,88,613.796875,250.5576171875
1851,89,618.828125,189.14453125
1852,90,607.5791015625,191.6162109375
1853,89,609.5322265625,206.9208984375
1854,94,358.5947265625,115.8720703125
1855,98,350.8759765625,163.056640625
1856,93,375.6083984375,277.2197265625
1857,88,573.482421875,238.5361328125
1858,89,609.763671875,186.20703125
1859,89,637.2158203125,198.6923828125
1860,88,646.41796875,200.8291015625
1861,87,675.7412109375,202.5244140625
1862,92,444.4150390625,130.15234375
1863,96,428.0029296875,163.306640625
1864,91,455.5078125,261.783203125
1865,86,628.17578125,232.1259765625
1866,87,673.1181640625,191.5361328125
1867,87,674.7236328125,194.6123046875
1868,88,659.365234375,186.1943359375
1869,93,467.541015625,136.14453125
1870,94,491.88671875,191.7421875
1871,89,664.8134765625,286.556640625
1872,85,747.6640625,223.7783203125
1873,90,460.705078125,126.3486328125
1874,87,626.458984375,217.23046875
1875,87,680.5390625,197.357421875
1876,87,680.80859375,193.97265625
1877,88,671.7890625,189.01953125
1878,91,547.736328125,172.62109375
1879,95,460.6845703125,166.787109375
1880,90,483.4755859375,252.564453125
1881,94,484.4462890625,166.3857421875
1882,89,636.9189453125,299.4599609375
1883,85,687.7294921875,225.5244140625
1884,86,705.208984375,191.5478515625
1885,85,713.0322265625,200.060546875
1886,88,627.0576171875,174.8115234375
1887,93,506.8828125,159.7177734375
1888,90,527.7060546875,219.84375
1889,92,522.419921875,179.0927734375
1890,87,631.6552734375,249.49609375
1891,85,698.0029296875,213.5947265625
1892,85,692.6689453125,193.8671875
1893,86,696.4521484375,192.11328125
1894,90,563.2333984375,167.64453125
1895,92,509.92578125,181.185546875
1896,91,534.466796875,204.146484375
1897,86,627.63671875,242.3642578125
1898,86,643.2890625,196.72265625
1899,85,686.203125,204.6630859375
1900,87,696.3955078125,182.9638671875
1901,86,738.1826171875,201.6669921875
1902,91,504.267578125,136.5009765625
1903,94,504.6181640625,172.3173828125
1904,89,568.455078125,245.5966796875
1905,88,660.07421875,202.638671875
1906,86,715.7275390625,210.36328125
1907,86,738.03515625,196.767578125
1908,86,728.404296875,193.623046875
1909,91,526.3828125,140.994140625
1910,95,499.236328125,168.529296875
1911,90,482.36328125,232.47265625
1912,91,592.0771484375,189.6337890625
1913,89,639.2939453125,210.4775390625
1914,89,671.912109375,193.646484375
1915,89,690.4443359375,196.8994140625
1916,92,577.7001953125,169.333984375
1917,96,470.134765625,163.3916015625
1918,91,474.578125,256.158203125
1919,91,603.599609375,199.7294921875
1920,89,659.185546875,215.4560546875
1921,86,840.65625,217.1572265625
1922,89,679.1494140625,169.78515625
1923,94,515.4296875,149.3720703125
1924,92,514.5283203125,214.845703125
1925,94,529.3134765625,181.150390625
1926,89,570.603515625,240.4111328125
1927,91,613.26171875,178.154296875
1928,90,633.6142578125,207.12890625
1929,88,675.95703125,211.9873046875
1930,91,576.583984375,169.1484375
1931,91,582.7197265625,198.8681640625
1932,90,598.8037109375,204.7109375
1933,93,539.7998046875,175.728515625
1934,88,619.9921875,243.875
1935,87,684.4140625,201.7412109375
1936,86,726.154296875,202.197265625
1937,85,751.95703125,202.3818359375
1938,86,649.4482421875,191.3486328125
1939,82,725.5126953125,225.3994140625
1940,87,447.0986328125,109.44140625
1941,92,411.26953125,120.201171875
1942,95,463.4560546875,175.0029296875
1943,90,668.072265625,350.671875
1944,85,727.513671875,256.482421875
1945,84,747.3203125,205.529296875
1946,83,752.90625,201.94921875
1947,88,495.287109375,130.2626953125
1948,85,730.7529296875,216.6435546875
1949,84,800.6591796875,203.6328125
1950,85,777.87109375,191.755859375
1951,90,556.453125,138.921875
1952,94,505.873046875,161.5703125
1953,89,549.6494140625,237.13671875
1954,88,666.5830078125,206.9697265625
1955,85,728.4140625,218.380859375
1956,85,760.5771484375,199.6572265625
1957,86,718.4052734375,189.525390625
1958,90,602.80078125,164.5712890625
1959,90,604.87890625,199.0244140625
1960,87,675.021484375,222.609375
1961,86,726.1845703125,202.4091796875
1962,86,737.189453125,197.279296875
1963,86,733.458984375,194.3037109375
1964,90,609.357421875,165.2001953125
1965,93,541.080078125,175.8017578125
1966,91,539.3603515625,210.69921875
1967,90,607.82421875,206.962890625
1968,88,650.1787109375,211.1591796875
1969,88,669.349609375,194.5361328125
1970,91,612.111328125,176.1533203125
1971,94,504.9931640625,171.17578125
1972,94,461.3056640625,198.4462890625
1973,94,456.9970703125,195.138671875
1974,89,566.3486328125,240.93359375
1975,91,602.720703125,178.1875
1976,91,604.171875,199.490234375
1977,91,603.4453125,197.1103515625
1978,96,465.28515625,157.55078125
1979,91,435.5966796875,238.3076171875
1980,96,443.720703125,147.9609375
1981,91,460.0673828125,250.6953125
1982,94,509.1630859375,170.0048828125
1983,91,531.5146484375,222.69921875
1984,94,530.1806640625,171.5380859375
1985,92,509.9423828125,210.8603515625
1986,97,340.1982421875,117.3720703125
1987,98,299.3447265625,188.3115234375
1988,93,334.5888671875,232.884765625
1989,98,351.7783203125,132.76953125
1990,93,395.9619140625,276.7490234375
1991,88,588.0283203125,249.2021484375
1992,87,632.75390625,200.775390625
1993,88,629.8095703125,187.0634765625
1994,90,547.6279296875,180.23828125
1995,95,379.232421875,129.703125
1996,94,386.0439453125,201.919921875
1997,89,527.4619140625,244.5966796875
1998,87,605.84765625,212.166015625
1999,85,671.509765625,214.1640625
