1659,34,1340.732421875,168.408203125
1660,36,1333.3505859375,181.7353515625
1661,36,1345.9365234375,192.5478515625
1662,37,1334.1591796875,190.1396484375
1663,37,1331.0478515625,192.8642578125
1664,37,1347.708984375,194.8125
1665,37,1337.189453125,192.626953125
1666,38,1329.3154296875,191.6728515625
1667,37,1349.7490234375,200.013671875
1668,37,1340.7373046875,193.6767578125
1669,37,1335.5751953125,192.763671875
1670,37,1344.8955078125,195.125
1671,37,1333.7109375,193.6259765625
1672,37,1329.1279296875,193.1630859375
1673,37,1334.0908203125,194.9677734375
1674,37,1325.1005859375,192.5166015625
1675,37,1325.38671875,192.763671875
1676,37,1334.5849609375,194.943359375
1677,38,1322.53515625,191.7763671875
1678,38,1330.169921875,198.2255859375
1679,38,1336.3447265625,199.9033203125
1680,38,1328.5771484375,197.6005859375
1681,38,1329.9345703125,197.9853515625
1682,38,1336.1240234375,199.6083984375
1683,38,1324.2724609375,197.517578125
1684,38,1325.6328125,196.8955078125
1685,38,1332.7724609375,198.7509765625
1686,38,1322.2939453125,195.939453125
1687,38,1328.4853515625,197.3720703125
1688,38,1336.9873046875,199.162109375
1689,38,1326.6025390625,196.19140625
1690,38,1324.595703125,195.7470703125
1691,38,1337.904296875,198.833984375
1692,38,1328.3994140625,196.4521484375
1693,38,1332.5419921875,196.74609375
1694,38,1340.06640625,198.4873046875
1695,38,1333.70703125,197.04296875
1696,38,1332.5556640625,196.3232421875
1697,38,1341.158203125,198.2041015625
1698,38,1333.3955078125,196.337890625
1699,38,1334.79296875,196.7041015625
1700,38,1347.53125,199.4658203125
1701,38,1340.841796875,197.6875
1702,38,1341.6279296875,197.6279296875
1703,38,1348.9150390625,199.5576171875
1704,38,1343.6669921875,197.8994140625
1705,38,1345.630859375,198.6201171875
1706,37,1351.4306640625,200.21484375
1707,37,1349.833984375,194.521484375
1708,37,1350.2099609375,194.3154296875
1709,37,1358.1591796875,196.537109375
1710,37,1354.4541015625,194.7509765625
1711,37,1349.931640625,194.2763671875
1712,37,1359.3486328125,196.5810546875
1713,37,1353.7080078125,195.005859375
1714,37,1355.4248046875,195.0888671875
1715,37,1367.4736328125,197.8515625
1716,37,1364.1220703125,197.302734375
1717,37,1364.4921875,197.15625
1718,37,1374.138671875,198.7822265625
1719,37,1366.5830078125,197.2451171875
1720,37,1366.375,197.046875
1721,37,1376.345703125,199.3046875
1722,37,1365.2744140625,197.486328125
1723,37,1365.671875,197.2626953125
1724,37,1375.3759765625,199.0234375
1725,37,1369.2822265625,197.5986328125
1726,37,1371.8310546875,197.943359375
1727,37,1378.2880859375,199.4599609375
1728,37,1371.767578125,197.79296875
1729,37,1370.8310546875,197.42578125
1730,37,1378.1015625,198.9873046875
1731,37,1366.4091796875,196.7763671875
1732,37,1368.3310546875,197.263671875
1733,37,1375.978515625,199.3046875
1734,37,1368.7587890625,197.16015625
1735,37,1370.765625,197.744140625
1736,37,1375.6630859375,199.2392578125
1737,37,1371.751953125,197.8037109375
1738,37,1370.4736328125,197.732421875
1739,37,1374.966796875,199.193359375
1740,37,1368.9716796875,197.2841796875
1741,37,1362.1953125,196.529296875
1742,37,1367.1083984375,198.318359375
1743,37,1361.533203125,196.6494140625
1744,37,1363.0654296875,196.7724609375
1745,37,1367.697265625,198.1962890625
1746,37,1357.8505859375,195.75390625
1747,37,1358.5546875,195.828125
1748,37,1361.0537109375,196.609375
1749,37,1351.8662109375,194.4765625
1750,37,1355.28125,194.8759765625
1751,37,1358.0517578125,195.9013671875
1752,37,1345.55859375,193.29296875
1753,37,1348.7119140625,193.5048828125
1754,37,1350.5498046875,194.44921875
1755,37,1342.6611328125,192.587890625
1756,37,1342.4609375,192.3564453125
1757,37,1344.6611328125,193.1259765625
1758,38,1335.9775390625,191.3720703125
1759,38,1337.6162109375,195.9755859375
1760,38,1339.6298828125,196.7470703125
1761,36,1360.80078125,208.5029296875
1762,36,1363.6748046875,199.2529296875
1763,36,1372.0166015625,198.58203125
1764,35,1381.341796875,200.71875
1765,35,1377.5302734375,195.44140625
1766,35,1377.43359375,195.1572265625
1767,35,1379.701171875,195.986328125
1768,35,1373.7509765625,194.455078125
1769,35,1372.2353515625,193.8271484375
1770,35,1375.095703125,195.041015625
1771,35,1369.7666015625,193.45703125
1772,35,1365.6005859375,193.0703125
1773,35,1369.2998046875,194.3603515625
1774,35,1367.2197265625,193.083984375
1775,35,1367.5810546875,193.0908203125
1776,35,1372.5703125,194.2939453125
1777,35,1365.78125,192.7265625
1778,36,1365.2060546875,191.9921875
1779,36,1369.8408203125,197.6904296875
1780,36,1365.2177734375,196.265625
1781,36,1365.9033203125,196.1337890625
1782,36,1370.6875,197.64453125
1783,36,1365.9228515625,196.0791015625
1784,36,1364.5263671875,195.751953125
1785,36,1372.1845703125,197.9638671875
1786,36,1363.55859375,195.46484375
1787,36,1365.0947265625,195.0634765625
1788,36,1369.5078125,196.431640625
1789,36,1365.8486328125,195.232421875
1790,36,1364.267578125,194.736328125
1791,36,1370.6298828125,196.3095703125
1792,36,1367.7265625,195.0927734375
1793,36,1371.5859375,195.451171875
1794,36,1377.7705078125,197.177734375
1795,36,1372.171875,195.3642578125
1796,36,1372.9970703125,195.41796875
1797,36,1377.37890625,196.732421875
1798,36,1372.6572265625,195.1259765625
1799,36,1373.0908203125,195.431640625
1800,36,1377.923828125,196.841796875
1801,36,1375.0908203125,195.5830078125
1802,36,1376.5263671875,195.7529296875
1803,36,1382.5068359375,197.6376953125
1804,36,1379.4423828125,196.25390625
1805,36,1379.9580078125,195.91796875
1806,36,1387.9658203125,197.9794921875
1807,36,1383.5458984375,196.701171875
1808,36,1380.94140625,196.203125
1809,36,1388.53125,197.8369140625
1810,36,1378.501953125,195.9365234375
1811,36,1374.111328125,194.927734375
1812,36,1383.31640625,196.6357421875
1813,36,1375.884765625,195.181640625
1814,36,1375.0263671875,195.15234375
1815,36,1379.3232421875,196.228515625
1816,36,1372.369140625,194.66796875
1817,36,1370.30078125,194.2373046875
1818,36,1374.3935546875,195.4345703125
1819,36,1362.9775390625,192.865234375
1820,37,1360.33203125,192.126953125
1821,37,1363.3671875,195.34765625
1822,37,1358.365234375,194.4033203125
1823,37,1357.921875,194.1806640625
1824,37,1361.8544921875,195.390625
1825,37,1352.23046875,193.2666015625
1826,37,1353.244140625,193.55859375
1827,37,1358.1142578125,194.875
1828,37,1353.515625,193.87890625
1829,37,1355.244140625,194.494140625
1830,37,1359.0625,195.5
1831,37,1353.8642578125,194.0048828125
1832,37,1351.712890625,193.81640625
1833,37,1358.1025390625,195.5048828125
1834,37,1349.3408203125,193.1748046875
1835,37,1352.767578125,193.97265625
1836,37,1358.3798828125,195.3388671875
1837,37,1352.849609375,193.943359375
1838,37,1354.0322265625,194.224609375
1839,37,1359.4384765625,195.662109375
1840,37,1345.046875,192.689453125
1841,37,1350.591796875,193.1767578125
1842,37,1356.87109375,195.1318359375
1843,37,1349.93359375,193.5576171875
1844,37,1352.0771484375,193.9501953125
1845,37,1356.6240234375,195.3017578125
1846,37,1349.873046875,194.1806640625
1847,37,1354.1533203125,194.2763671875
1848,37,1358.9150390625,195.5390625
1849,37,1350.2265625,193.7861328125
1850,37,1353.544921875,194.0791015625
1851,37,1361.8330078125,195.8447265625
1852,37,1351.2158203125,193.314453125
1853,37,1350.45703125,193.2451171875
1854,37,1357.3759765625,195.041015625
1855,37,1353.9833984375,193.98828125
1856,37,1355.857421875,194.4609375
1857,37,1362.1103515625,196.1943359375
1858,37,1358.8759765625,195.4306640625
1859,37,1362.04296875,195.9775390625
1860,37,1367.583984375,197.5302734375
1861,37,1364.212890625,196.2490234375
1862,37,1362.453125,196.109375
1863,37,1369.4248046875,198.1982421875
1864,37,1367.44921875,197.3935546875
1865,37,1368.4228515625,197.4833984375
1866,37,1372.2919921875,198.505859375
1867,37,1367.93359375,197.2314453125
1868,37,1367.9833984375,196.984375
1869,37,1370.6025390625,197.6953125
1870,37,1363.37890625,196.03125
1871,37,1363.037109375,195.857421875
1872,37,1368.4892578125,197.333984375
1873,37,1364.861328125,196.349609375
1874,37,1362.4736328125,195.9169921875
1875,37,1367.1796875,197.0830078125
1876,37,1362.2880859375,196.1240234375
1877,37,1361.845703125,195.8310546875
1878,37,1364.970703125,196.7998046875
1879,37,1359.462890625,195.552734375
1880,37,1358.8544921875,195.390625
1881,37,1361.962890625,196.1689453125
1882,37,1357.771484375,194.8076171875
1883,37,1356.5517578125,194.701171875
1884,37,1359.6015625,195.6171875
1885,37,1356.3515625,194.734375
1886,37,1356.578125,194.78515625
1887,37,1361.3671875,195.9716796875
1888,37,1357.7490234375,195.2529296875
1889,37,1358.833984375,195.4423828125
1890,37,1362.66796875,196.3994140625
1891,37,1358.4931640625,195.2353515625
1892,37,1357.392578125,195.1728515625
1893,37,1361.7958984375,196.455078125
1894,37,1356.443359375,195.216796875
1895,37,1355.8623046875,195.169921875
1896,37,1359.716796875,196.2939453125
1897,37,1355.677734375,195.48046875
1898,37,1355.4931640625,195.50390625
1899,37,1358.8671875,196.529296875
1900,37,1354.048828125,195.169921875
1901,37,1353.0517578125,195.2158203125
1902,37,1355.884765625,196.01171875
1903,37,1350.1123046875,194.8134765625
1904,37,1348.041015625,194.58984375
1905,37,1350.4736328125,195.6630859375
1906,37,1342.8115234375,193.650390625
1907,37,1339.82421875,193.1708984375
1908,37,1342.3291015625,194.3984375
1909,37,1335.244140625,192.7060546875
1910,38,1331.166015625,192.0625
1911,38,1332.18359375,197.734375
1912,38,1323.5517578125,195.611328125
1913,38,1320.8076171875,195.1923828125
1914,38,1323.830078125,196.7138671875
1915,38,1312.6904296875,193.9697265625
1916,38,1309.802734375,193.818359375
1917,38,1309.6611328125,194.390625
1918,38,1299.306640625,192.39453125
1919,38,1299.392578125,192.3330078125
1920,38,1300.208984375,193.048828125
1921,38,1239.998046875,194.1923828125
1922,38,1246.26953125,192.349609375
1923,39,1253.796875,191.62890625
1924,39,1251.0908203125,195.158203125
1925,39,1246.2421875,192.642578125
1926,40,1243.3671875,191.8837890625
1927,40,1234.5048828125,193.5224609375
1928,41,1229.1552734375,191.484375
1929,41,1225.16015625,194.54296875
1930,41,1220.2919921875,193.7900390625
1931,41,1216.0908203125,192.291015625
1932,41,1215.0869140625,192.5
1933,41,1209.802734375,193.1787109375
1934,42,1211.9228515625,191.4677734375
1935,42,1214.4013671875,194.0712890625
1936,42,1214.88671875,195.1669921875
1937,42,1218.91796875,194.0966796875
1938,42,1224.361328125,194.3115234375
1939,42,1224.5302734375,195.525390625
1940,42,1231.064453125,194.3994140625
1941,42,1228.6220703125,193.564453125
1942,42,1231.306640625,195.0380859375
1943,42,1234.474609375,193.8369140625
1944,42,1233.9072265625,193.3720703125
1945,42,1234.9921875,194.3525390625
1946,42,1235.99609375,193.166015625
1947,42,1237.880859375,192.763671875
1948,42,1238.4345703125,193.4912109375
1949,43,1234.353515625,191.3779296875
1950,43,1230.4306640625,193.6015625
1951,43,1229.5771484375,194.4287109375
1952,44,1226.2646484375,191.79296875
1953,44,1228.4990234375,195.8388671875
1954,44,1241.2236328125,199.029296875
1955,44,1231.9814453125,196.2421875
1956,44,1237.138671875,197.271484375
1957,44,1244.2880859375,199.1953125
1958,44,1233.314453125,196.412109375
1959,44,1234.8662109375,195.5751953125
1960,44,1242.5498046875,197.6103515625
1961,44,1230.185546875,194.4609375
1962,44,1224.5205078125,193.892578125
1963,44,1229.7158203125,196.1748046875
1964,44,1219.7724609375,194.1474609375
1965,44,1213.513671875,193.51171875
1966,44,1218.0400390625,195.6015625
1967,44,1210.1396484375,193.2255859375
1968,44,1215.9599609375,193.6279296875
1969,44,1216.19140625,194.701171875
1970,44,1213.2373046875,192.95703125
1971,44,1211.712890625,193.423828125
1972,44,1222.46875,196.009765625
1973,44,1218.2998046875,194.259765625
1974,44,1223.2802734375,195.583984375
1975,44,1229.4140625,197.896484375
1976,44,1223.9619140625,196.12109375
1977,44,1227.4951171875,196.35546875
1978,44,1236.75,199.5947265625
1979,44,1236.8056640625,198.236328125
1980,43,1243.314453125,200.52734375
1981,43,1250.4169921875,199.9326171875
1982,43,1250.658203125,198.5908203125
1983,43,1261.5322265625,199.4892578125
1984,42,1271.1064453125,202.517578125
1985,42,1274.4443359375,199.20703125
1986,41,1282.5556640625,201.166015625
1987,40,1288.6728515625,201.9033203125
1988,40,1289.783203125,195.9609375
1989,40,1295.8994140625,197.11328125
1990,40,1300.4013671875,199.564453125
1991,40,1300.2431640625,198.2470703125
1992,40,1305.6494140625,199.2265625
1993,39,1313.0107421875,201.6474609375
1994,39,1312.66015625,199.072265625
1995,39,1314.9501953125,198.8232421875
1996,38,1322.5654296875,201.439453125
1997,38,1318.234375,196.7158203125
1998,38,1320.85546875,197.3310546875
1999,38,1327.6064453125,199.046875
2000,38,1325.9228515625,197.6806640625
2001,38,1326.4794921875,197.8076171875
2002,37,1334.912109375,200.025390625
2003,37,1331.9052734375,194.2734375
2004,37,1331.984375,193.7216796875
2005,37,1342.5869140625,196.1416015625
2006,37,1336.158203125,194.544921875
2007,37,1336.11328125,194.380859375
2008,37,1343.6962890625,196.2216796875
2009,37,1341.3017578125,194.603515625
2010,37,1344.3759765625,195.16796875
2011,37,1351.1884765625,197.1826171875
2012,37,1348.7265625,195.775390625
2013,37,1350.298828125,195.78515625
2014,37,1358.3681640625,198.091796875
2015,37,1356.3291015625,197.064453125
2016,37,1359.203125,197.37890625
2017,37,1365.03125,199.0927734375
2018,37,1360.669921875,197.798828125
2019,37,1359.0341796875,196.71484375
2020,37,1365.7509765625,198.802734375
2021,37,1361.984375,197.607421875
2022,37,1361.076171875,197.1240234375
2023,37,1365.8857421875,198.556640625
2024,37,1360.17578125,196.50390625
2025,37,1356.654296875,195.5078125
2026,37,1365.37109375,197.8935546875
2027,37,1361.03125,196.21875
2028,37,1359.19921875,195.333984375
2029,37,1363.9580078125,197.2646484375
2030,37,1355.4033203125,194.9443359375
2031,37,1354.384765625,194.8076171875
2032,37,1357.349609375,196.0908203125
2033,37,1351.1298828125,194.5185546875
2034,37,1349.6435546875,194.224609375
2035,37,1354.8310546875,195.5791015625
2036,37,1344.67578125,192.9833984375
2037,37,1346.4716796875,193.6220703125
2038,37,1353.6796875,195.3984375
2039,37,1347.95703125,193.51171875
2040,37,1348.466796875,194.1298828125
2041,37,1354.876953125,196.0595703125
2042,37,1341.357421875,193.4462890625
2043,37,1351.9345703125,194.81640625
2044,37,1357.6875,196.259765625
2045,37,1347.0458984375,193.9677734375
2046,37,1352.8154296875,194.205078125
2047,37,1360.9951171875,196.4443359375
2048,37,1354.87890625,194.8212890625
2049,37,1356.8837890625,195.0478515625
2050,37,1363.046875,196.63671875
2051,37,1358.943359375,195.677734375
2052,37,1360.0849609375,195.490234375
2053,37,1365.521484375,196.861328125
2054,37,1357.2666015625,194.8740234375
2055,37,1355.6875,193.982421875
2056,37,1358.01953125,195.376953125
2057,37,1355.154296875,194.3857421875
3816,42,810.5703125,64.38671875
3817,47,811.615234375,71.0546875
3818,52,810.5537109375,76.490234375
3819,57,810.2724609375,82.9697265625
3820,62,810.55859375,90.5361328125
3821,67,811.076171875,98.474609375
3822,72,809.8798828125,108.5888671875
3823,77,809.1015625,121.9716796875
3824,82,809.0986328125,141.0
3825,86,810.5185546875,165.6298828125
3826,86,808.8037109375,195.2880859375
3827,86,808.587890625,195.1904296875
3828,86,808.9404296875,195.3076171875
3829,86,810.009765625,195.4384765625
3830,86,808.599609375,195.1142578125
3831,86,808.5244140625,195.14453125
3832,86,809.09375,195.30078125
3833,86,809.439453125,195.4052734375
3834,86,808.5078125,195.0908203125
3835,86,808.35546875,195.0703125
3836,86,808.86328125,195.0625
3837,86,809.494140625,195.2412109375
3838,86,808.4599609375,195.1337890625
3839,86,808.70703125,195.068359375
3840,86,809.2216796875,195.2509765625
3841,86,751.6337890625,194.0888671875
3842,86,751.6328125,193.900390625
3843,86,751.7197265625,193.7607421875
3844,86,752.77734375,193.9755859375
3845,86,754.5361328125,194.2451171875
3846,86,753.615234375,194.2392578125
3847,86,753.2236328125,194.12890625
3848,86,752.7568359375,194.1005859375
3849,86,752.5048828125,193.9453125
3850,91,519.2998046875,143.7412109375
3851,93,519.9443359375,181.8154296875
3852,91,525.1083984375,210.578125
3853,93,525.626953125,181.240234375
3854,91,535.5380859375,213.447265625
3855,93,531.7451171875,183.25
3856,91,527.599609375,209.2431640625
3857,93,529.2607421875,180.712890625
3858,91,537.1220703125,212.8408203125
3859,93,532.5888671875,180.9365234375
3860,91,534.9501953125,211.1201171875
3861,93,536.8291015625,182.9423828125
3862,91,537.4775390625,212.890625
3863,93,525.83203125,178.5859375
3864,92,524.3466796875,206.6669921875
3865,94,517.8388671875,183.755859375
3866,91,513.0751953125,221.12109375
3867,94,515.9462890625,173.9140625
3868,91,508.6103515625,221.484375
3869,94,517.5888671875,174.5361328125
3870,90,518.9921875,224.662109375
3871,94,520.3017578125,167.099609375
3872,90,517.150390625,224.380859375
3873,94,518.4697265625,166.90234375
3874,90,521.2294921875,225.181640625
3875,94,520.451171875,167.0478515625
3876,90,522.357421875,225.69921875
3877,94,521.05859375,167.310546875
3878,90,521.6904296875,224.787109375
3879,94,521.9326171875,166.6650390625
3880,90,519.8603515625,224.263671875
3881,94,519.421875,166.3701171875
3882,90,522.6708984375,225.2998046875
3883,94,523.6435546875,168.1572265625
3884,90,523.3271484375,226.0341796875
3885,94,524.8037109375,168.4375
3886,90,525.8232421875,226.9130859375
3887,94,525.10546875,168.2333984375
3888,90,522.6318359375,225.1884765625
3889,94,517.314453125,165.138671875
3890,91,518.6044921875,223.103515625
3891,94,520.66796875,175.0556640625
3892,90,519.001953125,224.13671875
3893,94,521.0830078125,166.9892578125
3894,90,520.4853515625,224.51171875
3895,94,521.693359375,166.8876953125
3896,90,523.4423828125,225.3798828125
3897,94,522.6142578125,167.123046875
3898,90,524.130859375,225.322265625
3899,94,525.3076171875,167.9443359375
3900,90,525.2392578125,225.7412109375
3901,94,521.5302734375,166.8115234375
3902,90,522.76953125,224.8583984375
3903,94,524.720703125,167.421875
3904,90,526.23046875,225.939453125
3905,94,526.3525390625,167.9697265625
3906,90,526.306640625,225.982421875
3907,94,526.2822265625,167.9130859375
3908,93,480.15234375,201.0517578125
3909,95,480.72265625,180.30859375
3910,90,485.2158203125,231.3935546875
3911,95,489.25,146.03125
3912,90,498.0634765625,235.7177734375
3913,95,497.6279296875,147.376953125
3914,90,498.986328125,235.3955078125
3915,95,500.3828125,148.28125
3916,90,502.591796875,237.162109375
3917,95,502.10546875,148.3837890625
3918,90,500.552734375,235.849609375
3919,95,501.7646484375,148.2255859375
3920,90,502.3388671875,237.0693359375
3921,95,500.830078125,147.861328125
3922,90,500.03515625,235.6298828125
3923,95,499.5087890625,147.462890625
3924,90,498.541015625,235.296875
3925,95,497.8193359375,146.6455078125
3926,90,495.1474609375,232.416015625
3927,95,494.466796875,145.3740234375
3928,90,490.9296875,232.046875
3929,95,490.3818359375,144.087890625
3930,91,487.84375,229.791015625
3931,96,486.3291015625,150.2099609375
3932,91,480.2822265625,255.529296875
3933,96,488.9189453125,150.181640625
3934,91,488.3310546875,257.755859375
3935,96,486.953125,149.8408203125
3936,91,480.857421875,255.2421875
3937,96,483.9677734375,149.0458984375
3938,91,482.0576171875,254.9033203125
3939,96,482.2568359375,148.80859375
3940,91,479.4189453125,254.5927734375
3941,96,481.7080078125,148.6845703125
3942,91,479.1904296875,253.9111328125
3943,96,481.7216796875,148.537109375
3944,91,478.54296875,254.2431640625
3945,96,480.546875,148.375
3946,91,479.720703125,253.9755859375
3947,96,482.439453125,148.8310546875
3948,91,479.8564453125,254.4970703125
3949,96,488.29296875,150.3505859375
3950,91,486.3984375,257.4638671875
3951,96,489.8740234375,150.2060546875
3952,91,487.9326171875,258.5693359375
3953,96,490.8203125,150.314453125
3954,91,487.48046875,257.2685546875
3955,96,492.4580078125,150.4619140625
3956,91,485.73046875,256.978515625
3957,96,489.9013671875,149.509765625
3958,91,488.501953125,256.857421875
3959,96,494.0126953125,150.0478515625
3960,91,485.8759765625,256.392578125
3961,96,513.6455078125,154.0693359375
3962,91,513.1708984375,267.6416015625
3963,96,514.6904296875,153.75390625
3964,91,513.701171875,267.3310546875
3965,96,513.021484375,152.3359375
3966,91,494.06640625,273.26953125
3967,94,495.9140625,170.732421875
3968,90,526.8212890625,226.42578125
3969,94,527.2392578125,164.185546875
3970,91,525.4072265625,219.7060546875
3971,95,513.6494140625,164.0634765625
3972,90,501.978515625,235.4248046875
3973,95,487.0517578125,144.85546875
3974,92,465.5986328125,219.79296875
3975,97,450.384765625,150.3798828125
3976,92,453.8017578125,271.9248046875
3977,97,453.380859375,149.2001953125
3978,92,438.56640625,262.25390625
3979,97,423.1416015625,140.078125
3980,92,427.0,254.81640625
3981,97,416.9892578125,136.78515625
3982,92,408.578125,242.9853515625
3983,97,395.212890625,129.67578125
3984,92,396.4716796875,234.935546875
3985,97,396.6474609375,127.7998046875
3986,93,387.7099609375,228.8828125
3987,98,377.9501953125,136.3662109375
3988,93,379.505859375,253.5244140625
3989,98,373.3232421875,133.2861328125
3990,93,370.47265625,245.9560546875
3991,98,369.9443359375,131.2255859375
3992,93,357.97265625,237.9462890625
3993,98,351.2802734375,125.0341796875
3994,93,359.7158203125,237.796875
3995,98,336.0390625,121.0576171875
3996,95,335.1533203125,222.6103515625
3997,100,333.873046875,153.3583984375
3998,95,331.7998046875,339.83984375
3999,100,334.84765625,152.9765625
4000,95,331.7314453125,339.12890625
4001,100,327.861328125,150.4267578125
4002,95,318.95703125,325.7216796875
4003,100,316.7216796875,146.54296875
4004,95,314.236328125,321.4765625
4005,100,320.44140625,148.720703125
4006,95,322.2724609375,329.9306640625
4007,100,310.888671875,145.30078125
4008,95,309.3955078125,316.5048828125
4009,100,302.3759765625,142.359375
4010,95,299.1533203125,305.8681640625
4011,100,301.6044921875,142.0234375
4012,95,291.8076171875,298.4814453125
4013,100,308.5078125,147.287109375
4014,95,312.0361328125,317.82421875
4015,100,302.6591796875,144.3115234375
4016,95,255.041015625,260.451171875
4017,100,256.9814453125,123.1728515625
4018,95,250.666015625,255.9619140625
4019,100,248.8759765625,118.4697265625
4020,95,246.32421875,252.1396484375
4021,100,240.689453125,113.689453125
4022,95,233.87109375,239.1123046875
4023,100,229.1298828125,108.541015625
4024,95,228.6640625,233.822265625
4025,100,220.7392578125,104.1943359375
4026,97,216.8623046875,221.8720703125
4027,100,215.1943359375,130.724609375
4028,99,202.8134765625,207.3994140625
4029,100,196.189453125,174.205078125
4030,100,183.54296875,188.37109375
4031,100,190.2958984375,195.8154296875
4032,99,196.0439453125,201.2578125
4033,100,172.7529296875,155.7392578125
4034,100,156.4580078125,160.7568359375
4035,100,149.4482421875,153.3994140625
4036,100,155.447265625,159.7109375
4037,100,172.7578125,177.4912109375
4038,100,178.9658203125,183.5224609375
4039,100,187.7099609375,192.998046875
4040,99,196.1982421875,201.462890625
4041,100,171.431640625,152.51953125
4042,100,169.3291015625,174.060546875
4043,100,178.443359375,183.349609375
4044,100,186.37890625,191.1328125
4045,100,194.01171875,198.666015625
4046,99,201.830078125,206.60546875
4047,100,202.57421875,180.2333984375
4048,99,202.6201171875,207.3583984375
4049,100,208.927734375,184.46484375
4050,97,212.6767578125,217.9921875
4051,100,219.3681640625,134.1025390625
4052,96,219.6474609375,225.3115234375
4053,100,233.6845703125,125.2705078125
4054,95,237.9443359375,243.904296875
4055,100,248.123046875,118.353515625
4056,95,260.8798828125,266.8984375
4057,100,262.931640625,124.76953125
4058,95,274.0625,280.521484375
4059,100,284.1376953125,133.138671875
4060,95,285.3505859375,291.7333984375
4061,100,288.7548828125,135.6279296875
4062,95,293.4765625,299.8369140625
4063,100,294.6171875,138.720703125
4064,95,301.970703125,307.99609375
4065,100,311.279296875,145.9736328125
4066,95,313.5947265625,320.03125
4067,100,330.8447265625,154.9912109375
4068,95,342.9345703125,349.755859375
4069,99,352.2294921875,164.5478515625
4070,94,364.896484375,315.24609375
4071,99,371.0751953125,151.7822265625
4072,94,380.1630859375,329.0478515625
4073,99,387.1435546875,157.478515625
4074,94,392.73828125,339.2529296875
4075,98,399.46484375,161.9267578125
4076,93,400.94921875,267.482421875
4077,98,408.3134765625,149.6611328125
4078,93,417.1318359375,278.7177734375
4079,98,420.5126953125,154.4541015625
4080,93,423.5234375,283.666015625
4081,97,445.6796875,167.9140625
4082,92,440.318359375,261.5234375
4083,97,447.0458984375,150.576171875
4084,92,442.9814453125,264.0771484375
4085,97,444.8876953125,150.751953125
4086,92,450.9931640625,270.53125
4087,97,444.19140625,150.3212890625
4088,92,435.998046875,261.9501953125
4089,97,448.20703125,150.638671875
4090,92,448.1123046875,269.046875
4091,97,446.2294921875,150.666015625
4092,92,448.0859375,269.3369140625
4093,97,461.1591796875,154.421875
4094,92,456.673828125,273.802734375
4095,97,466.2958984375,154.748046875
4096,92,469.0703125,280.294921875
4097,97,463.51171875,155.1923828125
4098,92,466.1728515625,279.90234375
4099,97,471.5478515625,157.71484375
4100,92,470.7060546875,281.8603515625
4101,97,473.8857421875,157.7724609375
4102,92,472.5078125,282.4140625
4103,97,471.51953125,156.34765625
4104,92,472.59375,282.11328125
4105,97,477.5146484375,157.720703125
4106,92,479.869140625,285.57421875
4107,97,478.9541015625,157.5859375
4108,92,482.9833984375,288.00390625
4109,97,487.419921875,158.9052734375
4110,92,510.4033203125,299.93359375
4111,96,501.7802734375,161.5673828125
4112,91,500.73046875,262.4677734375
4113,96,441.3388671875,142.52734375
4114,91,489.1494140625,256.591796875
4115,96,497.208984375,151.328125
4116,91,446.0673828125,239.1982421875
4117,96,485.2294921875,148.4228515625
4118,91,481.08203125,253.2578125
4119,96,486.4267578125,149.861328125
4120,91,436.0703125,234.9775390625
4121,96,478.94921875,147.6630859375
4122,91,486.9423828125,255.4541015625
4123,96,479.5361328125,148.2548828125
4124,91,437.2890625,234.46484375
4125,96,479.05859375,146.865234375
4126,91,482.94140625,253.916015625
4127,96,482.845703125,148.2841796875
4128,91,439.73046875,236.3330078125
4129,96,475.626953125,145.7197265625
4130,91,483.4853515625,251.982421875
4131,96,486.3330078125,147.4052734375
4132,91,443.0703125,237.61328125
4133,96,477.4013671875,144.4794921875
4134,91,476.79296875,249.947265625
4135,96,484.1162109375,147.46875
4136,91,452.8037109375,240.6123046875
4137,96,484.1591796875,146.158203125
4138,91,483.6748046875,250.986328125
4139,96,484.8251953125,146.271484375
4140,91,447.548828125,237.6005859375
4141,96,479.60546875,144.7431640625
4142,91,480.123046875,249.98828125
4143,96,489.146484375,147.083984375
4144,91,464.8681640625,245.224609375
4145,96,484.7001953125,145.2939453125
4146,91,490.068359375,252.818359375
4147,96,487.9716796875,146.4384765625
4148,91,466.1318359375,244.91015625
4149,96,481.0244140625,143.8935546875
4150,91,484.5595703125,250.0703125
4151,96,480.77734375,144.8271484375
4152,91,466.162109375,243.8603515625
4153,96,484.1201171875,143.966796875
4154,91,484.814453125,249.908203125
4155,96,482.6728515625,144.9013671875
4156,91,474.8857421875,247.8037109375
4157,96,490.3291015625,145.1435546875
4158,91,488.4072265625,251.103515625
4159,96,488.3642578125,146.083984375
4160,91,476.8623046875,248.421875
4161,96,486.251953125,144.71875
4162,91,490.978515625,251.9150390625
4163,96,490.0712890625,146.673828125
4164,93,390.9619140625,220.025390625
4165,98,391.1279296875,160.708984375
4166,93,392.1064453125,277.083984375
4167,97,396.478515625,163.369140625
4168,92,405.7939453125,256.1103515625
4169,97,422.626953125,156.7177734375
4170,92,436.75390625,272.78515625
4171,97,436.7890625,160.3564453125
4172,92,429.9443359375,268.8525390625
4173,97,427.3564453125,156.8984375
4174,92,431.541015625,269.7392578125
4175,97,432.5771484375,158.2431640625
4176,92,435.8759765625,271.6494140625
4177,97,439.5908203125,160.8818359375
4178,92,441.2421875,274.65234375
4179,97,439.767578125,160.69140625
4180,92,436.2861328125,272.357421875
4181,97,431.013671875,156.8642578125
4182,92,429.111328125,268.060546875
4183,97,430.814453125,157.1787109375
4184,92,433.349609375,270.3203125
4185,97,435.9140625,158.947265625
4186,92,438.849609375,273.587890625
4187,96,445.751953125,162.26953125
4188,91,446.5517578125,246.4873046875
4189,96,444.078125,152.505859375
4190,91,443.060546875,244.5
4191,96,443.5986328125,151.76171875
4192,91,442.22265625,242.603515625
4193,96,447.1240234375,152.48828125
4194,91,449.666015625,246.9091796875
4195,96,451.98046875,154.2880859375
4196,91,449.650390625,246.970703125
4197,96,448.591796875,153.048828125
4198,91,452.7470703125,248.7568359375
4199,96,455.1025390625,155.61328125
4200,91,453.0654296875,248.734375
4201,95,483.8447265625,162.130859375
4202,90,494.30859375,236.3427734375
4203,95,495.416015625,157.1142578125
4204,90,497.453125,238.0927734375
4205,95,490.181640625,156.6611328125
4206,90,492.6904296875,236.123046875
4207,95,485.2431640625,154.5380859375
4208,91,480.283203125,230.8359375
4209,96,471.7958984375,157.177734375
4210,91,465.2880859375,252.345703125
4211,96,460.9384765625,153.7158203125
4212,91,457.783203125,248.615234375
4213,96,457.8359375,152.78125
4214,91,458.4951171875,249.1064453125
4215,96,455.7265625,151.7236328125
4216,91,461.294921875,250.14453125
4217,96,463.150390625,153.99609375
4218,91,464.9375,252.1845703125
4219,96,471.0791015625,156.921875
4220,91,476.4287109375,257.8046875
4221,96,480.1513671875,159.6650390625
4222,91,483.4169921875,261.154296875
4223,95,486.11328125,161.5791015625
4224,90,488.08203125,234.412109375
4225,95,487.8974609375,155.251953125
4226,90,488.068359375,234.67578125
4227,89,607.3779296875,201.78515625
4228,90,609.9921875,188.28125
4229,89,611.0849609375,201.7802734375
4230,90,613.123046875,188.4345703125
4231,89,615.9462890625,202.8115234375
4232,90,622.267578125,189.076171875
4233,89,621.3583984375,202.951171875
4234,90,625.2314453125,189.6640625
4235,89,634.74609375,205.490234375
4236,90,633.75390625,190.1533203125
4237,89,631.13671875,203.77734375
4238,90,635.0771484375,190.474609375
4239,89,640.736328125,205.5166015625
4240,90,636.404296875,190.1962890625
4241,89,632.94921875,203.8203125
4242,90,637.2939453125,190.21484375
4243,89,643.7734375,205.62890625
4244,90,645.7890625,190.685546875
4245,89,645.7890625,204.81640625
4246,90,645.4609375,189.7734375
4247,89,651.736328125,205.3203125
4248,90,649.115234375,188.537109375
4249,89,643.638671875,200.162109375
4250,90,653.208984375,185.021484375
4251,90,668.4248046875,198.2333984375
4252,91,649.5908203125,190.9052734375
4253,91,637.8046875,194.681640625
4254,92,614.0185546875,185.85546875
4255,92,618.3330078125,193.8955078125
4256,93,615.439453125,191.56640625
4257,91,603.1865234375,209.9013671875
4258,93,606.4609375,178.4970703125
4259,91,603.349609375,208.078125
4260,94,584.3330078125,174.1533203125
4261,90,593.681640625,229.013671875
4262,94,586.8330078125,163.7333984375
4263,90,581.8642578125,225.3251953125
4264,95,574.2578125,159.8427734375
4265,90,560.7216796875,250.685546875
4266,95,567.892578125,156.8232421875
4267,90,555.888671875,248.765625
4268,95,554.3935546875,153.240234375
4269,90,552.2109375,245.8134765625
4270,95,539.5654296875,147.2109375
4271,90,529.591796875,236.3896484375
4272,95,528.953125,142.9580078125
4273,91,503.083984375,225.9921875
4274,96,507.5693359375,144.875
4275,91,503.94921875,255.2802734375
4276,96,501.63671875,142.5087890625
4277,91,514.1357421875,257.88671875
4278,96,508.494140625,142.77734375
4279,91,499.470703125,252.572265625
4280,96,519.5908203125,144.4970703125
4281,91,516.8876953125,258.3232421875
4282,96,519.958984375,144.5703125
4283,91,526.89453125,262.86328125
4284,96,489.748046875,140.8232421875
4285,91,511.244140625,256.84375
4286,96,500.896484375,143.1748046875
4287,91,515.0791015625,259.6708984375
4288,96,515.5517578125,145.787109375
4289,91,506.8271484375,258.7861328125
4290,96,481.876953125,141.7001953125
4291,91,500.6826171875,256.546875
4292,96,505.1025390625,146.58203125
4293,91,511.583984375,263.2958984375
4294,96,498.89453125,148.310546875
4295,91,508.005859375,261.982421875
4296,96,508.314453125,149.646484375
4297,91,511.2744140625,264.076171875
4298,96,508.6630859375,150.9013671875
4299,91,509.5830078125,263.0810546875
4300,96,510.10546875,150.7119140625
4301,91,509.40625,263.58203125
4302,96,506.7421875,150.734375
4303,91,510.2841796875,263.8544921875
4304,96,510.552734375,150.85546875
4305,91,510.396484375,264.14453125
4306,96,507.8203125,151.0341796875
4307,91,510.685546875,264.4365234375
4308,96,510.6962890625,151.3779296875
4309,91,510.86328125,264.755859375
4310,96,506.9921875,151.4541015625
4311,91,510.681640625,265.3671875
4312,96,513.67578125,153.1640625
4313,91,514.07421875,266.658203125
4314,96,516.4970703125,153.640625
4315,91,458.15625,246.90234375
4316,96,458.12109375,160.955078125
