2621,35,1352.9130859375,159.3046875
2622,37,1352.8203125,177.3154296875
2623,39,1353.009765625,183.2724609375
2624,40,1352.8984375,190.8740234375
2625,41,1352.5859375,192.2578125
2626,41,1353.5986328125,197.099609375
2627,41,1354.6865234375,197.154296875
2628,41,1355.671875,197.259765625
2629,41,1355.6025390625,197.236328125
2630,41,1356.10546875,197.283203125
2631,41,1355.994140625,197.205078125
2632,41,1356.2119140625,197.24609375
2633,41,1356.46484375,197.30078125
2634,41,1356.8642578125,197.44140625
2635,41,1357.1220703125,197.5224609375
2636,41,1357.36328125,197.6015625
2637,41,1357.6298828125,197.7607421875
2638,41,1357.7353515625,197.78125
2639,41,1358.3359375,197.876953125
2640,41,1358.765625,197.916015625
2641,41,1358.423828125,197.71875
2642,41,1359.0546875,197.6865234375
2643,41,1360.4296875,197.78515625
2644,41,1360.8203125,197.71875
2645,41,1361.45703125,197.7421875
2646,41,1361.166015625,197.681640625
2647,41,1361.484375,197.6162109375
2648,41,1361.283203125,197.6650390625
2649,41,1361.1875,197.669921875
2650,41,1361.345703125,197.654296875
2651,41,1361.19921875,197.625
2652,41,1361.0615234375,197.7060546875
2653,41,1361.5712890625,197.673828125
2654,41,1361.9921875,197.791015625
2655,41,1361.890625,197.849609375
2656,41,1362.453125,197.8837890625
2657,41,1359.927734375,197.24609375
2658,41,1359.765625,197.173828125
2659,41,1360.8193359375,197.310546875
2660,41,1361.541015625,197.0869140625
2661,41,1361.8017578125,197.103515625
2662,41,1362.02734375,197.1650390625
2663,41,1361.7626953125,197.1376953125
2664,41,1362.009765625,197.1103515625
2665,41,1362.306640625,197.1455078125
2666,41,1362.400390625,197.1611328125
2667,41,1362.404296875,197.1171875
2668,41,1362.712890625,197.1181640625
2669,41,1362.859375,197.2041015625
2670,41,1363.1201171875,197.314453125
2671,41,1363.380859375,197.341796875
2672,41,1363.8193359375,197.4033203125
2673,41,1364.7626953125,197.2109375
2674,41,1364.5849609375,197.2333984375
2675,41,1365.3291015625,197.23828125
2676,41,1365.2255859375,197.220703125
2677,41,1365.42578125,197.3583984375
2678,41,1364.9912109375,197.240234375
2679,41,1365.0390625,197.2626953125
2680,41,1364.98046875,197.27734375
2681,41,1365.3466796875,197.4130859375
2682,41,1364.875,197.3603515625
2683,41,1364.9072265625,197.4365234375
2684,41,1364.9443359375,197.3154296875
2685,41,1364.7314453125,197.3115234375
2686,41,1363.9375,197.2880859375
2687,41,1364.080078125,197.384765625
2688,41,1364.5859375,197.4453125
2689,41,1361.8046875,196.9833984375
2690,41,1360.3037109375,196.734375
2691,41,1360.79296875,196.986328125
2692,41,1361.4013671875,196.896484375
2693,41,1361.2998046875,196.87109375
2694,41,1361.4208984375,196.90625
2695,41,1361.0283203125,196.880859375
2696,41,1361.4794921875,196.865234375
2697,41,1361.7978515625,196.892578125
2698,41,1361.8466796875,196.841796875
2699,41,1361.7939453125,196.828125
2700,41,1361.5205078125,196.8525390625
2701,41,1361.619140625,196.9033203125
2702,41,1361.091796875,196.7578125
2703,41,1361.4208984375,196.8916015625
2704,41,1361.5986328125,196.8671875
2705,41,1360.916015625,196.779296875
2706,41,1360.453125,196.7822265625
2707,41,1360.7275390625,196.73828125
2708,41,1360.73046875,196.775390625
2709,41,1360.5244140625,196.6953125
2710,41,1360.1298828125,196.5849609375
2711,41,1359.8720703125,196.607421875
2712,41,1359.4716796875,196.5751953125
2713,41,1359.359375,196.478515625
2714,41,1359.3505859375,196.439453125
2715,41,1359.1865234375,196.544921875
2716,41,1359.3779296875,196.5673828125
2717,41,1359.37890625,196.5146484375
2718,41,1359.396484375,196.4765625
2719,41,1359.095703125,196.4501953125
2720,41,1358.6875,196.416015625
2721,41,1313.3837890625,193.92578125
2722,41,1314.2109375,193.8642578125
2723,41,1314.2216796875,193.900390625
2724,41,1314.3369140625,193.873046875
2725,41,1314.5625,193.8046875
2726,41,1314.7568359375,193.7939453125
2727,41,1314.3076171875,193.716796875
2728,41,1314.490234375,193.7109375
2729,41,1314.7412109375,193.7353515625
2730,41,1314.703125,193.6943359375
2731,41,1314.6806640625,193.6884765625
2732,41,1314.7236328125,193.7001953125
2733,41,1314.826171875,193.7236328125
2734,41,1315.1064453125,193.677734375
2735,41,1315.423828125,193.7412109375
2736,41,1316.9951171875,193.916015625
2737,41,1320.90625,193.6923828125
2738,41,1322.794921875,193.6923828125
2739,41,1323.7353515625,193.71484375
2740,41,1324.60546875,193.6484375
2741,41,1324.4658203125,193.62109375
2742,41,1324.86328125,193.66796875
2743,41,1325.107421875,193.7919921875
2744,41,1324.755859375,193.7001953125
2745,41,1325.0693359375,193.62890625
2746,41,1325.1875,193.705078125
2747,41,1325.6318359375,193.716796875
2748,41,1325.5107421875,193.6357421875
2749,41,1325.6416015625,193.53125
2750,41,1325.5771484375,193.591796875
2751,41,1326.623046875,193.708984375
2752,41,1327.0908203125,193.8798828125
2753,41,1328.3876953125,193.8212890625
2754,41,1329.6455078125,193.8359375
2755,41,1330.9697265625,194.017578125
2756,41,1331.966796875,194.2041015625
2757,41,1332.794921875,194.376953125
2758,41,1333.6171875,194.4619140625
2759,41,1334.4423828125,194.583984375
2760,41,1335.06640625,194.8173828125
2761,41,1335.244140625,194.78125
2762,41,1335.5869140625,194.8212890625
2763,41,1336.138671875,194.89453125
2764,41,1336.7978515625,195.025390625
2765,41,1337.0078125,195.0458984375
2766,41,1337.083984375,195.1044921875
2767,41,1337.1005859375,195.16015625
2768,41,1338.0009765625,195.3671875
2769,41,1336.6474609375,195.0869140625
2770,41,1337.943359375,195.244140625
2771,41,1339.302734375,195.552734375
2772,41,1340.75390625,195.560546875
2773,41,1341.5615234375,195.564453125
2774,41,1342.486328125,195.6435546875
2775,41,1342.89453125,195.6318359375
2776,41,1343.36328125,195.6455078125
2777,41,1343.646484375,195.73828125
2778,41,1344.0341796875,195.8857421875
2779,41,1344.44921875,196.0078125
2780,41,1344.861328125,196.0966796875
2781,41,1345.0302734375,196.0341796875
2782,41,1345.3740234375,196.0771484375
2783,41,1345.6279296875,196.134765625
2784,41,1346.154296875,196.1845703125
2785,41,1345.4326171875,195.96875
2786,41,1347.751953125,195.9658203125
2787,41,1349.2109375,196.251953125
2788,41,1350.62890625,196.3134765625
2789,41,1351.3486328125,196.400390625
2790,41,1350.8623046875,196.2939453125
2791,41,1350.9560546875,196.2578125
2792,41,1351.119140625,196.31640625
2793,41,1351.4443359375,196.318359375
2794,41,1351.3251953125,196.2265625
2795,41,1351.3203125,196.244140625
2796,41,1351.2177734375,196.25390625
2797,41,1351.6416015625,196.3173828125
2798,41,1352.478515625,196.4365234375
2799,41,1353.0927734375,196.5185546875
2800,41,1353.2001953125,196.5380859375
2801,41,1352.0654296875,196.47265625
2802,41,1353.2119140625,196.462890625
2803,41,1354.056640625,196.4912109375
2804,41,1354.607421875,196.64453125
2805,41,1354.642578125,196.666015625
2806,41,1354.9267578125,196.6875
2807,41,1354.9384765625,196.6259765625
2808,41,1355.1787109375,196.70703125
2809,41,1355.4619140625,196.6845703125
2810,41,1355.5380859375,196.78125
2811,41,1355.890625,196.8505859375
2812,41,1355.8388671875,196.9091796875
2813,41,1355.9951171875,196.9736328125
2814,41,1356.03515625,197.0537109375
2815,41,1356.0771484375,197.0751953125
2816,41,1356.328125,197.1474609375
2817,41,1354.7177734375,196.8203125
2818,41,1355.4423828125,196.8720703125
2819,41,1356.8212890625,197.130859375
2820,41,1357.3427734375,197.1064453125
2821,41,1358.0009765625,197.076171875
2822,41,1357.9619140625,197.0361328125
2823,41,1358.189453125,197.072265625
2824,41,1358.259765625,197.0693359375
2825,41,1358.3154296875,197.1181640625
2826,41,1357.9541015625,197.0849609375
2827,41,1357.478515625,197.0068359375
2828,41,1357.3759765625,196.98046875
2829,41,1357.109375,196.951171875
2830,41,1356.7490234375,196.9189453125
2831,41,1356.255859375,196.8447265625
2832,41,1356.53515625,196.935546875
2833,41,1354.8349609375,196.54296875
2834,41,1354.5947265625,196.490234375
2835,41,1356.2138671875,196.5361328125
2836,41,1357.251953125,196.5908203125
2837,41,1357.7080078125,196.54296875
2838,41,1357.9765625,196.5556640625
2839,41,1358.37109375,196.623046875
2840,41,1358.4599609375,196.6474609375
2841,41,1358.775390625,196.60546875
2842,41,1358.251953125,196.48046875
2843,41,1357.8359375,196.3671875
2844,41,1357.712890625,196.4404296875
2845,41,1357.8154296875,196.49609375
2846,41,1357.828125,196.4091796875
2847,41,1357.357421875,196.3564453125
2848,41,1357.03125,196.3525390625
2849,41,1356.603515625,196.1376953125
2850,41,1356.12109375,196.1171875
2851,41,1356.0615234375,196.1171875
2852,41,1356.2353515625,196.2294921875
2853,41,1356.0908203125,196.2578125
2854,41,1356.013671875,196.2509765625
2855,41,1355.666015625,196.3046875
2856,41,1355.4228515625,196.208984375
2857,41,1355.490234375,196.236328125
2858,41,1355.095703125,196.2431640625
2859,41,1354.9443359375,196.1904296875
2860,41,1354.703125,196.12109375
2861,41,1354.71484375,196.1767578125
2862,41,1354.6123046875,196.1708984375
2863,41,1354.47265625,196.201171875
2864,41,1354.1572265625,196.1787109375
2865,41,1351.9560546875,195.857421875
2866,41,1351.39453125,195.8515625
2867,41,1351.443359375,195.79296875
2868,41,1351.3623046875,195.8095703125
2869,41,1351.0322265625,195.74609375
2870,41,1350.798828125,195.7236328125
2871,41,1350.58984375,195.6943359375
2872,41,1350.0576171875,195.60546875
2873,41,1349.62109375,195.5556640625
2874,41,1349.0,195.4677734375
2875,41,1348.8701171875,195.349609375
2876,41,1348.634765625,195.345703125
2877,41,1348.6103515625,195.408203125
2878,41,1348.5693359375,195.341796875
2879,41,1348.2197265625,195.359375
2880,41,1348.095703125,195.34765625
2881,41,1316.0048828125,194.453125
2882,41,1316.798828125,194.40625
2883,41,1316.7568359375,194.3447265625
2884,41,1316.5810546875,194.3017578125
2885,41,1316.9111328125,194.3466796875
2886,41,1316.8203125,194.2880859375
2887,41,1316.4169921875,194.287109375
2888,41,1316.5947265625,194.212890625
2889,41,1316.4365234375,194.1376953125
2890,41,1316.6953125,194.1396484375
2891,41,1317.0009765625,194.166015625
2892,41,1317.580078125,194.203125
2893,41,1318.0283203125,194.3994140625
2894,41,1318.46875,194.4951171875
2895,41,1318.61328125,194.537109375
2896,41,1319.712890625,194.67578125
2897,41,1324.328125,194.587890625
2898,41,1326.38671875,194.6240234375
2899,41,1327.755859375,194.712890625
2900,41,1327.974609375,194.7587890625
2901,41,1328.25390625,194.748046875
2902,41,1328.42578125,194.654296875
2903,41,1327.873046875,194.5751953125
2904,41,1327.9306640625,194.544921875
2905,41,1328.142578125,194.5478515625
2906,41,1328.4775390625,194.5908203125
2907,41,1328.5966796875,194.6123046875
2908,41,1327.8369140625,194.4560546875
2909,41,1328.1845703125,194.474609375
2910,41,1328.4794921875,194.666015625
2911,41,1331.521484375,194.9892578125
2912,41,1332.974609375,195.1396484375
2913,41,1335.0244140625,195.181640625
2914,41,1336.267578125,195.1591796875
2915,41,1337.4833984375,195.2333984375
2916,41,1338.0986328125,195.2294921875
2917,41,1338.4306640625,195.310546875
2918,41,1338.4814453125,195.37890625
2919,41,1338.7333984375,195.38671875
2920,41,1338.7939453125,195.3837890625
2921,41,1339.18359375,195.3193359375
2922,41,1339.2275390625,195.4453125
2923,41,1339.9482421875,195.490234375
2924,41,1340.564453125,195.66015625
2925,41,1341.1962890625,195.7880859375
2926,41,1341.2568359375,195.9306640625
2927,41,1341.8671875,196.046875
2928,41,1343.1865234375,196.2646484375
2929,41,1343.478515625,196.0517578125
2930,41,1344.3974609375,196.0986328125
2931,41,1346.6357421875,196.16015625
2932,41,1347.0654296875,196.134765625
2933,41,1346.2734375,196.0517578125
2934,41,1346.0771484375,196.0478515625
2935,41,1346.5849609375,196.1484375
2936,41,1346.447265625,196.0595703125
2937,41,1346.73046875,196.0927734375
2938,41,1346.6103515625,196.1884765625
2939,41,1346.375,196.03515625
2940,41,1346.6416015625,196.0068359375
2941,41,1347.0146484375,196.1064453125
2942,41,1346.6494140625,195.96875
2943,41,1346.220703125,195.9404296875
2944,41,1346.490234375,196.0712890625
2945,41,1346.0458984375,195.7890625
2946,41,1346.6650390625,195.7255859375
2947,41,1347.888671875,195.7900390625
2948,41,1348.189453125,195.9052734375
2949,41,1348.939453125,195.9892578125
2950,41,1349.87890625,196.166015625
2951,41,1350.0791015625,196.28125
2952,41,1350.6572265625,196.3974609375
2953,41,1351.1533203125,196.396484375
2954,41,1351.248046875,196.482421875
2955,41,1351.7275390625,196.587890625
2956,41,1352.2880859375,196.693359375
2957,41,1352.2666015625,196.7470703125
2958,41,1352.5986328125,196.7841796875
2959,41,1353.18359375,196.84375
2960,41,1353.408203125,196.9072265625
2961,41,1352.2216796875,196.646484375
2962,41,1352.947265625,196.7509765625
2963,41,1354.0751953125,196.9462890625
2964,41,1353.876953125,196.8828125
2965,41,1354.35546875,196.8349609375
2966,41,1354.7529296875,196.947265625
2967,41,1354.228515625,196.8369140625
2968,41,1354.140625,196.8564453125
2969,41,1354.537109375,196.837890625
2970,41,1354.9384765625,196.8916015625
2971,41,1355.0595703125,196.84375
2972,41,1354.8154296875,196.8037109375
2973,41,1354.8359375,196.8662109375
2974,41,1355.2705078125,196.8935546875
2975,41,1355.5615234375,196.9482421875
2976,41,1356.2900390625,197.064453125
2977,41,1354.666015625,196.763671875
2978,41,1355.623046875,196.775390625
2979,41,1358.080078125,197.16015625
2980,41,1357.7646484375,197.0390625
2981,41,1358.3984375,197.1767578125
2982,41,1359.01953125,197.29296875
2983,41,1358.994140625,197.232421875
2984,41,1359.0078125,197.1845703125
2985,41,1359.0068359375,197.150390625
2986,41,1358.7412109375,197.134765625
2987,41,1358.859375,197.076171875
2988,41,1358.8232421875,197.0849609375
2989,41,1359.01953125,197.09375
2990,41,1359.3115234375,197.2353515625
2991,41,1359.791015625,197.34765625
2992,41,1360.296875,197.408203125
2993,41,1360.8271484375,197.23046875
2994,41,1361.5615234375,197.3115234375
2995,41,1362.837890625,197.3720703125
2996,41,1363.025390625,197.3056640625
2997,41,1363.3193359375,197.470703125
2998,41,1363.5927734375,197.4541015625
2999,41,1362.79296875,197.3017578125
3000,41,1362.6591796875,197.255859375
3001,41,1363.13671875,197.333984375
3002,41,1363.169921875,197.3828125
3003,41,1363.3203125,197.271484375
3004,41,1363.4130859375,197.33203125
3005,41,1363.22265625,197.3056640625
3006,41,1363.1748046875,197.2568359375
3007,41,1363.46875,197.353515625
3008,41,1363.560546875,197.4130859375
3009,41,1359.9638671875,197.0283203125
3010,41,1358.416015625,196.912109375
3011,41,1359.869140625,197.0673828125
3012,41,1358.9716796875,197.0107421875
3013,41,1359.259765625,196.9560546875
3014,41,1359.888671875,196.9970703125
3015,41,1359.9033203125,196.984375
3016,41,1359.796875,197.060546875
3017,41,1359.78515625,197.0625
3018,41,1359.9072265625,197.09765625
3019,41,1359.662109375,197.0224609375
3020,41,1359.5029296875,197.0322265625
3021,41,1359.6298828125,197.00390625
3022,41,1359.5341796875,196.9853515625
3023,41,1359.3271484375,197.1123046875
3024,41,1359.4111328125,197.0654296875
3025,41,1358.53125,196.865234375
3026,41,1358.609375,196.7421875
3027,41,1358.5244140625,196.76953125
571,46,886.5166015625,89.0634765625
572,51,887.8583984375,98.0439453125
573,56,889.3173828125,103.2177734375
574,61,892.859375,113.2080078125
575,66,895.7734375,124.6982421875
576,71,894.158203125,136.984375
577,76,893.0625,151.1435546875
578,80,895.41796875,167.6240234375
579,81,895.01953125,189.6611328125
580,81,896.884765625,196.060546875
581,81,898.615234375,196.4599609375
582,81,899.8251953125,196.4443359375
583,81,896.5263671875,195.767578125
584,81,894.4560546875,195.265625
585,81,895.595703125,195.44140625
586,81,894.6396484375,195.1669921875
587,81,899.046875,195.701171875
588,81,900.4619140625,196.1640625
589,81,898.076171875,195.8115234375
590,81,895.6083984375,195.58203125
591,81,897.6337890625,195.845703125
592,86,789.123046875,156.2177734375
593,87,789.140625,192.1533203125
594,87,789.0634765625,198.3173828125
595,87,788.5126953125,198.1923828125
596,87,789.384765625,198.34375
597,87,788.35546875,198.1201171875
598,87,788.466796875,198.1171875
599,87,789.01953125,198.2431640625
600,87,789.3916015625,198.283203125
601,82,953.888671875,233.1201171875
602,83,953.95703125,184.978515625
603,83,953.6611328125,197.001953125
604,83,954.048828125,196.892578125
605,83,953.5966796875,197.14453125
606,83,953.056640625,196.994140625
607,83,952.3720703125,196.7099609375
608,83,950.9521484375,196.43359375
609,83,951.455078125,196.447265625
610,83,949.865234375,196.1435546875
611,83,947.4453125,195.453125
612,83,946.087890625,195.1884765625
613,83,945.1904296875,194.9306640625
614,83,945.4951171875,195.00390625
615,83,946.35546875,195.2431640625
616,83,947.5498046875,195.5576171875
617,83,946.9365234375,195.5361328125
618,83,947.1533203125,195.5546875
619,83,947.3271484375,195.5400390625
620,83,948.111328125,194.900390625
621,83,947.564453125,195.640625
622,83,946.953125,195.54296875
623,83,947.5029296875,195.548828125
624,83,946.9423828125,195.53125
625,83,947.07421875,195.482421875
626,83,946.576171875,195.4248046875
627,83,946.6611328125,195.384765625
628,83,946.70703125,195.5244140625
629,83,946.96875,195.5341796875
630,83,946.458984375,195.4169921875
631,83,946.361328125,195.447265625
632,83,946.7060546875,195.474609375
633,83,946.666015625,195.501953125
634,83,946.3408203125,195.46875
635,83,946.462890625,195.458984375
636,83,946.2744140625,195.474609375
637,83,946.43359375,195.5244140625
638,83,946.7861328125,195.48046875
639,83,945.11328125,194.9775390625
640,83,945.341796875,195.072265625
641,83,943.73828125,194.732421875
642,83,944.982421875,195.048828125
643,83,944.9091796875,194.98046875
644,83,945.306640625,195.060546875
645,83,945.4521484375,195.0439453125
646,83,945.46875,195.025390625
647,88,583.8505859375,129.5390625
648,93,584.005859375,159.654296875
649,90,615.7587890625,221.408203125
650,93,588.3857421875,170.5849609375
651,92,571.783203125,203.5419921875
652,94,560.66796875,181.16796875
653,91,538.685546875,219.193359375
654,94,560.8662109375,172.3388671875
655,90,565.6513671875,225.7509765625
656,95,553.0810546875,160.51171875
657,90,540.84765625,247.0673828125
658,95,536.55859375,155.7646484375
659,90,531.12109375,243.037109375
660,95,530.146484375,154.7802734375
661,90,535.1787109375,244.0068359375
662,95,532.01171875,156.0732421875
663,90,532.0712890625,245.931640625
664,95,507.6728515625,152.451171875
665,90,529.9814453125,244.203125
666,95,533.6416015625,156.7607421875
667,90,535.4033203125,246.537109375
668,95,525.712890625,155.9609375
669,90,539.89453125,247.6982421875
670,95,543.3134765625,158.3623046875
671,90,546.94140625,249.673828125
672,95,544.73046875,158.9755859375
673,90,546.8349609375,249.1787109375
674,95,548.279296875,159.0634765625
675,90,549.9697265625,250.3837890625
676,95,539.16796875,157.994140625
677,90,544.9208984375,248.4111328125
678,95,544.8466796875,158.0498046875
679,90,542.677734375,248.4912109375
680,95,530.267578125,156.1884765625
681,90,539.712890625,247.259765625
682,95,539.7109375,157.0947265625
683,90,537.04296875,246.365234375
684,95,522.35546875,154.453125
685,90,534.8876953125,245.076171875
686,95,538.990234375,157.373046875
687,90,539.1123046875,247.583984375
688,95,528.7294921875,155.84765625
689,90,537.4599609375,246.6767578125
690,95,540.4658203125,157.6455078125
691,90,543.798828125,248.9189453125
692,95,542.462890625,158.5849609375
693,90,544.3564453125,249.1162109375
694,95,546.4296875,159.248046875
695,100,285.697265625,154.609375
696,95,286.04296875,293.8466796875
697,100,299.947265625,159.8583984375
698,95,309.9609375,317.6513671875
699,99,309.4453125,164.701171875
700,94,301.4951171875,271.193359375
701,99,305.140625,146.8232421875
702,94,301.5185546875,272.1650390625
703,99,302.6318359375,145.82421875
704,94,305.2626953125,274.9892578125
705,99,305.1279296875,146.591796875
706,94,305.7587890625,275.48828125
707,99,308.8095703125,148.017578125
708,94,309.953125,279.0634765625
709,99,307.666015625,147.9169921875
710,94,309.380859375,278.5791015625
711,99,311.666015625,149.2421875
712,94,311.2861328125,280.55078125
713,99,313.8046875,150.291015625
714,94,315.1708984375,283.783203125
715,99,317.3232421875,151.2470703125
716,94,316.7216796875,285.0087890625
717,99,317.0107421875,151.2158203125
718,94,317.951171875,286.3017578125
719,99,316.4267578125,150.6298828125
720,94,323.880859375,291.630859375
721,99,317.23046875,150.5107421875
722,94,327.177734375,290.9375
723,99,331.7373046875,154.8544921875
724,94,336.9375,298.7734375
725,99,337.2734375,156.517578125
726,94,337.091796875,298.884765625
727,99,337.6025390625,156.630859375
728,94,337.3818359375,298.8994140625
729,99,336.9853515625,156.3701171875
730,94,540.0732421875,478.658203125
731,89,539.5732421875,242.0927734375
732,92,541.5625,173.0283203125
733,91,541.9521484375,203.4521484375
734,91,542.7666015625,193.482421875
735,91,546.0048828125,192.9716796875
736,91,544.9873046875,192.8671875
737,91,548.9765625,194.36328125
738,91,552.6240234375,195.40234375
739,91,554.0869140625,194.6494140625
740,91,552.3212890625,194.0400390625
741,91,555.505859375,195.509765625
742,91,560.9697265625,197.2177734375
743,91,556.4111328125,195.5771484375
744,91,554.2490234375,194.7490234375
745,91,558.6650390625,196.654296875
746,91,559.60546875,196.677734375
747,91,558.5439453125,196.1279296875
748,91,557.1708984375,195.7060546875
749,91,559.6865234375,196.6083984375
750,91,562.36328125,197.513671875
751,91,559.7060546875,196.5205078125
752,91,559.4716796875,196.521484375
753,91,559.734375,196.4892578125
754,91,561.3173828125,196.892578125
755,91,561.1162109375,195.0615234375
756,91,561.8515625,194.8544921875
757,91,562.4609375,194.4423828125
758,91,565.7451171875,196.2783203125
759,91,562.48828125,194.9423828125
760,91,561.3515625,194.400390625
761,91,562.0439453125,194.806640625
762,91,564.95703125,195.7412109375
763,91,561.236328125,194.361328125
764,91,560.982421875,194.3154296875
765,91,565.7314453125,195.609375
766,91,568.77734375,196.5537109375
767,91,565.810546875,195.4833984375
768,91,567.767578125,196.1728515625
769,91,570.3173828125,196.8603515625
770,91,574.61328125,198.357421875
771,91,576.427734375,198.9384765625
772,91,579.0810546875,199.7822265625
773,91,580.2919921875,199.9140625
774,91,577.865234375,197.802734375
775,91,577.322265625,196.572265625
776,91,584.896484375,199.78515625
777,90,591.1904296875,201.744140625
778,90,598.9326171875,197.12109375
779,89,623.783203125,204.5615234375
780,90,632.244140625,192.015625
781,89,639.2275390625,205.978515625
782,91,617.099609375,184.1591796875
783,91,602.494140625,199.775390625
784,92,575.0634765625,188.677734375
785,93,541.7919921875,185.2236328125
786,93,520.4287109375,194.220703125
787,94,504.2705078125,187.349609375
788,93,491.8486328125,201.7470703125
789,96,476.380859375,175.517578125
790,91,459.9912109375,239.263671875
791,96,448.625,140.9990234375
792,92,436.7080078125,228.8720703125
793,97,429.291015625,143.009765625
794,92,428.359375,252.8583984375
795,97,425.638671875,141.1943359375
796,92,426.2587890625,251.2666015625
797,90,603.970703125,209.7021484375
798,91,604.2890625,190.4619140625
799,91,629.37109375,198.83203125
800,92,611.9267578125,189.3916015625
801,93,588.736328125,189.916015625
802,91,585.0908203125,209.1513671875
803,94,579.9609375,175.830078125
804,90,574.7890625,228.9208984375
805,94,568.544921875,162.416015625
806,91,558.8671875,222.0146484375
807,94,571.369140625,169.8564453125
808,90,581.6484375,229.2548828125
809,94,581.1220703125,165.0439453125
810,90,563.5078125,224.408203125
811,94,584.2763671875,165.3779296875
812,89,593.125,234.3984375
813,94,587.611328125,153.1240234375
814,89,581.615234375,231.0341796875
815,94,589.255859375,152.708984375
816,89,598.7890625,235.54296875
817,94,591.5849609375,151.5029296875
818,90,586.6982421875,229.69140625
819,94,595.5791015625,167.7861328125
820,89,589.2802734375,233.1982421875
821,94,592.7119140625,151.875
822,89,594.5205078125,234.0419921875
823,94,597.6357421875,153.3212890625
824,89,599.701171875,235.6064453125
825,94,597.5498046875,153.638671875
826,89,593.2890625,232.9697265625
827,94,591.7705078125,152.568359375
828,93,472.8935546875,206.544921875
829,94,472.9560546875,187.330078125
830,93,471.1044921875,202.9169921875
831,95,473.626953125,183.705078125
832,91,457.6875,224.626953125
833,95,499.0986328125,165.181640625
834,90,511.07421875,245.177734375
835,94,524.5146484375,162.4033203125
836,91,530.0439453125,221.1328125
837,94,538.904296875,175.173828125
838,90,555.2333984375,230.599609375
839,92,568.9326171875,177.509765625
840,92,583.939453125,198.2890625
841,90,581.7431640625,210.580078125
842,92,588.359375,183.984375
843,91,596.5947265625,204.8583984375
844,91,572.9599609375,193.9638671875
845,91,602.8427734375,197.6259765625
846,91,600.5185546875,194.65234375
847,92,594.3203125,191.4072265625
848,91,603.0380859375,203.3662109375
849,91,606.685546875,193.978515625
850,91,603.056640625,194.2578125
851,91,606.140625,195.41796875
852,91,605.0166015625,196.4453125
853,91,608.271484375,197.7841796875
854,91,605.1708984375,197.822265625
855,91,608.966796875,199.0185546875
856,90,617.0078125,201.8056640625
857,91,615.4091796875,192.2294921875
858,91,599.5224609375,198.2001953125
859,91,598.162109375,196.92578125
860,90,607.4599609375,201.552734375
861,90,607.4599609375,192.693359375
862,89,681.388671875,204.330078125
863,91,648.0126953125,177.23828125
864,95,542.5634765625,166.0888671875
865,90,549.623046875,252.3916015625
866,95,541.509765625,154.421875
867,90,553.470703125,254.15234375
868,94,561.1416015625,161.37890625
869,89,585.802734375,231.7509765625
870,94,583.546875,156.0517578125
871,89,590.5390625,234.6044921875
872,94,594.71875,155.2021484375
873,89,604.9541015625,236.556640625
874,94,594.494140625,156.353515625
875,89,587.068359375,232.583984375
876,94,577.9140625,152.51171875
877,90,573.4033203125,227.2861328125
878,95,559.626953125,159.8310546875
879,90,554.6552734375,251.2236328125
880,95,558.6552734375,156.9453125
881,90,534.919921875,240.8623046875
882,95,515.07421875,144.1171875
883,93,456.5908203125,214.275390625
884,98,397.560546875,149.7177734375
885,93,375.3564453125,259.482421875
886,98,326.525390625,127.255859375
887,95,301.201171875,217.9599609375
888,100,271.072265625,143.4521484375
889,95,252.4990234375,257.8408203125
890,100,231.49609375,126.2646484375
891,97,212.21484375,217.994140625
892,100,191.0068359375,131.853515625
893,100,160.861328125,168.0234375
894,100,142.9638671875,148.775390625
895,100,161.5859375,167.44140625
896,99,198.7607421875,206.9716796875
897,100,189.58984375,169.6240234375
898,98,200.9521484375,211.4609375
899,100,248.9560546875,183.3798828125
900,95,282.2001953125,293.9150390625
901,100,284.6611328125,156.27734375
902,95,241.126953125,255.0556640625
903,100,223.43359375,124.1123046875
904,95,233.5595703125,244.03515625
905,100,230.779296875,123.8251953125
906,100,180.7138671875,186.2373046875
907,100,173.8515625,179.9208984375
908,100,175.7802734375,179.2060546875
909,100,166.2666015625,169.6748046875
910,100,125.494140625,129.501953125
911,100,140.0888671875,143.939453125
912,100,142.2041015625,145.0341796875
913,100,173.3720703125,177.6845703125
914,100,169.517578125,174.0107421875
915,100,162.068359375,166.22265625
916,100,155.556640625,159.2001953125
917,100,148.875,152.98828125
918,100,133.48828125,137.4970703125
919,100,191.04296875,194.9296875
920,98,205.7734375,209.10546875
921,100,183.6708984375,126.5888671875
922,100,191.4111328125,195.552734375
923,100,191.4609375,195.5546875
924,98,209.7099609375,213.97265625
925,100,215.791015625,146.052734375
926,96,224.1953125,228.9951171875
927,100,249.32421875,131.7666015625
928,95,277.2392578125,282.90234375
929,100,303.556640625,141.2001953125
930,95,322.296875,328.3388671875
931,99,351.419921875,162.8779296875
932,94,400.9501953125,346.017578125
933,94,473.0126953125,198.685546875
934,89,553.7431640625,232.79296875
935,89,654.5205078125,194.86328125
936,86,747.5771484375,222.509765625
937,83,834.7490234375,220.5390625
938,81,901.5009765625,215.1103515625
939,79,948.91796875,209.533203125
940,79,968.7919921875,199.990234375
941,79,971.859375,199.3427734375
942,79,959.36328125,195.615234375
943,80,937.2509765625,189.6240234375
944,82,883.8701171875,183.6181640625
945,84,816.1806640625,178.59765625
946,87,743.189453125,175.1982421875
947,90,665.7451171875,174.19140625
948,92,573.3447265625,178.5703125
949,95,505.6533203125,174.53515625
950,93,437.0244140625,209.779296875
951,98,384.20703125,149.1015625
952,93,336.744140625,232.8466796875
953,98,295.728515625,117.919921875
954,99,272.0166015625,190.1181640625
955,95,256.5517578125,225.3642578125
956,100,249.23046875,125.2646484375
957,95,252.0751953125,256.724609375
958,100,248.7373046875,123.109375
959,95,247.61328125,251.9130859375
960,100,239.421875,118.095703125
961,95,230.236328125,231.4091796875
962,100,234.5068359375,117.587890625
963,95,236.0986328125,239.451171875
964,100,229.99609375,115.5947265625
965,95,227.609375,232.5712890625
966,100,225.595703125,113.2275390625
967,96,223.3837890625,228.5380859375
968,100,222.0478515625,125.6015625
969,96,225.5361328125,230.4580078125
970,100,231.40234375,129.8486328125
971,95,234.5849609375,239.744140625
972,100,236.4052734375,118.0693359375
973,95,240.2314453125,244.466796875
974,100,258.0703125,129.5849609375
975,95,282.1865234375,286.880859375
976,100,311.1376953125,158.365234375
977,95,330.775390625,335.8486328125
978,98,340.33203125,176.6337890625
979,93,345.4326171875,247.646484375
980,98,345.62109375,148.794921875
981,93,326.6025390625,236.787109375
982,98,297.19140625,133.375
983,96,283.513671875,210.63671875
984,100,259.189453125,160.9501953125
985,95,246.4833984375,250.732421875
986,100,240.03515625,130.9375
987,97,213.1103515625,216.765625
988,100,197.1962890625,131.9697265625
989,99,202.4560546875,205.2158203125
990,100,197.4462890625,177.1337890625
991,99,201.2041015625,204.5390625
992,100,214.6328125,190.701171875
993,97,212.3125,216.0576171875
994,100,272.6904296875,176.6708984375
995,95,301.8505859375,308.5498046875
996,100,304.5732421875,157.9794921875
997,95,316.822265625,324.4501953125
998,98,332.9189453125,170.537109375
999,93,341.080078125,244.388671875
1000,98,365.955078125,145.150390625
1001,93,389.6767578125,277.783203125
1002,98,403.162109375,159.8720703125
1003,93,420.876953125,301.6328125
1004,96,425.654296875,169.8173828125
1005,91,426.1982421875,239.193359375
1006,96,424.08203125,141.5078125
1007,91,419.263671875,235.171875
1008,96,416.5,137.6591796875
1009,91,419.4326171875,233.8779296875
1010,96,416.1025390625,135.91015625
1011,92,416.478515625,230.943359375
1012,97,417.2685546875,141.9033203125
1013,92,416.724609375,260.8720703125
1014,97,398.01953125,137.451171875
1015,92,389.3349609375,245.6982421875
1016,97,392.0947265625,135.1923828125
1017,92,391.8193359375,246.837890625
1018,97,394.435546875,136.3369140625
1019,92,391.67578125,246.7177734375
1020,97,395.078125,136.9189453125
1021,92,395.9443359375,248.7509765625
1022,97,395.8427734375,136.931640625
1023,92,394.998046875,248.37890625
1024,97,395.95703125,136.955078125
1025,92,395.7041015625,248.8291015625
1026,97,395.8642578125,137.09375
1027,92,394.8115234375,248.33984375
1028,97,395.7568359375,136.9345703125
1029,92,396.6328125,249.3857421875
1030,97,396.71875,137.19140625
1031,92,632.53125,380.0126953125
1032,89,632.7958984375,216.875
1033,91,634.0244140625,182.0107421875
1034,90,634.4873046875,205.5556640625
1035,90,638.09375,197.158203125
1036,90,636.5517578125,196.654296875
1037,90,636.814453125,196.7685546875
1038,90,638.3076171875,197.1103515625
1039,90,639.814453125,197.443359375
1040,90,634.720703125,195.5166015625
1041,90,635.65625,196.1044921875
1042,90,634.44140625,195.60546875
1043,90,637.52734375,196.6416015625
1044,90,636.1728515625,195.9921875
1045,90,634.4990234375,195.333984375
1046,90,630.91015625,193.5654296875
1047,90,626.58984375,192.814453125
1048,90,628.1455078125,192.669921875
1049,91,624.8349609375,191.3330078125
1050,91,623.8125,199.9384765625
1051,91,619.1640625,198.3720703125
1052,91,637.0234375,199.232421875
1053,91,636.5947265625,194.5517578125
1054,92,626.3203125,191.8232421875
1055,92,604.9091796875,198.2861328125
1056,92,616.2294921875,197.3935546875
1057,92,614.85546875,198.09375
1058,91,626.7626953125,202.052734375
1059,92,611.8017578125,190.984375
1060,91,641.6845703125,204.4873046875
1061,91,625.0791015625,192.3134765625
1062,91,635.91015625,192.7451171875
1063,92,612.7890625,187.091796875
