7958,35,1322.0087890625,160.9287109375
7959,37,1334.91796875,182.787109375
7960,38,1326.552734375,186.4609375
7961,39,1330.2421875,191.896484375
7962,39,1340.1513671875,197.93359375
7963,39,1332.091796875,195.0859375
7964,39,1335.0166015625,196.03125
7965,39,1342.404296875,198.287109375
7966,39,1331.41015625,195.072265625
7967,39,1334.4853515625,196.037109375
7968,39,1338.3896484375,197.6767578125
7969,39,1329.2353515625,195.20703125
7970,39,1327.1220703125,194.5126953125
7971,39,1337.8828125,197.1953125
7972,39,1323.9580078125,193.9013671875
7973,39,1323.244140625,193.7666015625
7974,39,1327.623046875,195.55078125
7975,39,1319.798828125,193.271484375
7976,39,1320.939453125,193.5771484375
7977,39,1324.5146484375,194.8486328125
7978,39,1320.775390625,192.5263671875
7979,39,1317.3623046875,193.240234375
7980,39,1321.169921875,194.4443359375
7981,40,1313.310546875,191.9287109375
7982,40,1314.568359375,193.7666015625
7983,40,1319.1748046875,195.1455078125
7984,40,1310.4912109375,193.0859375
7985,40,1311.7705078125,192.943359375
7986,40,1319.078125,194.9638671875
7987,40,1308.2373046875,192.779296875
7988,40,1312.580078125,193.326171875
7989,40,1318.0654296875,195.1494140625
7990,40,1313.6123046875,193.7529296875
7991,40,1313.8232421875,193.236328125
7992,40,1316.234375,194.0732421875
7993,40,1312.1943359375,192.5830078125
7994,40,1310.8994140625,192.515625
7995,40,1311.099609375,193.5
7996,41,1306.7119140625,191.71484375
7997,41,1304.875,196.4951171875
7998,41,1306.693359375,197.107421875
7999,41,1300.1484375,196.083984375
8000,41,1305.03125,197.05078125
8001,39,1326.8046875,210.869140625
8002,39,1327.5478515625,198.9716796875
8003,39,1331.4453125,199.896484375
8004,38,1343.4580078125,202.3427734375
8005,38,1327.41796875,195.265625
8006,38,1319.9970703125,193.8046875
8007,38,1327.6796875,196.1728515625
8008,38,1310.31640625,192.3125
8009,39,1304.26171875,192.005859375
8010,39,1305.9716796875,195.6953125
8011,39,1293.626953125,192.7041015625
8012,39,1295.724609375,192.767578125
8013,39,1299.6396484375,195.0166015625
8014,39,1293.2353515625,192.7626953125
8015,40,1296.7841796875,192.099609375
8016,40,1304.0888671875,196.8203125
8017,40,1295.4775390625,194.4541015625
8018,40,1303.341796875,195.736328125
8019,40,1311.771484375,198.2861328125
8020,40,1307.3876953125,196.1650390625
8021,40,1311.3203125,196.9033203125
8022,40,1317.6923828125,198.7919921875
8023,40,1312.0380859375,196.384765625
8024,40,1315.8525390625,196.4248046875
8025,40,1320.591796875,198.4384765625
8026,40,1313.9560546875,196.5634765625
8027,40,1316.5615234375,196.705078125
8028,40,1323.697265625,198.9208984375
8029,40,1315.6689453125,196.458984375
8030,40,1315.2763671875,196.27734375
8031,40,1321.9345703125,198.4248046875
8032,40,1320.1396484375,196.90234375
8033,40,1322.2724609375,197.416015625
8034,40,1333.9658203125,199.7763671875
8035,40,1321.7158203125,196.7265625
8036,40,1322.3935546875,196.8212890625
8037,40,1328.5546875,198.6142578125
8038,40,1317.4091796875,195.68359375
8039,40,1312.994140625,194.7890625
8040,40,1325.4765625,197.5615234375
8041,40,1315.4677734375,195.0849609375
8042,40,1314.8896484375,194.6796875
8043,40,1326.7900390625,197.328125
8044,40,1321.6328125,196.095703125
8045,40,1318.193359375,195.193359375
8046,40,1330.515625,197.65234375
8047,40,1322.654296875,195.5986328125
8048,40,1323.5615234375,195.490234375
8049,40,1332.5634765625,197.8427734375
8050,40,1333.2724609375,197.8369140625
8051,40,1328.6044921875,196.7353515625
8052,40,1330.3896484375,196.875
8053,40,1334.529296875,198.375
8054,40,1334.9853515625,198.353515625
8055,40,1328.888671875,196.7470703125
8056,40,1331.708984375,196.8896484375
8057,40,1339.03515625,198.9697265625
8058,40,1329.8662109375,196.5830078125
8059,40,1323.361328125,195.54296875
8060,40,1338.9482421875,198.921875
8061,40,1335.205078125,197.904296875
8062,40,1330.7138671875,197.5517578125
8063,40,1341.455078125,199.6416015625
8064,40,1339.4501953125,199.1123046875
8065,40,1330.83203125,197.0400390625
8066,40,1335.2607421875,198.3232421875
8067,40,1339.490234375,199.25
8068,40,1330.5595703125,196.92578125
8069,40,1328.544921875,197.5146484375
8070,40,1331.3720703125,198.9453125
8071,40,1331.109375,198.658203125
8072,40,1324.6259765625,196.8173828125
8073,40,1331.2802734375,197.7861328125
8074,40,1335.63671875,198.95703125
8075,40,1332.4072265625,197.560546875
8076,40,1334.7880859375,197.447265625
8077,40,1336.41015625,198.1630859375
8078,40,1330.0400390625,195.8564453125
8079,40,1335.529296875,196.81640625
8080,40,1342.62109375,198.3916015625
8081,40,1333.5517578125,196.42578125
8082,40,1339.57421875,197.0283203125
8083,40,1346.3720703125,198.525390625
8084,40,1340.4794921875,197.1181640625
8085,40,1343.8994140625,197.3876953125
8086,40,1349.486328125,199.0810546875
8087,40,1336.341796875,196.1875
8088,40,1344.3935546875,197.501953125
8089,40,1348.7685546875,198.7509765625
8090,40,1344.1162109375,197.669921875
8091,40,1347.4638671875,198.88671875
8092,40,1353.5244140625,199.9296875
8093,40,1349.7998046875,199.185546875
8094,40,1349.8193359375,198.931640625
8095,39,1354.1953125,200.087890625
8096,39,1345.8623046875,196.6806640625
8097,39,1351.42578125,197.3173828125
8098,39,1356.822265625,198.7705078125
8099,39,1352.392578125,197.5283203125
8100,39,1346.9677734375,197.1591796875
8101,39,1354.2158203125,199.0107421875
8102,39,1349.7333984375,197.79296875
8103,39,1351.2255859375,198.591796875
8104,39,1357.96484375,199.490234375
8105,39,1354.771484375,198.84375
8106,39,1355.2412109375,199.162109375
8107,38,1360.654296875,200.1650390625
8108,38,1353.93359375,194.91015625
8109,38,1347.7158203125,194.1162109375
8110,38,1356.2578125,195.462890625
8111,38,1350.654296875,194.7685546875
8112,38,1348.3837890625,194.2763671875
8113,38,1355.107421875,195.1953125
8114,38,1348.09765625,194.26171875
8115,38,1348.1689453125,193.9833984375
8116,38,1354.43359375,195.1259765625
8117,38,1346.4013671875,194.462890625
8118,38,1348.455078125,193.931640625
8119,38,1352.37109375,195.1572265625
8120,38,1343.0791015625,193.390625
8121,38,1345.982421875,193.671875
8122,38,1352.0361328125,194.9130859375
8123,38,1342.412109375,192.8720703125
8124,38,1349.6513671875,194.4189453125
8125,38,1352.5791015625,195.14453125
8126,38,1344.7431640625,193.5859375
8127,38,1343.873046875,193.142578125
8128,38,1347.5048828125,194.3525390625
8129,38,1344.5458984375,193.263671875
8130,38,1341.134765625,193.1552734375
8131,38,1344.99609375,194.5234375
8132,38,1339.748046875,193.0537109375
8133,39,1335.87109375,192.1337890625
8134,39,1341.6552734375,196.916015625
8135,39,1336.9775390625,195.748046875
8136,39,1331.9384765625,194.8974609375
8137,39,1342.4140625,197.65234375
8138,39,1337.7265625,196.205078125
8139,39,1339.4560546875,196.7275390625
8140,39,1344.0498046875,198.0361328125
8141,39,1335.810546875,195.87890625
8142,39,1335.0888671875,195.9423828125
8143,39,1337.1796875,197.2421875
8144,39,1331.869140625,195.7509765625
8145,39,1329.9375,195.1181640625
8146,39,1329.234375,196.072265625
8147,39,1322.548828125,194.1826171875
8148,39,1318.716796875,193.375
8149,39,1319.8818359375,194.568359375
8150,39,1313.2900390625,192.59765625
8151,39,1312.3447265625,192.6259765625
8152,39,1313.4365234375,193.830078125
8153,40,1305.658203125,191.236328125
8154,40,1300.3505859375,192.365234375
8155,40,1302.0537109375,193.5546875
8156,41,1295.849609375,191.771484375
8157,41,1292.8359375,195.56640625
8158,41,1291.96484375,196.9443359375
8159,41,1283.953125,194.7373046875
8160,41,1284.5380859375,195.318359375
8161,40,1255.240234375,200.9931640625
8162,40,1266.25390625,193.4443359375
8163,40,1271.8291015625,193.3125
8164,40,1275.248046875,195.3427734375
8165,40,1278.5673828125,193.486328125
8166,41,1279.05078125,192.22265625
8167,41,1279.5283203125,198.798828125
8168,41,1283.8125,197.35546875
8169,41,1283.8232421875,196.556640625
8170,41,1292.0361328125,199.3779296875
8171,41,1290.982421875,197.8017578125
8172,41,1287.44921875,197.6865234375
8173,40,1297.6318359375,200.0283203125
8174,40,1294.912109375,193.5146484375
8175,40,1293.7490234375,193.625
8176,40,1297.7138671875,195.12890625
8177,40,1292.83203125,193.1689453125
8178,40,1294.265625,193.9326171875
8179,40,1298.30078125,195.0595703125
8180,40,1293.1513671875,192.8544921875
8181,40,1295.046875,193.7158203125
8182,40,1297.8193359375,195.2705078125
8183,40,1290.5634765625,192.935546875
8184,40,1290.322265625,193.0224609375
8185,40,1294.1630859375,194.701171875
8186,40,1287.0986328125,192.5927734375
8187,40,1285.7119140625,192.3974609375
8188,40,1285.5654296875,193.1357421875
8189,41,1279.5625,191.1591796875
8190,41,1274.4111328125,194.748046875
8191,41,1276.0625,196.7353515625
8192,41,1278.490234375,195.5849609375
8193,41,1285.8798828125,196.80078125
8194,41,1293.20703125,199.41015625
8195,41,1286.4921875,197.41015625
8196,41,1281.474609375,196.87890625
8197,41,1283.896484375,197.96484375
8198,41,1271.0185546875,194.9794921875
8199,41,1264.328125,193.9638671875
8200,41,1265.529296875,194.8857421875
8201,41,1256.671875,192.73046875
8202,41,1254.1748046875,193.3994140625
8203,41,1250.548828125,194.5322265625
8204,41,1245.1123046875,192.3193359375
8205,42,1237.6884765625,191.111328125
8206,42,1246.7294921875,197.29296875
8207,42,1256.2919921875,195.8896484375
8208,42,1263.7626953125,195.3798828125
8209,42,1274.91015625,196.7275390625
8210,42,1285.5234375,199.57421875
8211,42,1285.2919921875,198.0478515625
8212,42,1293.212890625,198.7626953125
8213,42,1297.8720703125,199.9912109375
8214,42,1292.2421875,197.6484375
8215,42,1295.099609375,197.9521484375
8216,42,1295.890625,199.7275390625
8217,42,1290.3154296875,198.2080078125
8218,42,1290.470703125,199.2314453125
8219,41,1289.9521484375,201.912109375
8220,41,1290.83984375,198.1904296875
8221,41,1295.59765625,198.318359375
8222,41,1295.755859375,199.1640625
8223,41,1297.001953125,198.0185546875
8224,41,1299.314453125,198.6142578125
8225,40,1303.93359375,200.1865234375
8226,40,1304.1005859375,193.95703125
8227,40,1306.3701171875,194.576171875
8228,40,1311.49609375,195.97265625
8229,40,1311.26953125,195.2109375
8230,40,1316.0244140625,196.078125
8231,40,1318.8515625,197.1787109375
8232,40,1314.982421875,195.578125
8233,40,1322.3037109375,196.7119140625
8234,40,1328.1220703125,198.0654296875
8235,40,1323.1708984375,196.716796875
8236,40,1324.2802734375,196.6435546875
8237,40,1330.0439453125,198.12109375
8238,40,1327.2294921875,197.220703125
8239,40,1329.1015625,197.28125
8240,40,1333.4111328125,198.6474609375
8241,40,1326.123046875,196.6494140625
8242,40,1327.6708984375,196.80078125
8243,40,1333.0947265625,198.7021484375
8244,40,1330.1982421875,197.62109375
8245,40,1329.9580078125,197.7822265625
8246,40,1332.5595703125,198.90625
8247,40,1330.8427734375,197.7734375
8248,40,1330.2373046875,197.849609375
8249,40,1329.986328125,198.8935546875
8250,40,1330.57421875,198.572265625
8251,40,1324.271484375,196.83984375
8252,40,1326.26953125,197.0087890625
8253,40,1329.623046875,198.638671875
8254,40,1320.9013671875,195.5849609375
8255,40,1321.94921875,196.0927734375
8256,40,1325.7021484375,197.98828125
8257,40,1322.62109375,196.326171875
8258,40,1329.04296875,197.3193359375
8259,40,1331.8994140625,198.763671875
8260,40,1318.9541015625,195.2109375
1128,45,510.244140625,42.1708984375
1129,50,511.115234375,46.0888671875
1130,55,508.8896484375,49.197265625
1131,60,510.48046875,52.791015625
1132,65,511.19140625,56.8935546875
1133,70,511.05078125,62.7431640625
1134,75,510.412109375,69.4541015625
1135,80,512.568359375,77.4677734375
1136,85,512.537109375,91.1845703125
1137,90,512.37890625,111.3642578125
1138,95,504.4375,145.6171875
1139,90,502.8330078125,236.896484375
1140,95,501.6572265625,145.3017578125
1141,90,491.4267578125,232.33203125
1142,95,490.5224609375,141.81640625
1143,90,496.6201171875,235.0380859375
1144,95,501.1533203125,146.640625
1145,90,512.1435546875,241.8525390625
1146,95,513.3818359375,150.521484375
1147,90,512.986328125,242.76171875
1148,95,507.6142578125,149.376953125
1149,90,512.1904296875,242.396484375
1150,95,513.25,150.462890625
1151,90,543.916015625,256.90234375
1152,93,544.1435546875,170.67578125
1153,91,561.5205078125,210.2451171875
1154,93,562.849609375,180.1650390625
1155,91,569.056640625,212.609375
1156,93,568.400390625,181.04296875
1157,91,568.9951171875,211.0078125
1158,93,571.2177734375,181.6298828125
1159,91,574.8515625,213.2890625
1160,93,568.845703125,180.6630859375
1161,91,572.935546875,212.2998046875
1162,94,543.09765625,173.88671875
1163,91,536.06640625,219.73828125
1164,94,532.2900390625,169.279296875
1165,91,528.4716796875,216.2109375
1166,95,527.36328125,166.98046875
1167,90,520.9453125,241.2509765625
1168,95,522.9736328125,157.521484375
1169,90,516.9970703125,239.03125
1170,95,519.185546875,156.1220703125
1171,90,516.861328125,238.2998046875
1172,95,518.025390625,154.8681640625
1173,90,507.2119140625,233.12890625
1174,95,502.681640625,149.7431640625
1175,91,500.4130859375,230.6044921875
1176,96,499.94921875,156.8916015625
1177,91,496.822265625,257.787109375
1178,96,499.96875,158.625
1179,91,498.44921875,261.0625
1180,95,512.2939453125,166.4482421875
1181,90,528.9501953125,246.884765625
1182,94,544.5185546875,167.7099609375
1183,90,552.224609375,228.2998046875
1184,93,569.0400390625,176.220703125
1185,91,577.591796875,215.1669921875
1186,93,572.04296875,184.228515625
1187,91,571.4091796875,214.7080078125
1188,93,555.447265625,181.9912109375
1189,90,581.08203125,218.6279296875
1190,92,584.6982421875,179.6806640625
1191,91,584.9765625,200.123046875
1192,92,582.4580078125,189.3896484375
1193,92,582.75,199.6689453125
1194,92,580.1796875,199.150390625
1195,92,578.2685546875,198.4677734375
1196,92,575.275390625,198.193359375
1197,92,574.703125,197.42578125
1198,92,571.4140625,196.1865234375
1199,92,572.5029296875,196.7041015625
1200,92,569.4248046875,196.498046875
1201,90,589.7705078125,213.689453125
1202,91,599.8544921875,188.904296875
1203,91,594.3408203125,195.4150390625
1204,91,584.5380859375,193.65234375
1205,91,585.0400390625,194.8837890625
1206,96,427.091796875,132.650390625
1207,97,349.212890625,187.2353515625
1208,94,363.458984375,219.16796875
1209,99,386.3427734375,158.4365234375
1210,94,404.837890625,354.70703125
1211,97,424.724609375,173.1708984375
1212,92,434.017578125,260.193359375
1213,97,444.9716796875,145.7412109375
1214,92,454.4375,271.9345703125
1215,97,476.125,155.2021484375
1216,92,486.099609375,289.091796875
1217,95,547.130859375,176.763671875
1218,90,560.439453125,255.908203125
1219,95,539.3935546875,158.2880859375
1220,90,518.2109375,240.32421875
1221,95,555.681640625,161.203125
1222,90,566.6142578125,258.2021484375
1223,94,581.537109375,166.93359375
1224,90,573.2490234375,229.46484375
1225,94,592.787109375,168.9150390625
1226,89,596.7255859375,234.7041015625
1227,94,603.119140625,157.7255859375
1228,89,597.0849609375,236.8193359375
1229,94,607.9267578125,158.4873046875
1230,89,610.162109375,239.0546875
1231,94,615.396484375,160.6865234375
1232,89,609.322265625,240.58203125
1233,94,617.0712890625,160.474609375
1234,89,618.6083984375,242.2314453125
1235,93,625.1630859375,163.0234375
1236,90,618.4755859375,217.6396484375
1237,93,618.5859375,174.3251953125
1238,90,620.5087890625,216.69921875
1239,92,626.978515625,177.4462890625
1240,92,626.806640625,198.7783203125
1241,92,622.048828125,196.6806640625
1242,92,626.712890625,198.27734375
1243,92,627.8916015625,198.53125
1244,92,625.6064453125,198.6943359375
1245,91,631.6337890625,200.26171875
1246,92,641.087890625,191.75
1247,91,645.5634765625,203.287109375
1248,96,277.1748046875,89.0107421875
1249,100,277.1708984375,152.1162109375
1250,95,282.6005859375,288.8876953125
1251,100,287.75390625,139.1279296875
1252,95,294.1015625,301.076171875
1253,100,297.9599609375,143.1494140625
1254,95,304.625,312.068359375
1255,100,305.328125,145.87890625
1256,95,305.919921875,313.748046875
1257,100,309.408203125,147.1708984375
1258,95,311.615234375,319.6005859375
1259,100,313.1728515625,148.6318359375
1260,95,315.9052734375,323.9716796875
1261,100,317.455078125,149.9990234375
1262,95,317.3369140625,326.0654296875
1263,100,322.373046875,152.638671875
1264,95,323.9912109375,332.677734375
1265,100,327.45703125,155.05859375
1266,95,330.16796875,338.7919921875
1267,100,335.1181640625,157.9345703125
1268,95,338.669921875,347.7470703125
1269,100,339.4052734375,159.7529296875
1270,95,342.6083984375,351.734375
1271,100,334.5361328125,158.05078125
1272,95,328.279296875,337.0009765625
1273,100,329.9130859375,156.6015625
1274,95,331.6201171875,340.2958984375
1275,100,338.62109375,160.1787109375
1276,95,345.630859375,354.7587890625
1277,99,345.384765625,162.400390625
1278,94,346.1728515625,303.71875
1279,99,342.2470703125,139.9326171875
1280,94,345.4306640625,302.9814453125
1281,99,328.6552734375,134.53125
1282,94,308.2587890625,271.681640625
1283,99,301.408203125,124.1904296875
1284,94,306.2099609375,270.0908203125
1285,99,309.1982421875,126.7900390625
1286,94,319.185546875,281.2880859375
1287,99,316.3984375,129.9970703125
1288,94,322.146484375,283.2783203125
1289,99,321.71484375,132.47265625
1290,94,334.9794921875,294.2392578125
1291,99,338.3662109375,138.826171875
1292,94,338.09765625,297.3076171875
1293,99,331.9033203125,137.4013671875
1294,94,338.048828125,297.3466796875
1295,99,339.9775390625,139.990234375
1296,94,341.904296875,300.9228515625
1297,89,700.53515625,299.580078125
1298,87,700.6298828125,212.3720703125
1299,88,718.1943359375,189.2666015625
1300,88,709.6748046875,198.6474609375
1301,88,707.8154296875,199.939453125
1302,88,716.1767578125,199.375
1303,87,726.3056640625,202.1953125
1304,87,737.828125,193.30859375
1305,87,739.6533203125,194.4853515625
1306,88,737.8349609375,190.765625
1307,87,744.8095703125,205.802734375
1308,87,750.884765625,195.7880859375
1309,87,756.701171875,197.0859375
1310,88,745.453125,191.935546875
1311,87,748.572265625,205.8447265625
1312,87,754.98828125,195.857421875
1313,86,770.857421875,201.248046875
1314,86,760.68359375,192.51953125
1315,86,765.21875,194.181640625
1316,86,764.0712890625,194.2763671875
1317,86,775.30078125,196.966796875
1318,86,766.4580078125,193.9736328125
1319,86,766.197265625,194.16796875
1320,86,783.1142578125,197.9951171875
1321,86,723.142578125,193.7138671875
1322,87,736.85546875,190.0390625
1323,87,732.091796875,193.4775390625
1324,87,726.1943359375,192.49609375
1325,87,735.49609375,195.5732421875
1326,87,737.9697265625,194.427734375
1327,87,732.9169921875,192.7822265625
1328,92,265.466796875,67.79296875
1329,97,265.4765625,93.548828125
1330,100,270.2802734375,172.6279296875
1331,95,272.4716796875,278.6162109375
1332,100,281.87890625,140.3876953125
1333,95,261.73046875,269.4970703125
1334,100,264.5302734375,132.873046875
1335,95,264.033203125,271.7939453125
1336,100,259.7919921875,130.26171875
1337,95,262.3134765625,269.6083984375
1338,100,268.83203125,134.234375
1339,95,274.548828125,281.9599609375
1340,100,274.6884765625,136.5107421875
1341,95,276.02734375,283.44140625
1342,100,271.1748046875,135.560546875
1343,95,275.66015625,282.5166015625
1344,100,276.7607421875,137.361328125
1345,95,278.2490234375,285.3955078125
1346,100,268.298828125,133.3583984375
1347,95,263.1328125,270.8671875
1348,100,261.1396484375,130.5126953125
1349,95,260.92578125,268.6943359375
1350,100,266.3076171875,132.9736328125
1351,95,274.421875,282.060546875
1352,100,285.4560546875,142.2529296875
1353,95,290.697265625,298.0009765625
1354,100,292.5556640625,145.12890625
1355,95,294.400390625,301.9814453125
1356,90,651.7607421875,316.1728515625
1357,87,652.2734375,218.8330078125
1358,89,655.7119140625,179.2080078125
1359,89,647.771484375,194.0166015625
1360,89,652.5078125,196.615234375
1361,89,658.5830078125,197.0693359375
1362,89,663.8203125,199.1806640625
1363,88,670.9462890625,201.1953125
1364,88,675.9404296875,196.359375
1365,88,693.00390625,198.5712890625
1366,88,690.78515625,196.283203125
1367,88,694.845703125,197.251953125
1368,88,694.4208984375,197.2802734375
1369,88,694.7470703125,196.7939453125
1370,88,693.064453125,196.603515625
1371,88,692.41015625,197.3359375
1372,88,702.98046875,199.1806640625
1373,88,685.2353515625,194.4375
1374,88,681.1162109375,193.4013671875
1375,88,682.7216796875,194.25
1376,88,693.5048828125,196.94921875
1377,88,680.3408203125,193.1953125
1378,89,674.24609375,191.8134765625
1379,89,665.8388671875,196.3212890625
1380,89,660.5458984375,195.068359375
1381,94,465.900390625,128.126953125
1382,99,360.25,149.236328125
1383,94,295.2607421875,264.9677734375
1384,99,238.3232421875,103.4970703125
1385,94,651.28515625,559.8876953125
1386,89,651.404296875,253.583984375
1387,92,671.4697265625,171.7998046875
1388,88,720.34375,224.41015625
1389,93,647.1162109375,158.3828125
1390,89,662.9365234375,224.2763671875
1391,93,655.31640625,165.8037109375
1392,88,688.744140625,233.5126953125
1393,92,685.0400390625,168.3076171875
1394,90,694.06640625,214.736328125
1395,90,702.8505859375,194.607421875
1396,90,713.1728515625,198.595703125
1397,89,721.41796875,201.1259765625
1398,90,720.693359375,185.2744140625
1399,89,724.099609375,201.98046875
1400,91,714.828125,183.818359375
1401,88,730.37890625,218.3779296875
1402,90,728.517578125,182.552734375
1403,90,695.3125,193.90625
1404,91,675.3193359375,186.2626953125
1405,91,666.205078125,194.2705078125
1406,92,641.228515625,188.0302734375
1407,91,646.1435546875,200.7216796875
1408,90,679.6640625,200.474609375
1409,90,709.2236328125,197.5693359375
1410,89,725.9755859375,202.4697265625
1411,90,738.3330078125,189.861328125
1412,88,746.140625,208.2392578125
1413,89,750.060546875,186.7421875
1414,89,760.5341796875,196.7744140625
1415,89,764.400390625,198.6611328125
1416,88,780.447265625,204.3115234375
1417,87,788.8046875,200.453125
1418,88,794.6923828125,189.296875
1419,87,795.849609375,201.8544921875
1420,88,794.0849609375,189.3017578125
1421,87,797.673828125,202.693359375
1422,88,799.6396484375,190.9794921875
1423,87,804.9453125,204.658203125
1424,87,806.8251953125,194.138671875
1425,87,814.6591796875,196.5927734375
1426,87,808.787109375,197.583984375
1427,87,812.7216796875,195.5556640625
1428,87,802.69140625,192.8935546875
1429,87,813.609375,195.5947265625
1430,87,813.10546875,198.26171875
1431,87,816.3369140625,196.841796875
1432,87,819.0947265625,198.326171875
1433,86,830.06640625,201.7734375
1434,86,824.8359375,195.8173828125
1435,87,815.982421875,190.2744140625
1436,87,817.2412109375,195.818359375
1437,87,814.943359375,196.7548828125
1438,87,807.55078125,192.666015625
1439,87,811.9609375,194.56640625
1440,87,810.451171875,196.07421875
1441,86,803.0078125,205.265625
1442,86,798.8818359375,193.259765625
1443,87,784.8798828125,188.5068359375
1444,87,796.3896484375,198.5009765625
1445,87,789.26953125,197.619140625
1446,87,790.59765625,196.6259765625
1447,87,780.138671875,192.865234375
1448,87,796.8828125,197.978515625
1449,87,787.6416015625,196.6875
1450,87,798.4111328125,198.6123046875
1451,87,790.3056640625,196.3486328125
1452,86,807.169921875,201.96484375
1453,86,799.341796875,194.4326171875
1454,86,809.00390625,196.21484375
1455,86,799.2177734375,193.0888671875
1456,86,815.7509765625,198.662109375
1457,86,808.8544921875,197.2060546875
1458,86,816.7822265625,198.990234375
1459,86,812.69921875,198.1064453125
1460,91,569.43359375,147.333984375
1461,92,570.181640625,186.30859375
1462,91,603.4873046875,202.7734375
1463,91,612.4638671875,192.8876953125
1464,92,611.541015625,190.7900390625
1465,91,612.525390625,201.685546875
1466,92,598.3193359375,190.4013671875
1467,91,622.9443359375,202.7705078125
1468,91,623.5615234375,192.60546875
1469,91,629.25390625,195.7783203125
1470,91,614.302734375,193.505859375
1471,91,648.5244140625,197.2509765625
1472,91,643.6337890625,199.0771484375
1473,90,665.2744140625,201.9921875
1474,91,672.884765625,191.21875
1475,91,670.224609375,199.0849609375
1476,91,678.3154296875,198.7119140625
1477,91,675.66015625,197.8955078125
1478,91,663.96484375,195.5185546875
1479,91,677.998046875,197.4013671875
1480,91,665.4169921875,195.275390625
1481,91,659.767578125,192.5849609375
1482,91,644.5888671875,192.7919921875
1483,91,662.77734375,196.9208984375
1484,91,664.8603515625,198.302734375
1485,91,661.9033203125,199.4248046875
1486,91,636.9892578125,194.828125
1487,91,651.71484375,196.8212890625
1488,91,648.1767578125,195.384765625
1489,91,644.3310546875,196.125
1490,91,625.259765625,192.7099609375
1491,91,642.689453125,194.955078125
1492,91,640.7412109375,194.390625
1493,91,642.982421875,196.3359375
1494,91,622.2548828125,192.6220703125
1495,91,640.6240234375,194.9345703125
1496,91,641.740234375,194.591796875
1497,91,644.3095703125,196.5400390625
1498,91,634.365234375,194.3359375
1499,91,641.7783203125,194.2177734375
1500,91,641.73828125,194.1044921875
1501,91,647.59375,197.6318359375
1502,91,630.2783203125,194.6171875
1503,90,674.6259765625,204.81640625
1504,90,679.8369140625,195.59375
1505,90,671.9462890625,195.3203125
1506,90,677.189453125,194.943359375
1507,91,648.634765625,185.38671875
1508,93,591.0302734375,177.38671875
1509,93,564.34375,196.9892578125
1510,93,554.412109375,193.2841796875
1511,93,564.177734375,197.189453125
1512,93,554.4482421875,192.8828125
1513,93,559.1826171875,196.244140625
1514,91,609.1328125,213.2275390625
1515,91,638.359375,194.2666015625
1516,91,638.65625,195.9951171875
1517,92,601.5849609375,188.7353515625
1518,89,678.6171875,219.05859375
1519,90,697.8466796875,189.083984375
1520,89,698.806640625,205.4580078125
1521,90,679.1689453125,187.9775390625
1522,89,695.3212890625,205.0107421875
1523,90,704.7216796875,191.798828125
1524,85,949.7158203125,296.8759765625
1525,80,952.6015625,238.326171875
1526,80,961.0380859375,197.9228515625
1527,80,943.80859375,193.2216796875
1528,81,937.1279296875,191.3857421875
1529,81,948.9560546875,199.529296875
1530,81,944.6953125,196.4990234375
1531,80,971.125,204.951171875
1532,80,962.1728515625,196.5126953125
1533,79,1000.3388671875,201.7529296875
1534,79,995.78125,193.4150390625
1535,78,1027.1669921875,201.400390625
1536,77,1018.189453125,201.0166015625
1537,77,1039.787109375,192.8173828125
1538,78,1018.251953125,187.4013671875
1539,77,1048.7978515625,200.2744140625
1540,77,1035.3544921875,195.638671875
1541,78,1036.6171875,190.7314453125
1542,79,1004.458984375,189.01953125
1543,79,1027.171875,198.5068359375
1544,79,1013.5849609375,199.1279296875
1545,79,1017.552734375,196.4287109375
1546,80,993.4609375,189.3310546875
1547,79,1014.3642578125,201.931640625
1548,79,997.7705078125,194.0966796875
1549,79,997.939453125,193.0654296875
1550,80,979.4423828125,186.91796875
1551,79,1005.509765625,201.05859375
1552,79,1005.0224609375,194.5205078125
1553,79,1015.20703125,194.365234375
1554,80,999.3466796875,189.326171875
1555,79,1025.71484375,203.1845703125
1556,79,1008.4423828125,195.46484375
1557,79,1013.18359375,195.6484375
1558,80,996.005859375,189.552734375
1559,79,1018.90234375,203.185546875
1560,79,1011.15625,195.720703125
1561,78,995.3369140625,207.1806640625
1562,78,1011.1650390625,197.85546875
1563,79,966.6328125,184.916015625
1564,79,985.0234375,194.2548828125
1565,80,971.27734375,191.5615234375
1566,80,970.4306640625,196.474609375
1567,81,951.259765625,189.197265625
1568,80,968.3740234375,202.5888671875
1569,81,956.3173828125,191.9140625
1570,80,973.61328125,203.3349609375
1571,80,977.9892578125,196.771484375
1572,80,979.251953125,197.171875
1573,85,586.349609375,122.9736328125
1574,90,586.716796875,145.2490234375
1575,90,637.4892578125,194.8359375
1576,90,650.7470703125,194.748046875
1577,90,657.0322265625,196.208984375
1578,90,657.025390625,197.0478515625
1579,90,640.025390625,193.9130859375
1580,90,660.4619140625,195.865234375
1581,90,661.6875,195.5576171875
1582,90,663.015625,196.033203125
1583,90,647.6181640625,194.5634765625
1584,90,665.1513671875,195.943359375
1585,91,654.150390625,191.8427734375
1586,90,656.162109375,204.69140625
1587,91,630.7060546875,190.0703125
1588,89,672.4931640625,208.2421875
1589,90,681.3447265625,187.0546875
1590,89,685.9033203125,203.228515625
1591,90,664.486328125,185.8583984375
1592,89,680.2509765625,201.6171875
1593,90,684.431640625,188.4296875
1594,89,683.84765625,203.55078125
1595,90,676.9560546875,188.4267578125
1596,89,685.44921875,202.7666015625
1597,90,683.2333984375,187.0146484375
1598,89,681.94921875,200.6328125
1599,90,675.072265625,186.4814453125
1600,89,684.609375,201.212890625
1601,90,684.9638671875,186.1181640625
1602,89,697.9912109375,202.685546875
1603,91,679.857421875,182.3525390625
1604,91,654.177734375,199.6123046875
1605,91,656.0,199.7060546875
1606,90,658.9521484375,200.3203125
1607,91,659.35546875,189.720703125
1608,90,668.1357421875,203.4560546875
1609,90,673.12890625,193.0546875
1610,90,674.578125,195.4423828125
1611,91,660.443359375,191.4521484375
1612,92,608.63671875,187.08203125
1613,93,574.294921875,184.890625
1614,92,577.4033203125,202.615234375
1615,94,583.99609375,184.482421875
1616,90,572.5927734375,224.8388671875
1617,95,560.7802734375,159.16796875
1618,90,535.552734375,240.4765625
1619,95,547.06640625,157.087890625
1620,90,578.3447265625,257.2216796875
1621,85,788.65234375,250.453125
1622,85,789.1103515625,196.2724609375
1623,85,789.7529296875,196.19140625
1624,85,789.7177734375,195.8857421875
1625,85,792.583984375,196.396484375
1626,85,792.50390625,196.150390625
1627,85,792.8291015625,195.8486328125
1628,85,791.3232421875,195.0
1629,85,789.572265625,194.4345703125
1630,85,788.041015625,193.51171875
1631,85,788.3662109375,193.7236328125
1632,85,788.8330078125,193.83203125
1633,85,786.6044921875,193.4638671875
1634,85,789.419921875,193.66015625
1635,85,790.359375,193.9462890625
1636,85,790.76953125,194.2509765625
1637,85,787.5859375,193.55078125
1638,85,789.392578125,193.708984375
1639,85,788.5517578125,193.55859375
1640,85,790.833984375,193.9677734375
1641,85,788.5615234375,193.6669921875
1642,85,789.9755859375,193.744140625
1643,85,790.8125,193.8583984375
1644,85,793.03515625,194.611328125
1645,85,790.357421875,194.2958984375
1646,85,791.158203125,193.8828125
1647,85,791.0185546875,193.8603515625
1648,85,791.5810546875,194.3623046875
1649,85,792.125,194.4638671875
1650,85,791.9189453125,194.0693359375
1651,85,792.4873046875,194.236328125
1652,85,794.1396484375,194.6591796875
1653,85,794.314453125,194.7412109375
1654,85,792.4169921875,194.23828125
1655,85,792.7490234375,194.3857421875
1656,85,794.1181640625,194.6494140625
1657,85,794.8076171875,194.666015625
1658,85,792.8828125,194.259765625
1659,85,791.0166015625,193.619140625
1660,85,789.8251953125,193.078125
1661,85,789.3740234375,193.2216796875
1662,85,788.71484375,192.666015625
1663,86,786.380859375,192.005859375
1664,85,785.865234375,201.826171875
1665,86,780.5791015625,191.1474609375
1666,85,785.1474609375,201.4404296875
1667,86,783.1201171875,190.955078125
1668,85,781.2060546875,200.0263671875
1669,86,779.0380859375,189.50390625
1670,86,778.875,199.1015625
1671,86,782.1083984375,199.2802734375
1672,85,785.751953125,200.7568359375
1673,86,786.2275390625,191.306640625
1674,85,778.619140625,200.1357421875
1675,86,784.7802734375,191.12890625
1676,85,785.802734375,201.03125
1677,86,788.0234375,191.185546875
1678,86,781.279296875,199.984375
1679,86,781.0849609375,198.998046875
1680,86,776.43359375,198.2978515625
1681,82,926.12890625,230.9150390625
1682,82,928.2841796875,193.521484375
1683,82,928.1201171875,193.4794921875
1684,82,931.392578125,194.5654296875
1685,82,934.107421875,195.5
1686,82,931.1201171875,194.8515625
1687,82,932.4921875,194.73046875
1688,82,931.7255859375,194.671875
1689,82,933.4296875,195.171875
1690,82,933.3935546875,195.4296875
1691,82,931.9970703125,195.0693359375
1692,82,932.6142578125,194.974609375
1693,82,933.69140625,195.302734375
1694,82,933.3232421875,195.4443359375
1695,82,931.9072265625,195.25
1696,82,930.890625,194.939453125
1697,82,932.3662109375,195.4111328125
1698,82,933.416015625,195.8642578125
1699,82,932.53515625,195.7021484375
1700,82,931.8193359375,195.5732421875
1701,82,932.6572265625,195.720703125
1702,82,932.5810546875,195.8466796875
1703,82,933.9599609375,196.23046875
1704,82,934.0654296875,196.16015625
1705,87,603.787109375,132.2607421875
1706,92,604.017578125,160.5380859375
1707,90,645.78125,214.5908203125
1708,91,645.6005859375,191.244140625
1709,90,642.046875,202.66796875
1710,91,644.318359375,191.54296875
1711,91,635.59765625,197.9033203125
1712,91,633.6259765625,195.998046875
1713,91,630.6005859375,192.77734375
1714,92,616.91796875,187.1220703125
1715,92,607.4248046875,193.6767578125
1716,94,573.919921875,184.3818359375
1717,91,546.3701171875,218.3876953125
1718,96,512.5234375,156.494140625
1719,91,490.68359375,258.3603515625
1720,96,483.580078125,147.876953125
1721,91,497.8916015625,261.8662109375
1722,96,505.533203125,156.9443359375
1723,91,518.224609375,272.4912109375
1724,95,532.9189453125,165.560546875
