2992,35,1360.296875,159.4189453125
2993,37,1360.8271484375,177.3720703125
2994,39,1361.5615234375,183.2421875
2995,40,1362.837890625,190.7734375
2996,40,1363.025390625,192.419921875
2997,40,1363.3193359375,192.4443359375
2998,40,1363.5927734375,192.4521484375
2999,40,1362.79296875,192.2822265625
3000,40,1362.6591796875,192.333984375
3001,40,1363.13671875,192.3525390625
3002,40,1363.169921875,192.34765625
3003,40,1363.3203125,192.373046875
3004,40,1363.4130859375,192.3525390625
3005,40,1363.22265625,192.3408203125
3006,40,1363.1748046875,192.30078125
3007,40,1363.46875,192.333984375
3008,40,1363.560546875,192.4482421875
3009,41,1359.9638671875,192.0732421875
3010,41,1358.416015625,196.912109375
3011,41,1359.869140625,197.0673828125
3012,41,1358.9716796875,197.0107421875
3013,41,1359.259765625,196.9560546875
3014,41,1359.888671875,196.9970703125
3015,41,1359.9033203125,196.984375
3016,41,1359.796875,197.060546875
3017,41,1359.78515625,197.0625
3018,41,1359.9072265625,197.09765625
3019,41,1359.662109375,197.0224609375
3020,41,1359.5029296875,197.0322265625
3021,41,1359.6298828125,197.00390625
3022,41,1359.5341796875,196.9853515625
3023,41,1359.3271484375,197.1123046875
3024,41,1359.4111328125,197.0654296875
3025,41,1358.53125,196.865234375
3026,41,1358.609375,196.7421875
3027,41,1358.5244140625,196.76953125
3028,41,1358.5595703125,196.701171875
3029,41,1358.240234375,196.685546875
3030,41,1358.2255859375,196.658203125
3031,41,1357.912109375,196.68359375
3032,41,1357.5712890625,196.5791015625
3033,41,1357.544921875,196.5537109375
3034,41,1357.3671875,196.513671875
3035,41,1357.3173828125,196.5263671875
3036,41,1357.072265625,196.474609375
3037,41,1356.8603515625,196.4638671875
3038,41,1356.7548828125,196.4091796875
3039,41,1356.5126953125,196.3740234375
3040,41,1356.4140625,196.40625
3041,41,1320.23828125,195.6611328125
3042,41,1320.5283203125,195.6015625
3043,41,1320.6982421875,195.607421875
3044,41,1320.931640625,195.6875
3045,41,1320.8505859375,195.6611328125
3046,41,1320.759765625,195.6494140625
3047,41,1320.703125,195.5986328125
3048,41,1320.83203125,195.595703125
3049,41,1321.0498046875,195.548828125
3050,41,1321.234375,195.708984375
3051,41,1321.28125,195.6748046875
3052,41,1321.771484375,195.6904296875
3053,41,1321.90625,195.7666015625
3054,41,1322.0341796875,195.794921875
3055,41,1322.646484375,195.853515625
3056,41,1323.080078125,195.8369140625
3057,41,1326.306640625,195.8779296875
3058,41,1327.3271484375,195.9482421875
3059,41,1327.529296875,195.8828125
3060,41,1327.7431640625,195.9453125
3061,41,1327.55859375,195.990234375
3062,41,1327.78515625,195.9404296875
3063,41,1327.6728515625,195.953125
3064,41,1327.6748046875,195.8974609375
3065,41,1327.4765625,195.9072265625
3066,41,1327.39453125,195.900390625
3067,41,1327.5986328125,195.91015625
3068,41,1327.849609375,195.9599609375
3069,41,1328.4130859375,196.0439453125
3070,41,1329.0966796875,196.0341796875
3071,41,1331.462890625,196.259765625
3072,41,1333.2177734375,196.470703125
3073,41,1337.541015625,195.5576171875
3074,41,1339.0244140625,195.443359375
3075,41,1340.048828125,195.416015625
3076,41,1340.4892578125,195.33203125
3077,41,1340.4658203125,195.3896484375
3078,41,1340.5478515625,195.3232421875
3079,41,1340.560546875,195.2568359375
3080,41,1340.2802734375,195.220703125
3081,41,1339.951171875,195.21484375
3082,41,1339.9443359375,195.1884765625
3083,41,1339.9111328125,195.2109375
3084,41,1339.982421875,195.1513671875
3085,41,1339.763671875,195.1787109375
3086,41,1339.7451171875,195.1611328125
3087,41,1339.4775390625,195.14453125
3088,41,1339.359375,195.1240234375
3089,41,1338.9853515625,194.759765625
3090,41,1339.3828125,194.80078125
3091,41,1340.2978515625,194.79296875
3092,41,1340.56640625,194.9111328125
3093,41,1340.6630859375,194.92578125
3094,41,1340.9833984375,194.91796875
3095,41,1341.0908203125,194.955078125
3096,41,1341.29296875,195.0341796875
3097,41,1341.5498046875,195.0087890625
3098,41,1342.185546875,195.1396484375
3099,41,1342.2919921875,195.2236328125
3100,41,1342.82421875,195.4306640625
3101,41,1343.3984375,195.505859375
3102,41,1343.712890625,195.6318359375
3103,41,1344.3623046875,195.7373046875
3104,41,1344.3798828125,195.677734375
3105,41,1346.296875,195.4541015625
3106,41,1347.2900390625,195.48046875
3107,41,1348.5009765625,195.458984375
3108,41,1348.84765625,195.46875
3109,41,1349.0048828125,195.4208984375
3110,41,1349.1982421875,195.4892578125
3111,41,1349.1943359375,195.4443359375
3112,41,1349.037109375,195.384765625
3113,41,1348.9580078125,195.3642578125
3114,41,1348.8486328125,195.3017578125
3115,41,1348.8876953125,195.3642578125
3116,41,1349.330078125,195.44921875
3117,41,1349.5048828125,195.58203125
3118,41,1349.759765625,195.6455078125
3119,41,1350.208984375,195.7392578125
3120,41,1350.7080078125,195.87890625
3121,41,1352.7138671875,195.84765625
3122,41,1353.4169921875,195.853515625
3123,41,1353.8642578125,195.9169921875
3124,41,1354.0439453125,195.9375
3125,41,1353.6083984375,195.890625
3126,41,1353.4267578125,195.8759765625
3127,41,1353.2783203125,195.83203125
3128,41,1353.15625,195.7373046875
3129,41,1353.1513671875,195.669921875
3130,41,1352.814453125,195.7431640625
3131,41,1352.9580078125,195.69921875
3132,41,1353.392578125,195.8583984375
3133,41,1353.4794921875,195.98046875
3134,41,1353.81640625,196.1689453125
3135,41,1353.9921875,196.158203125
3136,41,1354.4365234375,196.330078125
3137,41,1354.896484375,196.1015625
3138,41,1355.2890625,196.1328125
3139,41,1355.982421875,196.1494140625
3140,41,1356.40625,196.1494140625
3141,41,1356.447265625,196.3076171875
3142,41,1356.5966796875,196.2734375
3143,41,1356.421875,196.275390625
3144,41,1356.51171875,196.259765625
3145,41,1356.478515625,196.087890625
3146,41,1356.568359375,196.1103515625
3147,41,1356.60546875,196.064453125
3148,41,1356.443359375,196.107421875
3149,41,1356.443359375,196.154296875
3150,41,1356.4453125,196.1513671875
3151,41,1356.5517578125,196.09765625
3152,41,1356.7255859375,196.1025390625
3153,41,1356.1826171875,196.095703125
3154,41,1355.94140625,196.0400390625
3155,41,1356.427734375,196.154296875
3156,41,1357.259765625,196.2158203125
3157,41,1357.4775390625,196.3388671875
3158,41,1357.7822265625,196.44921875
3159,41,1358.154296875,196.48046875
3160,41,1357.9501953125,196.6533203125
3161,41,1358.2861328125,196.7216796875
3162,41,1358.3896484375,196.8056640625
3163,41,1358.412109375,196.8525390625
3164,41,1358.6953125,196.873046875
3165,41,1358.8701171875,196.9794921875
3166,41,1359.04296875,196.9296875
3167,41,1359.248046875,197.0615234375
3168,41,1359.162109375,197.0458984375
3169,41,1358.703125,196.859375
3170,41,1359.5361328125,196.90625
3171,41,1359.837890625,196.923828125
3172,41,1360.2822265625,196.9248046875
3173,41,1360.220703125,196.8720703125
3174,41,1360.1572265625,196.8564453125
3175,41,1360.4189453125,196.923828125
3176,41,1360.484375,196.8916015625
3177,41,1360.4111328125,196.91796875
3178,41,1360.59375,197.0400390625
3179,41,1360.384765625,197.0322265625
3180,41,1360.375,197.009765625
3181,41,1360.5390625,197.0859375
3182,41,1360.560546875,197.13671875
3183,41,1360.2666015625,197.2177734375
3184,41,1360.40625,197.18359375
3185,41,1359.6298828125,197.0908203125
3186,41,1358.5849609375,197.076171875
3187,41,1358.6279296875,197.1240234375
3188,41,1358.552734375,197.1181640625
3189,41,1358.216796875,197.12109375
3190,41,1358.2021484375,197.068359375
3191,41,1358.263671875,197.0791015625
3192,41,1358.1455078125,197.0419921875
3193,41,1358.0029296875,196.9765625
3194,41,1357.6806640625,196.8837890625
3195,41,1357.1728515625,196.822265625
3196,41,1356.9677734375,196.806640625
3197,41,1356.8515625,196.8154296875
3198,41,1356.5732421875,196.7451171875
3199,41,1356.2255859375,196.68359375
3200,41,1355.728515625,196.6572265625
3201,41,1304.7958984375,194.224609375
3202,41,1305.228515625,194.193359375
3203,41,1305.48046875,194.17578125
3204,41,1305.6015625,194.17578125
3205,41,1305.7490234375,194.17578125
3206,41,1306.1845703125,194.2392578125
3207,41,1306.2138671875,194.244140625
3208,41,1306.552734375,194.2724609375
3209,41,1306.77734375,194.3056640625
3210,41,1307.0595703125,194.3994140625
3211,41,1307.3193359375,194.3857421875
3212,41,1307.5146484375,194.3974609375
3213,41,1307.626953125,194.4306640625
3214,41,1307.9111328125,194.4189453125
3215,41,1308.3232421875,194.5859375
3216,41,1310.3701171875,194.841796875
3217,41,1317.6611328125,194.7119140625
3218,41,1319.291015625,194.7265625
3219,41,1320.7548828125,194.7021484375
3220,41,1321.3837890625,194.7783203125
3221,41,1321.5234375,194.8134765625
3222,41,1321.9609375,194.8505859375
3223,41,1322.279296875,194.8388671875
3224,41,1322.236328125,194.8134765625
3225,41,1321.9755859375,194.7451171875
3226,41,1322.083984375,194.7958984375
3227,41,1321.8662109375,194.705078125
3228,41,1321.912109375,194.7392578125
3229,41,1321.7724609375,194.712890625
3230,41,1321.7802734375,194.61328125
3231,41,1323.4306640625,194.7578125
3232,41,1324.30078125,194.947265625
3233,41,1325.6396484375,194.84765625
3234,41,1327.05859375,194.8271484375
3235,41,1328.802734375,194.9912109375
3236,41,1329.509765625,195.0595703125
3237,41,1330.4072265625,195.13671875
3238,41,1330.982421875,195.2744140625
3239,41,1331.75390625,195.4384765625
3240,41,1332.123046875,195.5341796875
3241,41,1332.677734375,195.54296875
3242,41,1332.708984375,195.6396484375
3243,41,1333.1552734375,195.673828125
3244,41,1333.69921875,195.814453125
3245,41,1334.345703125,195.822265625
3246,41,1334.5869140625,195.923828125
3247,41,1334.9345703125,196.0087890625
3248,41,1335.6962890625,196.111328125
3249,41,1337.3173828125,196.2509765625
3250,41,1338.6337890625,196.310546875
3251,41,1339.9619140625,196.4482421875
3252,41,1340.751953125,196.4814453125
3253,41,1341.447265625,196.5654296875
3254,41,1341.76171875,196.552734375
3255,41,1341.8681640625,196.6240234375
3256,41,1342.310546875,196.578125
3257,41,1342.6669921875,196.7451171875
3258,41,1343.0185546875,196.779296875
3259,41,1343.568359375,196.888671875
3260,41,1343.927734375,196.9794921875
3261,41,1345.03125,197.17578125
3262,41,1345.578125,197.17578125
3263,41,1346.5673828125,197.412109375
3264,41,1346.9208984375,197.498046875
3265,41,1348.2353515625,197.55859375
3266,41,1350.0546875,197.6689453125
3267,41,1351.357421875,197.76171875
3268,41,1352.4951171875,197.8076171875
3269,41,1352.763671875,197.8154296875
3270,41,1353.2431640625,197.91796875
3271,41,1353.4287109375,197.9287109375
3272,41,1353.8955078125,197.9228515625
3273,41,1354.2080078125,197.8681640625
3274,41,1353.951171875,197.76953125
3275,41,1354.2294921875,197.94921875
3276,41,1354.3837890625,198.037109375
3277,41,1354.76953125,198.0419921875
3278,41,1355.1396484375,198.0185546875
3279,41,1355.625,198.1640625
3280,41,1355.9267578125,198.220703125
1752,46,452.0341796875,39.095703125
1753,51,452.7578125,42.0166015625
1754,56,453.3330078125,44.0908203125
1755,61,453.8349609375,47.267578125
1756,66,444.486328125,51.302734375
1757,71,456.8017578125,56.0087890625
1758,76,460.9150390625,62.828125
1759,81,464.9521484375,70.685546875
1760,86,459.9248046875,83.9443359375
1761,91,460.76171875,104.7060546875
1762,96,462.0400390625,138.29296875
1763,91,461.1171875,242.7734375
1764,96,459.3544921875,138.1474609375
1765,91,464.9345703125,243.85546875
1766,96,464.0224609375,137.810546875
1767,91,464.1103515625,243.7294921875
1768,96,456.98046875,137.46875
1769,91,455.0947265625,240.578125
1770,96,453.2490234375,137.2900390625
1771,92,420.478515625,225.4248046875
1772,97,413.2744140625,136.697265625
1773,92,416.0263671875,253.1171875
1774,97,411.0859375,136.3291015625
1775,92,405.169921875,247.439453125
1776,97,402.8251953125,132.7373046875
1777,92,404.4765625,244.892578125
1778,97,399.9462890625,131.193359375
1779,92,378.74609375,231.0244140625
1780,97,357.6669921875,115.24609375
1781,96,340.603515625,207.4736328125
1782,99,310.7509765625,170.861328125
1783,94,315.0615234375,282.0322265625
1784,99,322.93359375,133.865234375
1785,94,334.98046875,298.625
1786,99,343.6669921875,142.2587890625
1787,94,342.5068359375,305.6005859375
1788,99,342.314453125,141.9873046875
1789,94,335.0546875,302.19140625
1790,99,373.0009765625,151.96484375
1791,94,391.265625,350.8916015625
1792,98,398.8974609375,163.890625
1793,93,407.4306640625,284.33984375
1794,97,455.880859375,167.1083984375
1795,92,463.7236328125,284.158203125
1796,97,461.322265625,154.943359375
1797,92,444.9013671875,278.6376953125
1798,97,468.7724609375,156.0419921875
1799,92,484.857421875,298.0673828125
1800,97,482.916015625,160.0615234375
1801,92,445.8046875,272.1884765625
1802,97,452.8212890625,151.62109375
1803,92,462.525390625,280.7041015625
1804,97,460.603515625,153.125
1805,92,460.3115234375,279.9052734375
1806,97,459.658203125,152.8515625
1807,92,457.728515625,278.984375
1808,97,456.828125,152.146484375
1809,92,457.5361328125,278.744140625
1810,97,459.5498046875,152.4072265625
1811,92,457.1826171875,278.4833984375
1812,97,452.9443359375,150.0
1813,92,444.1708984375,271.6962890625
1814,97,437.84375,145.880859375
1815,92,437.69921875,268.67578125
1816,97,437.14453125,145.6044921875
1817,92,436.845703125,268.185546875
1818,97,436.44921875,145.484375
1819,92,436.6923828125,268.064453125
1820,97,436.7177734375,145.4697265625
1821,92,658.841796875,395.3310546875
1822,88,659.0615234375,229.48828125
1823,88,728.7216796875,197.2333984375
1824,89,714.9013671875,189.2109375
1825,89,708.109375,197.30078125
1826,90,706.62109375,191.650390625
1827,88,704.18359375,208.6142578125
1828,89,710.734375,185.361328125
1829,89,714.8369140625,195.2861328125
1830,89,719.9638671875,194.765625
1831,89,723.822265625,196.208984375
1832,89,729.779296875,199.99609375
1833,89,717.7197265625,199.8017578125
1834,89,728.0654296875,198.66796875
1835,89,719.7158203125,199.4248046875
1836,88,740.982421875,202.0302734375
1837,89,723.2001953125,189.015625
1838,89,731.4755859375,199.00390625
1839,89,708.25,196.470703125
1840,89,727.9951171875,197.9111328125
1841,89,729.7060546875,198.6240234375
1842,89,728.2880859375,199.662109375
1843,89,696.2685546875,194.521484375
1844,89,729.0341796875,198.3134765625
1845,88,719.13671875,200.00390625
1846,89,736.111328125,192.1669921875
1847,89,729.4404296875,199.0517578125
1848,89,737.6767578125,198.111328125
1849,89,728.1474609375,198.7412109375
1850,89,736.326171875,198.216796875
1851,89,734.765625,198.1806640625
1852,89,739.564453125,199.6787109375
1853,89,727.8427734375,198.5322265625
1854,89,742.484375,199.1171875
1855,89,734.220703125,197.4873046875
1856,89,738.8974609375,196.97265625
1857,89,712.291015625,193.4267578125
1858,89,728.7763671875,195.068359375
1859,89,737.6005859375,198.9248046875
1860,88,747.8291015625,202.984375
1861,88,738.5517578125,194.3857421875
1862,87,777.1123046875,201.8291015625
1863,87,792.990234375,194.052734375
1864,87,794.47265625,195.5107421875
1865,87,781.7431640625,194.6611328125
1866,87,784.6708984375,194.412109375
1867,87,784.6396484375,193.796875
1868,87,782.240234375,192.9658203125
1869,87,786.9091796875,193.5986328125
1870,88,775.017578125,189.830078125
1871,87,776.3505859375,203.07421875
1872,89,758.80078125,184.35546875
1873,89,741.3212890625,197.6318359375
1874,88,755.3359375,202.5927734375
1875,88,733.5224609375,193.0537109375
1876,89,747.5107421875,191.634765625
1877,89,732.2197265625,198.1181640625
1878,89,734.900390625,195.8486328125
1879,89,723.763671875,192.7431640625
1880,90,715.2763671875,189.9775390625
1881,89,723.3515625,203.59375
1882,90,718.6953125,190.8984375
1883,88,735.400390625,208.923828125
1884,89,728.6171875,186.7998046875
1885,89,739.3115234375,196.5302734375
1886,89,748.564453125,199.9140625
1887,88,757.90625,203.08984375
1888,88,757.580078125,193.1298828125
1889,89,741.513671875,188.3779296875
1890,90,724.8544921875,191.314453125
1891,89,713.8603515625,203.5400390625
1892,91,701.5654296875,183.6533203125
1893,89,683.875,208.2998046875
1894,90,701.6787109375,185.546875
1895,89,694.751953125,201.326171875
1896,91,695.7021484375,183.44921875
1897,89,690.93359375,210.4873046875
1898,91,700.0576171875,184.22265625
1899,89,691.1591796875,210.6767578125
1900,90,704.4599609375,185.5400390625
1901,89,704.10546875,201.78515625
1902,90,710.7392578125,185.15625
1903,89,708.5166015625,201.859375
1904,90,720.42578125,188.2587890625
1905,89,716.6904296875,204.3369140625
1906,90,725.322265625,189.42578125
1907,89,713.3740234375,203.482421875
1908,90,712.890625,185.603515625
1909,89,703.7451171875,200.625
1910,90,713.8427734375,185.7158203125
1911,89,705.35546875,201.25390625
1912,90,717.08203125,185.99609375
1913,89,711.7177734375,200.763671875
1914,91,711.7646484375,184.5166015625
1915,89,713.3779296875,213.0712890625
1916,90,722.4580078125,187.796875
1917,89,725.072265625,205.6318359375
1918,90,728.33203125,189.1611328125
1919,89,724.1982421875,202.8818359375
1920,90,715.1708984375,186.173828125
1921,89,694.314453125,205.2900390625
1922,90,741.119140625,190.138671875
1923,88,745.7451171875,209.1298828125
1924,90,737.2001953125,182.2783203125
1925,89,739.802734375,207.6044921875
1926,90,736.4892578125,188.828125
1927,89,738.4267578125,207.1708984375
1928,90,746.1767578125,192.1298828125
1929,89,744.0185546875,207.0146484375
1930,89,760.4072265625,198.7099609375
1931,89,745.7421875,196.2802734375
1932,88,771.9609375,202.3212890625
1933,88,782.5859375,197.41015625
1934,87,791.2041015625,200.0859375
1935,88,778.642578125,188.1650390625
1936,87,792.4482421875,201.0693359375
1937,88,783.2890625,186.1787109375
1938,88,773.533203125,195.8759765625
1939,88,771.0,194.5126953125
1940,88,769.0126953125,193.50390625
1941,89,764.611328125,192.1552734375
1942,89,754.50390625,196.119140625
1943,89,744.185546875,192.9423828125
1944,89,741.03125,193.8681640625
1945,89,736.7880859375,192.58984375
1946,89,738.5263671875,192.759765625
1947,91,682.4462890625,178.2666015625
1948,95,537.33984375,161.7802734375
1949,90,501.1396484375,232.9443359375
1950,95,512.5947265625,147.5048828125
1951,90,520.8486328125,242.787109375
1952,95,538.6357421875,159.048828125
1953,90,565.3984375,259.056640625
1954,94,578.3828125,168.2177734375
1955,89,601.890625,237.650390625
1956,93,629.2802734375,167.4609375
1957,88,656.220703125,233.3037109375
1958,90,694.888671875,177.60546875
1959,89,695.3974609375,200.7607421875
1960,90,699.2373046875,188.2353515625
1961,90,671.1015625,198.2646484375
1962,87,754.5166015625,220.1201171875
1963,88,744.673828125,185.90625
1964,88,760.8857421875,197.1630859375
1965,88,759.1064453125,197.408203125
1966,89,739.1767578125,188.619140625
1967,89,740.4345703125,199.6083984375
1968,89,748.69140625,199.22265625
1969,88,752.65625,201.19140625
1970,88,757.5595703125,195.7099609375
1971,88,739.9599609375,193.8681640625
1972,88,752.345703125,193.6357421875
1973,88,753.5908203125,193.4150390625
1974,88,757.7197265625,194.5361328125
1975,88,745.7998046875,193.8564453125
1976,89,743.671875,189.8544921875
1977,89,744.830078125,196.5791015625
1978,89,745.8330078125,197.1220703125
1979,89,734.01953125,197.0771484375
1980,89,744.7841796875,196.3720703125
1981,89,739.251953125,194.072265625
1982,89,745.2177734375,196.1357421875
1983,89,746.876953125,198.76953125
1984,89,754.861328125,198.0380859375
1985,89,756.712890625,198.884765625
1986,88,776.66796875,204.8623046875
1987,88,765.6005859375,197.9775390625
1988,88,776.1201171875,197.7412109375
1989,88,775.2060546875,196.759765625
1990,88,768.2763671875,196.15234375
1991,89,755.6904296875,190.82421875
1992,88,757.3671875,201.96484375
1993,89,746.7919921875,188.8359375
1994,88,761.03515625,201.400390625
1995,89,754.779296875,189.8154296875
1996,89,759.8212890625,199.3447265625
1997,88,757.31640625,200.9267578125
1998,88,768.052734375,194.2744140625
1999,88,774.923828125,196.927734375
2000,87,787.1611328125,200.751953125
2001,88,776.97265625,188.1181640625
2002,88,774.50390625,197.3447265625
2003,88,758.1669921875,192.755859375
2004,89,753.49609375,191.091796875
2005,88,748.3564453125,200.158203125
2006,89,748.3671875,190.8583984375
2007,89,749.6025390625,196.97265625
2008,89,740.107421875,194.2529296875
2009,90,718.47265625,188.0087890625
2010,88,736.7529296875,208.4677734375
2011,89,731.5791015625,186.3291015625
2012,90,726.677734375,190.873046875
2013,89,715.470703125,204.650390625
2014,90,718.5751953125,189.87109375
2015,89,701.93359375,202.857421875
2016,90,694.8759765625,186.4248046875
2017,88,723.689453125,210.4375
2018,88,746.5244140625,196.287109375
2019,88,731.8603515625,194.73828125
2020,87,785.7392578125,205.43359375
2021,87,804.6220703125,197.0927734375
2022,86,816.5751953125,201.119140625
2023,86,801.80859375,193.62890625
2024,87,805.23828125,192.2578125
2025,87,804.564453125,198.466796875
2026,86,813.8916015625,200.8193359375
2027,86,818.95703125,195.5771484375
2028,86,811.4423828125,194.3935546875
2029,86,816.44140625,195.2470703125
2030,86,820.046875,195.4482421875
2031,86,825.177734375,196.5751953125
2032,86,820.7734375,195.408203125
2033,86,813.3603515625,193.5107421875
2034,87,792.2587890625,188.443359375
2035,88,767.5625,186.767578125
2036,88,762.640625,196.919921875
2037,88,773.5107421875,197.162109375
2038,88,778.2158203125,199.494140625
2039,87,783.6708984375,201.3173828125
2040,88,765.505859375,186.986328125
2041,86,747.9951171875,209.2724609375
2042,87,765.9912109375,191.451171875
2043,87,767.2646484375,198.09375
2044,87,773.8798828125,199.345703125
2045,86,776.6318359375,200.4970703125
2046,86,774.751953125,194.6259765625
2047,86,773.482421875,193.8154296875
2048,86,776.048828125,194.818359375
2049,86,776.5458984375,195.13671875
2050,86,776.21875,195.080078125
2051,86,774.6748046875,194.7470703125
2052,86,773.47265625,194.49609375
2053,91,548.646484375,135.1474609375
2054,94,548.9130859375,174.541015625
2055,90,559.037109375,230.2939453125
2056,94,560.625,168.060546875
2057,90,560.2451171875,230.8203125
2058,93,567.265625,169.482421875
2059,91,568.04296875,208.7109375
2060,94,565.478515625,176.5068359375
2061,90,555.6416015625,228.056640625
2062,94,565.568359375,167.5556640625
2063,90,565.6123046875,230.32421875
2064,94,568.3125,168.7939453125
2065,89,563.98828125,231.591796875
2066,94,576.9306640625,157.6533203125
2067,89,577.3447265625,235.4501953125
2068,94,579.220703125,158.5322265625
2069,89,572.390625,234.421875
2070,94,578.2412109375,158.087890625
2071,89,578.69921875,235.732421875
2072,94,580.7314453125,158.5615234375
2073,89,576.8046875,235.7353515625
2074,94,583.0986328125,159.1044921875
2075,89,581.8369140625,236.64453125
2076,94,581.572265625,158.6650390625
2077,89,578.650390625,236.1728515625
2078,94,589.1640625,159.0712890625
2079,89,587.89453125,237.021484375
2080,94,593.9072265625,159.9111328125
2081,89,598.9501953125,241.830078125
2082,93,623.8818359375,162.0625
2083,90,625.865234375,218.8046875
2084,92,637.2392578125,179.0517578125
2085,91,644.328125,201.7861328125
2086,92,646.5869140625,189.259765625
2087,92,645.9072265625,199.33203125
2088,91,650.8466796875,202.150390625
2089,92,650.9384765625,191.958984375
2090,91,652.46484375,200.853515625
2091,92,651.009765625,188.7099609375
2092,91,654.3896484375,201.3994140625
2093,92,652.9990234375,191.158203125
2094,91,654.9580078125,200.458984375
2095,92,657.1357421875,188.8935546875
2096,91,660.4951171875,201.5107421875
2097,92,660.3193359375,191.666015625
2098,92,658.5126953125,199.298828125
2099,92,661.4716796875,199.083984375
2100,91,666.47265625,201.5322265625
2101,92,663.7275390625,190.7734375
2102,92,662.990234375,199.6552734375
2103,92,663.6767578125,198.1025390625
2104,91,673.75,201.6943359375
2105,92,672.5595703125,191.474609375
2106,91,668.2216796875,200.0029296875
2107,92,667.5390625,187.734375
2108,91,670.1474609375,200.4736328125
2109,92,669.787109375,190.419921875
2110,92,666.951171875,198.6962890625
2111,92,662.7900390625,197.2724609375
2112,91,672.388671875,200.1708984375
2113,92,665.3427734375,189.17578125
2114,92,664.45703125,198.22265625
2115,92,664.3203125,196.7958984375
2116,92,669.490234375,198.921875
2117,92,667.890625,199.685546875
2118,92,663.6435546875,196.7568359375
2119,92,663.123046875,195.8037109375
2120,92,671.537109375,198.6025390625
2121,92,670.013671875,199.3798828125
2122,92,673.56640625,199.703125
2123,92,672.814453125,199.55078125
2124,92,675.8115234375,199.984375
2125,90,617.7109375,211.29296875
2126,91,618.201171875,191.427734375
2127,90,629.419921875,201.638671875
2128,91,634.02734375,191.80859375
2129,90,646.0078125,204.078125
2130,91,640.486328125,190.8955078125
2131,91,632.62109375,197.6044921875
2132,91,636.0244140625,198.5166015625
2133,91,634.0166015625,198.501953125
2134,91,632.4033203125,196.4345703125
2135,91,628.6552734375,194.6767578125
2136,91,628.005859375,194.5166015625
2137,91,626.7041015625,194.9365234375
2138,91,631.2822265625,193.681640625
2139,91,630.826171875,193.6220703125
2140,91,632.59765625,194.71875
2141,91,631.4912109375,194.8544921875
2142,91,638.1875,195.8125
2143,91,641.9560546875,197.158203125
2144,91,643.591796875,198.0478515625
2145,91,639.8408203125,197.2412109375
2146,91,641.45703125,196.771484375
2147,91,641.6787109375,196.8203125
2148,91,646.3515625,197.912109375
2149,91,650.66015625,199.2353515625
2150,91,646.7353515625,197.681640625
2151,91,646.0849609375,196.9833984375
2152,91,648.2783203125,197.845703125
2153,91,654.9189453125,199.498046875
2154,91,649.572265625,197.931640625
2155,91,649.50390625,197.7333984375
2156,91,651.591796875,198.0673828125
2157,91,650.2333984375,197.626953125
2158,91,640.0498046875,194.517578125
2159,91,637.365234375,193.5390625
2160,91,633.90234375,193.62890625
2161,90,643.0654296875,204.34375
2162,90,655.9677734375,194.3720703125
2163,91,646.4912109375,191.2314453125
2164,91,642.2890625,198.5849609375
2165,91,636.861328125,197.2138671875
2166,91,630.3193359375,194.09765625
2167,91,625.30078125,193.236328125
2168,91,635.06640625,196.7822265625
2169,91,644.146484375,199.451171875
2170,91,641.365234375,198.287109375
2171,91,642.1435546875,198.7802734375
2172,90,647.9990234375,200.662109375
2173,91,652.408203125,191.80078125
2174,90,647.9716796875,200.3720703125
2175,91,640.1806640625,188.208984375
2176,90,647.1572265625,200.1982421875
2177,91,654.9931640625,192.0107421875
2178,91,646.4072265625,199.22265625
2179,91,639.8603515625,197.2626953125
2180,91,647.3154296875,199.7939453125
2181,90,658.3095703125,202.5166015625
2182,91,656.9130859375,191.68359375
2183,90,663.0341796875,202.84765625
2184,91,662.876953125,191.9765625
2185,86,794.3857421875,267.0
2186,84,795.0283203125,209.7685546875
2187,84,795.2294921875,193.376953125
2188,84,794.373046875,192.9287109375
2189,84,796.4736328125,192.779296875
2190,85,801.0546875,191.587890625
2191,85,798.5322265625,196.2646484375
2192,85,809.423828125,197.8974609375
2193,84,826.904296875,200.775390625
2194,84,824.669921875,193.7587890625
2195,85,817.9208984375,192.2109375
2196,84,831.9658203125,200.78125
2197,84,841.5078125,196.4443359375
2198,84,829.7607421875,194.021484375
2199,84,824.87890625,193.1669921875
2200,84,836.474609375,194.9091796875
2201,84,844.5185546875,196.0234375
2202,84,835.9443359375,194.4677734375
2203,84,830.2177734375,193.44140625
2204,84,837.3046875,194.5263671875
2205,84,844.5380859375,195.55859375
2206,84,834.6875,193.67578125
2207,84,834.263671875,193.580078125
2208,84,844.634765625,195.10546875
2209,84,850.662109375,195.9072265625
2210,84,842.53125,194.5205078125
2211,84,839.328125,193.8662109375
2212,84,844.9306640625,194.6787109375
2213,84,851.078125,195.650390625
2214,84,841.2314453125,194.2021484375
2215,84,839.6201171875,193.810546875
2216,84,842.861328125,194.3740234375
2217,84,848.1689453125,194.8671875
2218,84,846.7236328125,194.8076171875
2219,84,847.306640625,194.875
2220,84,850.11328125,195.474609375
2221,84,852.08984375,195.572265625
2222,84,851.5849609375,195.548828125
2223,89,37.5673828125,16.517578125
2224,94,37.505859375,18.0224609375
2225,99,49.279296875,27.2783203125
2226,100,98.2939453125,88.91015625
2227,100,117.0615234375,120.66015625
2228,100,135.1982421875,139.369140625
2229,100,159.7626953125,164.6796875
2230,100,181.337890625,186.3974609375
2231,97,212.6640625,218.666015625
2232,100,269.2861328125,169.46875
2233,95,303.4384765625,311.759765625
2234,99,341.431640625,166.828125
2235,94,379.154296875,336.345703125
2236,97,411.876953125,174.5
2237,92,450.07421875,272.775390625
2238,97,476.4873046875,160.3955078125
2239,92,489.30859375,294.5888671875
2240,96,501.5263671875,167.4765625
2241,91,502.48046875,266.09375
2242,96,502.2060546875,159.33984375
2243,91,508.458984375,267.5654296875
2244,96,501.396484375,158.8603515625
2245,91,509.60546875,267.9755859375
2246,96,511.853515625,160.90625
2247,91,512.4482421875,269.9892578125
2248,96,504.119140625,160.158203125
2249,91,515.3125,271.1630859375
2250,95,519.267578125,163.6669921875
2251,90,524.6572265625,244.9326171875
2252,95,523.38671875,157.3466796875
2253,90,529.498046875,246.640625
2254,95,528.44921875,157.9912109375
2255,90,528.5087890625,246.771484375
2256,95,521.4453125,156.923828125
2257,90,528.154296875,246.33984375
2258,95,527.67578125,157.900390625
2259,90,531.8701171875,248.099609375
2260,95,521.4248046875,157.984375
2261,90,531.255859375,247.908203125
2262,95,529.3974609375,158.763671875
2263,90,529.41015625,247.744140625
2264,95,513.9658203125,156.615234375
2265,90,529.5146484375,247.7353515625
2266,95,530.7685546875,159.0947265625
2267,90,533.7578125,248.4931640625
2268,95,530.6025390625,158.5927734375
2269,90,535.0234375,248.5107421875
2270,95,535.8857421875,158.671875
2271,90,533.07421875,246.7236328125
2272,95,524.48828125,155.5302734375
2273,90,523.6220703125,242.44140625
2274,95,518.5458984375,152.4755859375
2275,90,508.109375,236.126953125
2276,95,501.7705078125,148.759765625
2277,90,502.6572265625,233.8701171875
2278,95,502.8671875,147.97265625
2279,91,496.869140625,230.8876953125
2280,96,499.6630859375,154.9169921875
2281,91,499.5126953125,261.1640625
2282,96,511.29296875,160.4716796875
2283,91,506.5654296875,263.4990234375
2284,96,501.3427734375,156.5927734375
2285,91,502.703125,262.072265625
2286,96,497.7373046875,154.92578125
2287,91,495.2998046875,258.7236328125
2288,96,495.3330078125,154.07421875
2289,91,496.7451171875,259.4501953125
2290,96,500.83984375,154.4189453125
2291,91,488.921875,256.1552734375
2292,96,504.7724609375,155.1279296875
2293,91,509.7177734375,264.5341796875
2294,96,510.7373046875,157.6962890625
2295,91,501.2919921875,261.7197265625
2296,96,515.2841796875,157.8486328125
2297,91,516.3046875,266.26171875
2298,96,519.34765625,158.7451171875
2299,91,517.31640625,267.953125
2300,96,526.251953125,161.0087890625
2301,91,524.14453125,270.0126953125
2302,96,522.3515625,159.603515625
2303,91,515.8115234375,266.091796875
2304,96,507.68359375,154.9365234375
2305,91,489.943359375,254.2734375
2306,96,487.3896484375,149.7265625
2307,91,493.0732421875,256.0791015625
2308,96,501.0234375,153.8154296875
2309,91,511.396484375,265.0595703125
2310,96,519.5234375,159.8896484375
2311,91,531.4462890625,273.7392578125
2312,95,538.771484375,164.828125
2313,90,544.7099609375,248.6787109375
2314,95,534.009765625,157.0361328125
2315,90,545.783203125,249.18359375
2316,95,550.2119140625,160.40234375
2317,90,550.666015625,251.0693359375
2318,95,548.916015625,160.302734375
2319,90,554.5927734375,252.7998046875
2320,94,558.6435546875,162.158203125
2321,91,559.9521484375,222.99609375
2322,94,563.1015625,171.220703125
2323,89,539.73046875,236.0361328125
2324,93,539.73046875,164.5595703125
2325,90,541.208984375,215.484375
2326,92,540.2060546875,176.8935546875
2327,92,541.599609375,194.6083984375
2328,92,542.9345703125,194.908203125
2329,92,544.01953125,195.4033203125
2330,92,543.47265625,195.2275390625
2331,92,545.12109375,195.27734375
2332,92,546.35546875,195.671875
2333,92,547.3125,195.8564453125
2334,92,545.4853515625,195.421875
2335,92,547.892578125,196.1220703125
2336,92,547.34375,196.0419921875
2337,92,547.1279296875,195.84765625
2338,92,544.470703125,194.9814453125
2339,92,545.513671875,195.2880859375
2340,92,543.8291015625,194.8798828125
2341,92,543.2490234375,194.7568359375
2342,92,541.931640625,194.376953125
2343,92,542.078125,194.216796875
2344,92,540.8671875,193.8369140625
2345,92,541.625,194.1982421875
2346,92,540.2470703125,193.78125
2347,92,541.7294921875,194.1181640625
2348,92,542.9521484375,194.783203125
2349,92,544.48046875,195.033203125
2350,92,544.2548828125,195.0048828125
2351,92,545.7421875,195.3974609375
2352,92,546.6337890625,195.7431640625
2353,92,548.2900390625,196.49609375
2354,92,547.310546875,196.380859375
2355,92,550.4453125,197.1640625
2356,92,551.8330078125,197.4912109375
2357,92,551.9228515625,197.58203125
2358,92,551.8642578125,197.49609375
2359,92,553.603515625,198.1279296875
2360,92,549.71484375,196.3134765625
2361,93,537.8125,191.9521484375
2362,91,533.7587890625,209.7138671875
