669,35,1258.7646484375,127.19921875
670,40,1258.671875,141.986328125
671,45,1261.7451171875,153.8564453125
672,49,1263.3994140625,167.28125
673,51,1266.478515625,178.0703125
674,53,1269.9619140625,179.1435546875
675,54,1271.037109375,186.7109375
676,55,1270.365234375,188.1728515625
677,56,1270.08203125,190.58203125
678,56,1270.0654296875,193.5185546875
679,56,1269.775390625,193.451171875
680,56,1270.255859375,193.5244140625
681,56,1272.595703125,193.578125
682,56,1273.6982421875,193.6533203125
683,56,1274.62890625,193.72265625
684,56,1275.7587890625,193.6240234375
685,56,1277.099609375,193.66796875
686,56,1277.259765625,193.7236328125
687,56,1277.6181640625,193.6767578125
688,56,1277.9560546875,193.62890625
689,56,1284.6552734375,193.693359375
690,56,1287.0498046875,193.888671875
691,56,1288.90625,193.884765625
692,56,1289.3603515625,193.91796875
693,56,1289.2529296875,193.974609375
694,56,1289.2314453125,193.8720703125
695,56,1289.2392578125,193.890625
696,56,1289.4443359375,193.958984375
697,56,1289.482421875,193.9853515625
698,56,1289.921875,193.974609375
699,56,1289.8095703125,194.0146484375
700,56,1289.56640625,194.029296875
701,56,1290.1748046875,194.0625
702,56,1290.580078125,194.185546875
703,56,1290.666015625,194.2783203125
704,56,1290.5185546875,194.2119140625
705,56,1277.8720703125,193.9208984375
706,56,1280.017578125,193.951171875
707,56,1281.3681640625,194.052734375
708,56,1282.517578125,194.025390625
709,56,1280.9462890625,193.6962890625
710,56,1281.171875,193.693359375
711,56,1282.5283203125,193.9208984375
712,56,1283.1767578125,193.951171875
713,56,1284.0068359375,194.0322265625
714,56,1284.3076171875,194.072265625
715,56,1284.849609375,193.9736328125
716,56,1285.056640625,193.95703125
717,56,1285.6044921875,193.9794921875
718,56,1285.640625,194.052734375
719,56,1286.2958984375,194.0009765625
720,56,1286.2236328125,193.888671875
721,56,1284.583984375,194.1806640625
722,56,1287.0771484375,194.3212890625
723,56,1287.87890625,194.4736328125
724,56,1288.29296875,194.13671875
725,56,1288.302734375,194.1416015625
726,56,1288.3603515625,194.005859375
727,56,1288.1767578125,194.380859375
728,56,1288.0341796875,194.240234375
729,56,1287.701171875,194.31640625
730,56,1287.470703125,194.173828125
731,56,1287.4619140625,194.14453125
732,56,1287.3525390625,194.052734375
733,56,1286.78125,193.955078125
734,56,1286.3115234375,193.8896484375
735,56,1286.3671875,193.9443359375
736,56,1286.66796875,194.146484375
737,56,1279.0244140625,193.7548828125
738,56,1280.884765625,193.79296875
739,56,1280.7978515625,193.7509765625
740,56,1281.1796875,193.546875
741,56,1281.4892578125,193.4462890625
742,56,1281.7255859375,193.482421875
743,56,1282.0439453125,193.5068359375
744,56,1282.3623046875,193.8076171875
745,56,1283.05078125,193.458984375
746,56,1282.89453125,193.3876953125
747,56,1284.08203125,193.3583984375
748,56,1285.2646484375,193.7294921875
749,56,1285.732421875,193.8095703125
750,56,1285.9111328125,193.8154296875
751,56,1286.166015625,193.6103515625
752,56,1286.72265625,193.6416015625
753,56,1282.9501953125,192.869140625
754,56,1282.9619140625,192.8994140625
755,56,1285.4365234375,193.5361328125
756,56,1287.37109375,193.697265625
757,56,1287.935546875,193.7275390625
758,56,1288.609375,193.8369140625
759,56,1288.5595703125,193.8505859375
760,56,1288.68359375,193.875
761,56,1289.05859375,193.8759765625
762,56,1288.857421875,193.8837890625
763,56,1289.27734375,193.8935546875
764,56,1289.83984375,193.9140625
765,56,1289.658203125,193.9287109375
766,56,1290.01171875,193.984375
767,56,1290.10546875,193.9931640625
768,56,1289.5029296875,194.0078125
769,56,1278.0302734375,193.939453125
770,56,1284.58984375,194.08984375
771,56,1287.7265625,194.1025390625
772,56,1288.8876953125,193.951171875
773,56,1289.0234375,193.81640625
774,56,1289.4541015625,193.8681640625
775,56,1289.1611328125,193.9111328125
776,56,1289.005859375,193.873046875
777,56,1289.34765625,193.9892578125
778,56,1289.1865234375,193.8037109375
779,56,1287.787109375,193.767578125
780,56,1287.4990234375,193.6669921875
781,56,1288.515625,193.8681640625
782,56,1289.05078125,193.85546875
783,56,1289.4208984375,193.923828125
784,56,1289.5498046875,193.947265625
785,56,1289.4990234375,193.47265625
786,56,1291.224609375,193.4921875
787,56,1292.1875,193.6162109375
788,56,1292.4189453125,193.671875
789,56,1291.880859375,193.7314453125
790,56,1292.587890625,193.6748046875
791,56,1291.9365234375,193.6865234375
792,56,1292.4775390625,193.6064453125
793,56,1291.2685546875,193.626953125
794,56,1291.4833984375,193.6171875
795,56,1290.46875,193.5625
796,56,1291.1142578125,193.578125
797,56,1290.3642578125,193.529296875
798,56,1289.869140625,193.421875
799,56,1289.6435546875,193.41796875
800,56,1289.255859375,193.3056640625
801,57,1226.953125,191.5869140625
802,57,1232.7685546875,195.12890625
803,57,1235.6240234375,195.126953125
804,57,1237.6015625,195.1142578125
805,57,1238.126953125,195.2158203125
806,57,1238.4853515625,195.1875
807,57,1237.9560546875,194.9638671875
808,57,1238.3759765625,194.990234375
809,57,1238.4951171875,195.029296875
810,57,1239.0419921875,194.8818359375
811,57,1239.861328125,194.87890625
812,57,1241.4345703125,194.955078125
813,57,1242.1875,194.98046875
814,57,1242.8486328125,194.9921875
815,57,1243.333984375,195.025390625
816,57,1244.8681640625,195.146484375
817,57,1251.0546875,195.1435546875
818,57,1254.7255859375,195.2783203125
819,57,1256.1630859375,195.404296875
820,57,1257.1259765625,195.498046875
821,57,1257.552734375,195.478515625
822,57,1257.73046875,195.4208984375
823,57,1258.0966796875,195.431640625
824,57,1259.2373046875,195.43359375
825,57,1259.7998046875,195.4990234375
826,57,1260.8828125,195.4853515625
827,57,1262.1376953125,195.51953125
828,57,1263.4130859375,195.6279296875
829,57,1264.0302734375,195.7255859375
830,57,1264.4990234375,195.7919921875
831,57,1267.4658203125,195.95703125
832,57,1268.6962890625,196.1044921875
833,57,1263.6259765625,194.9375
834,57,1266.7138671875,194.98828125
835,57,1274.9306640625,196.349609375
836,57,1277.607421875,196.5009765625
837,57,1278.7744140625,196.5205078125
838,57,1278.9169921875,196.447265625
839,57,1279.42578125,196.466796875
840,57,1279.6181640625,196.3818359375
841,57,1280.4033203125,196.494140625
842,57,1280.2109375,196.4033203125
843,57,1281.3173828125,196.48828125
844,57,1281.5712890625,196.5009765625
845,57,1282.9111328125,196.5439453125
846,57,1283.4189453125,196.57421875
847,57,1283.9609375,196.654296875
848,57,1284.0927734375,196.55859375
849,57,1287.6416015625,196.5693359375
850,57,1288.66796875,196.587890625
851,57,1289.6259765625,196.603515625
852,57,1289.7412109375,196.5302734375
853,57,1290.0966796875,196.4912109375
854,57,1290.2890625,196.5068359375
855,57,1290.2998046875,196.5087890625
856,57,1290.255859375,196.474609375
857,57,1290.1728515625,196.4765625
858,57,1290.771484375,196.5224609375
859,57,1291.0546875,196.607421875
860,57,1291.220703125,196.658203125
861,57,1291.1689453125,196.6748046875
862,57,1291.2607421875,196.744140625
863,57,1291.798828125,196.9521484375
864,57,1291.4560546875,196.974609375
865,57,1281.1875,196.2919921875
866,57,1284.12890625,196.4169921875
867,57,1286.3173828125,196.5703125
868,57,1287.076171875,196.658203125
869,57,1287.875,196.7216796875
870,57,1288.04296875,196.763671875
871,57,1288.283203125,196.7958984375
872,57,1288.318359375,196.71484375
873,57,1288.828125,196.7353515625
874,57,1290.0078125,196.8037109375
875,57,1290.5595703125,196.814453125
876,57,1290.4599609375,196.759765625
877,57,1291.732421875,196.8271484375
878,57,1290.6845703125,196.6396484375
879,57,1290.9296875,196.6552734375
880,57,1292.22265625,196.8642578125
881,57,1292.22265625,196.8173828125
882,57,1294.10546875,196.9287109375
883,57,1294.220703125,196.943359375
884,57,1294.302734375,196.875
885,57,1294.6015625,196.9150390625
886,57,1294.5576171875,196.8583984375
887,57,1294.859375,196.9638671875
888,57,1294.802734375,197.0234375
889,57,1294.9462890625,196.91796875
890,57,1294.9912109375,196.927734375
891,57,1294.9599609375,196.8759765625
892,57,1294.8671875,197.037109375
893,57,1294.2607421875,197.015625
894,57,1293.39453125,197.04296875
895,57,1293.091796875,197.0654296875
896,57,1280.5986328125,196.7412109375
897,57,1289.5341796875,197.0283203125
898,57,1293.2958984375,197.173828125
899,57,1294.763671875,197.1474609375
900,57,1296.021484375,197.1953125
901,57,1296.0498046875,197.24609375
902,57,1296.404296875,197.255859375
903,57,1296.6162109375,197.25390625
904,57,1296.6953125,197.2109375
905,57,1296.6103515625,197.0849609375
906,57,1296.4150390625,197.00390625
907,57,1296.82421875,197.0673828125
908,57,1296.744140625,197.009765625
909,57,1297.4541015625,197.033203125
910,57,1297.7451171875,197.0146484375
911,57,1298.40234375,197.0751953125
912,57,1298.2880859375,197.123046875
913,57,1299.12109375,196.953125
914,57,1299.7431640625,197.0771484375
915,57,1300.1875,197.103515625
916,57,1299.8232421875,197.09375
917,57,1299.84375,197.0859375
918,57,1299.548828125,197.05859375
919,57,1299.4443359375,196.94921875
920,57,1299.1142578125,197.0390625
921,57,1299.1337890625,197.146484375
922,57,1298.7939453125,197.2001953125
923,57,1298.771484375,197.25
924,57,1298.669921875,197.212890625
925,57,1298.5126953125,197.30078125
926,57,1298.0029296875,197.326171875
927,57,1297.220703125,197.1767578125
928,57,1284.2958984375,196.8447265625
929,57,1289.921875,196.7861328125
930,57,1292.6201171875,196.984375
931,57,1294.4189453125,196.9931640625
932,57,1295.333984375,197.095703125
933,57,1295.9375,197.0869140625
934,57,1296.8212890625,197.1181640625
935,57,1296.501953125,197.0927734375
936,57,1296.896484375,196.9453125
937,57,1296.6357421875,196.951171875
938,57,1296.6328125,196.90625
939,57,1296.6904296875,196.919921875
940,57,1296.8359375,196.9052734375
941,57,1296.4931640625,196.8046875
942,57,1296.4326171875,196.7646484375
943,57,1296.2138671875,196.7333984375
944,57,1296.068359375,196.677734375
945,57,1295.37890625,196.5
946,57,1295.232421875,196.4609375
947,57,1295.51953125,196.54296875
948,57,1295.3310546875,196.546875
949,57,1295.173828125,196.4892578125
950,57,1294.462890625,196.4541015625
951,57,1294.0595703125,196.3974609375
952,57,1293.7080078125,196.455078125
953,57,1294.0556640625,196.5693359375
954,57,1293.4775390625,196.55078125
955,57,1293.2548828125,196.62109375
956,57,1292.3056640625,196.5205078125
957,57,1291.8017578125,196.560546875
958,57,1291.5703125,196.490234375
959,57,1281.80078125,196.2412109375
960,57,1280.29296875,196.0966796875
961,57,1271.8232421875,198.478515625
962,57,1271.4189453125,198.1162109375
963,57,1271.88671875,198.1552734375
964,57,1272.1181640625,198.234375
965,57,1272.1767578125,198.244140625
966,57,1272.3046875,198.2177734375
967,57,1272.083984375,198.119140625
968,57,1272.138671875,197.8876953125
969,57,1271.5654296875,197.7099609375
970,57,1271.9130859375,197.6826171875
971,57,1272.44921875,197.7783203125
972,57,1272.7197265625,197.7509765625
973,57,1272.677734375,197.6455078125
974,57,1272.572265625,197.61328125
975,57,1273.0048828125,197.6328125
976,57,1273.08984375,197.623046875
977,57,1274.5908203125,197.5146484375
978,57,1274.95703125,197.62890625
979,57,1275.62890625,197.6982421875
980,57,1276.0576171875,197.69921875
981,57,1276.0234375,197.681640625
982,57,1276.287109375,197.65234375
983,57,1276.6494140625,197.6640625
984,57,1276.98046875,197.7412109375
985,57,1278.193359375,197.7646484375
986,57,1278.9052734375,197.7841796875
987,57,1279.505859375,197.8740234375
988,57,1279.9423828125,197.8955078125
989,57,1280.6484375,197.919921875
990,57,1280.9775390625,197.919921875
991,57,1265.537109375,197.3388671875
992,57,1262.208984375,195.9873046875
993,57,1269.6748046875,196.0673828125
994,57,1278.154296875,197.3740234375
995,57,1277.3896484375,197.177734375
996,57,1279.556640625,197.345703125
997,57,1280.2353515625,197.4091796875
998,57,1279.1025390625,197.1474609375
999,57,1279.8486328125,197.1279296875
1000,57,1281.103515625,197.3310546875
1001,57,1280.228515625,197.1181640625
1002,57,1281.3359375,197.185546875
1003,57,1282.927734375,197.4716796875
1004,57,1283.6767578125,197.51171875
1005,57,1284.0703125,197.5234375
1006,57,1284.5869140625,197.5078125
1007,57,1284.8837890625,197.5263671875
1008,57,1284.79296875,197.5263671875
1009,57,1286.9560546875,197.4658203125
1010,57,1287.533203125,197.595703125
1011,57,1288.3642578125,197.6376953125
1012,57,1288.5439453125,197.6025390625
1013,57,1289.0712890625,197.59375
1014,57,1289.4365234375,197.61328125
1015,57,1289.5556640625,197.5205078125
1016,57,1289.529296875,197.642578125
1017,57,1289.87890625,197.7578125
1018,57,1290.1376953125,197.6845703125
1019,57,1290.013671875,197.8056640625
1020,57,1289.8232421875,197.8408203125
1021,57,1289.7939453125,197.947265625
1022,57,1277.8291015625,197.41015625
1023,57,1277.0048828125,197.4765625
1024,57,1276.783203125,197.5595703125
1025,57,1275.9912109375,196.6484375
1026,57,1280.361328125,196.8857421875
1027,57,1287.306640625,197.921875
1028,57,1289.794921875,198.072265625
1029,57,1290.541015625,198.2333984375
1030,57,1289.9482421875,197.9931640625
1031,57,1289.3134765625,197.744140625
1032,57,1290.01171875,197.8583984375
1033,57,1288.9462890625,197.603515625
1034,57,1289.4931640625,197.634765625
1035,57,1290.8095703125,197.8779296875
1036,57,1289.70703125,197.662109375
1037,57,1289.8466796875,197.609375
1038,57,1291.1025390625,197.8369140625
1039,57,1289.5126953125,197.587890625
1040,57,1290.2021484375,197.49609375
1041,57,1291.6337890625,197.8544921875
1042,57,1292.4541015625,197.7861328125
1043,57,1292.7548828125,197.83984375
1044,57,1292.619140625,197.8515625
1045,57,1292.755859375,197.74609375
1046,57,1292.6328125,197.84765625
1047,57,1293.015625,197.8740234375
1048,57,1292.9453125,197.8837890625
1049,57,1293.1904296875,197.9267578125
1050,57,1293.447265625,197.982421875
1051,57,1293.7802734375,198.1044921875
1052,57,1293.126953125,198.0966796875
1053,57,1293.154296875,198.1015625
1054,57,1281.47265625,197.5283203125
1055,57,1281.7763671875,197.509765625
1056,57,1281.91796875,197.716796875
1057,57,1280.017578125,196.8662109375
1058,57,1284.70703125,196.755859375
1059,57,1291.1630859375,197.8232421875
1060,57,1293.849609375,197.96875
1061,57,1293.05078125,197.708984375
1062,57,1293.013671875,197.6416015625
1063,57,1293.857421875,197.798828125
1064,57,1292.7880859375,197.5537109375
1065,57,1293.3505859375,197.501953125
1066,57,1294.4033203125,197.7822265625
1067,57,1293.525390625,197.6796875
1068,57,1293.9560546875,197.67578125
1069,57,1295.3837890625,197.8408203125
1070,57,1293.9169921875,197.5986328125
1071,57,1293.8037109375,197.64453125
1072,57,1294.7666015625,197.8271484375
1073,57,1295.5869140625,197.7587890625
1074,57,1296.3408203125,197.8095703125
1075,57,1294.765625,197.4326171875
1076,57,1294.8408203125,197.375
1077,57,1296.140625,197.7041015625
1078,57,1296.482421875,197.7333984375
1079,57,1296.814453125,197.7470703125
1080,57,1296.712890625,197.7587890625
1081,57,1296.888671875,197.8212890625
1082,57,1297.4453125,197.9375
1083,57,1297.2578125,197.9287109375
1084,57,1297.3056640625,198.021484375
1085,57,1286.8115234375,197.6689453125
1086,57,1286.755859375,197.7119140625
1087,57,1287.5908203125,197.681640625
1088,57,1288.9375,197.869140625
1089,57,1288.384765625,197.2685546875
1090,57,1294.908203125,197.5
1091,57,1299.7197265625,198.0654296875
1092,57,1301.833984375,198.1689453125
1093,57,1301.3056640625,198.013671875
1094,57,1301.0390625,197.900390625
1095,57,1301.82421875,198.0693359375
1096,57,1302.1572265625,198.044921875
1097,57,1301.2880859375,197.796875
1098,57,1301.1328125,197.7646484375
1099,57,1302.587890625,198.0234375
1100,57,1301.845703125,197.8544921875
1101,57,1302.115234375,197.8232421875
1102,57,1303.23828125,198.0634765625
1103,57,1301.98828125,197.828125
1104,57,1301.6357421875,197.8056640625
1105,57,1302.80078125,198.0400390625
1106,57,1300.8349609375,197.662109375
1107,57,1300.361328125,197.6435546875
1108,57,1301.697265625,197.951171875
1109,57,1301.859375,197.912109375
1110,57,1301.904296875,197.9111328125
1111,57,1301.478515625,197.9140625
1112,57,1301.005859375,197.8173828125
1113,57,1300.2841796875,197.8466796875
1114,57,1300.048828125,197.8671875
1115,57,1299.3056640625,197.8251953125
1116,57,1298.529296875,197.9345703125
1117,57,1284.8037109375,197.4375
1118,57,1282.4365234375,197.390625
1119,57,1280.4609375,197.078125
1120,57,1281.4150390625,197.2451171875
1121,57,1272.15234375,198.8828125
1122,57,1272.67578125,198.82421875
1123,57,1272.6708984375,198.76171875
1124,57,1272.4072265625,198.626953125
1125,57,1272.734375,198.4921875
1126,57,1272.1396484375,198.34765625
1127,57,1272.2451171875,198.271484375
1128,57,1272.95703125,198.376953125
1129,57,1271.8857421875,198.130859375
1130,57,1272.255859375,198.1357421875
1131,57,1273.4912109375,198.337890625
1132,57,1272.779296875,198.2314453125
1133,57,1273.234375,198.228515625
1134,57,1274.1015625,198.37890625
1135,57,1272.611328125,198.185546875
2490,62,494.099609375,59.8828125
2491,67,496.9248046875,64.8779296875
2492,72,501.4345703125,70.6630859375
2493,77,505.8896484375,78.009765625
2494,82,509.533203125,88.68359375
2495,87,506.1669921875,102.607421875
2496,92,502.853515625,123.158203125
2497,97,486.564453125,159.0625
2498,92,476.4833984375,282.1611328125
2499,97,453.8994140625,149.6064453125
2500,92,436.265625,262.6669921875
2501,97,434.939453125,145.5673828125
2502,92,448.1875,269.6796875
2503,97,458.4248046875,152.859375
2504,92,472.21484375,281.8603515625
2505,97,481.94921875,159.5224609375
2506,92,480.060546875,286.263671875
2507,97,477.7490234375,158.865234375
2508,92,480.181640625,287.06640625
2509,96,483.9609375,163.205078125
2510,91,484.322265625,256.857421875
2511,96,483.4111328125,155.02734375
2512,91,480.4814453125,255.2998046875
2513,96,473.6943359375,152.9951171875
2514,91,477.0341796875,254.484375
2515,96,480.2109375,154.142578125
2516,91,492.564453125,261.255859375
2517,96,497.208984375,158.93359375
2518,91,488.2294921875,259.3330078125
2519,96,490.326171875,157.7841796875
2520,91,500.146484375,265.095703125
2521,93,565.740234375,182.8466796875
2522,91,580.3486328125,212.134765625
2523,93,576.0634765625,181.275390625
2524,91,578.9140625,211.0927734375
2525,93,579.3935546875,182.1103515625
2526,91,580.177734375,212.2353515625
2527,93,585.638671875,184.2822265625
2528,91,590.4501953125,214.5322265625
2529,92,597.5478515625,187.3662109375
2530,91,608.0986328125,200.9228515625
2531,91,615.3994140625,193.0458984375
2532,92,603.716796875,189.5263671875
2533,92,597.4404296875,197.166015625
2534,92,590.95703125,194.900390625
2535,92,585.0986328125,193.150390625
2536,92,585.21484375,193.013671875
2537,93,584.818359375,191.552734375
2538,91,578.4169921875,209.8388671875
2539,93,583.1064453125,183.541015625
2540,91,570.732421875,209.6181640625
2541,92,588.1396484375,184.7880859375
2542,92,595.650390625,197.1171875
2543,92,599.2646484375,198.5234375
2544,92,595.498046875,197.8134765625
2545,92,603.431640625,199.5625
2546,92,602.9521484375,199.0283203125
2547,91,609.90625,202.1708984375
2548,92,602.728515625,190.634765625
2549,91,609.5478515625,201.5556640625
2550,92,605.677734375,190.421875
2551,91,609.19140625,201.6435546875
2552,92,596.96875,189.01171875
2553,91,608.3515625,200.87109375
2554,92,605.478515625,190.080078125
2555,91,606.537109375,200.6728515625
2556,92,591.6474609375,187.5107421875
2557,91,609.146484375,201.30859375
2558,91,612.6337890625,192.6025390625
2559,91,617.294921875,194.8115234375
2560,91,610.93359375,194.0849609375
2561,91,624.966796875,197.587890625
2562,91,626.892578125,198.525390625
2563,90,634.2685546875,201.232421875
2564,91,623.162109375,188.826171875
2565,90,635.62109375,201.44921875
2566,90,640.0498046875,192.9013671875
2567,90,643.0576171875,194.39453125
2568,90,634.07421875,192.4384765625
2569,90,639.607421875,193.4970703125
2570,90,640.5615234375,193.59375
2571,90,643.7109375,195.08203125
2572,90,640.6064453125,194.4462890625
2573,90,642.4326171875,194.6796875
2574,90,643.720703125,195.2109375
2575,90,643.48046875,195.2314453125
2576,90,638.234375,193.80078125
2577,90,638.82421875,193.5849609375
2578,90,643.1865234375,194.92578125
2579,90,644.361328125,195.525390625
2580,90,640.77734375,194.9658203125
2581,90,644.9326171875,195.908203125
2582,90,645.505859375,196.185546875
2583,90,646.52734375,196.560546875
2584,90,642.7802734375,196.041015625
2585,90,647.6328125,196.8251953125
2586,90,648.94140625,197.2978515625
2587,90,649.2578125,197.501953125
2588,90,648.5615234375,197.294921875
2589,90,648.2421875,197.19921875
2590,90,649.19140625,197.361328125
2591,90,649.923828125,197.630859375
2592,90,650.7568359375,197.7958984375
2593,90,649.6630859375,197.564453125
2594,90,649.1044921875,197.5517578125
2595,90,649.8125,197.705078125
2596,90,651.109375,197.880859375
2597,90,650.76171875,197.85546875
2598,90,651.251953125,198.0244140625
2599,90,651.3916015625,198.015625
2600,95,449.5361328125,142.509765625
2601,92,449.8486328125,217.1875
2602,96,474.2431640625,161.5595703125
2603,91,471.8212890625,249.9677734375
2604,96,465.109375,150.2548828125
2605,91,475.0712890625,251.4677734375
2606,96,467.7939453125,148.806640625
2607,91,469.3125,249.0234375
2608,96,455.986328125,147.1279296875
2609,91,473.3720703125,250.3681640625
2610,96,473.81640625,149.1025390625
2611,91,465.9443359375,246.564453125
2612,96,461.638671875,144.9462890625
2613,91,457.349609375,241.494140625
2614,96,456.4873046875,141.4736328125
2615,91,457.005859375,241.3515625
2616,96,463.6865234375,145.076171875
2617,91,446.6064453125,238.77734375
2618,96,466.65234375,145.740234375
2619,91,468.029296875,246.5927734375
2620,96,467.505859375,145.7802734375
2621,91,463.7783203125,245.1767578125
2622,96,469.4765625,145.873046875
2623,91,470.3046875,246.4150390625
2624,96,466.9423828125,143.94140625
2625,91,459.2783203125,242.6396484375
2626,96,462.4345703125,143.6943359375
2627,91,454.5810546875,239.4853515625
2628,96,426.9033203125,132.7939453125
2629,92,423.1650390625,225.9208984375
2630,97,431.1142578125,141.9013671875
2631,92,444.685546875,265.537109375
2632,97,428.9326171875,138.3486328125
2633,92,433.0068359375,260.4169921875
2634,97,448.7890625,146.3486328125
2635,92,467.234375,280.263671875
2636,97,480.75390625,158.314453125
2637,92,497.0537109375,295.7373046875
2638,96,510.2841796875,164.4970703125
2639,91,504.517578125,262.056640625
2640,96,507.447265625,155.890625
2641,91,467.92578125,247.3994140625
2642,96,452.8720703125,142.669921875
2643,91,445.1337890625,236.6328125
2644,96,417.5,128.904296875
2645,93,414.5234375,222.078125
2646,98,372.8583984375,139.703125
2647,93,350.587890625,250.5712890625
2648,98,374.4072265625,140.720703125
2649,93,446.1640625,312.05078125
2650,93,534.701171875,197.2373046875
2651,90,606.859375,217.78125
2652,93,584.8779296875,174.9638671875
2653,90,621.7080078125,222.908203125
2654,92,620.251953125,182.9970703125
2655,90,650.763671875,212.3896484375
2656,90,664.6650390625,195.7255859375
2657,89,673.5498046875,200.1376953125
2658,91,653.0107421875,181.875
2659,89,661.3974609375,208.021484375
2660,91,665.3916015625,184.03125
2661,89,664.6923828125,208.5185546875
2662,90,669.7958984375,185.4912109375
2663,89,672.138671875,200.3427734375
2664,90,666.7607421875,184.78515625
2665,93,537.0478515625,174.40234375
2666,91,537.326171875,211.3095703125
2667,93,540.4384765625,182.521484375
2668,91,537.1904296875,209.677734375
2669,93,534.9677734375,180.2236328125
2670,91,537.2734375,209.4697265625
2671,93,536.517578125,180.0947265625
2672,91,535.5302734375,208.7744140625
2673,93,530.4443359375,178.4287109375
2674,92,531.072265625,206.6943359375
2675,93,530.08203125,186.3505859375
2676,92,530.623046875,206.2919921875
2677,93,526.3681640625,185.4970703125
2678,92,530.388671875,206.1796875
2679,93,533.40234375,187.9248046875
2680,91,534.828125,208.1220703125
2681,93,534.50390625,179.375
2682,91,539.24609375,209.7236328125
2683,93,542.357421875,181.9892578125
2684,91,543.775390625,211.5986328125
2685,93,539.236328125,181.3271484375
2686,91,539.3876953125,210.001953125
2687,93,539.4130859375,180.7001953125
2688,91,541.30859375,210.6357421875
2689,93,539.421875,181.078125
2690,91,540.4296875,209.85546875
2691,93,537.6396484375,179.857421875
2692,91,538.15625,209.0556640625
2693,93,534.6484375,179.361328125
2694,91,536.4462890625,208.447265625
2695,93,533.3994140625,178.3310546875
2696,92,533.5263671875,207.01953125
2697,93,530.2587890625,186.638671875
2698,92,534.673828125,207.65625
2699,93,534.970703125,187.6259765625
2700,91,537.3798828125,208.029296875
2701,93,534.5390625,178.9775390625
2702,92,533.5869140625,206.7314453125
2703,93,534.330078125,187.8779296875
2704,92,534.564453125,207.35546875
2705,93,532.779296875,187.2509765625
2706,91,536.1923828125,207.9755859375
2707,93,538.154296875,179.3974609375
2708,92,535.7041015625,207.25
2709,93,533.12109375,187.2080078125
2710,91,537.3125,208.3134765625
2711,93,537.8671875,179.4658203125
2712,98,283.6572265625,112.7822265625
2713,97,283.6572265625,200.75
2714,99,295.59375,183.353515625
2715,94,296.8486328125,265.6962890625
2716,99,293.642578125,125.9287109375
2717,94,294.89453125,263.677734375
2718,99,294.55859375,125.890625
2719,94,297.359375,265.2470703125
2720,99,297.9248046875,127.2060546875
2721,94,297.9267578125,266.1884765625
2722,99,290.09375,125.2470703125
2723,94,297.6650390625,265.6982421875
2724,99,299.375,127.8935546875
2725,94,302.4912109375,270.0693359375
2726,99,301.1962890625,128.8896484375
2727,94,302.4423828125,269.9140625
2728,99,302.56640625,129.330078125
2729,94,302.966796875,270.3232421875
2730,99,303.427734375,129.5732421875
2731,94,303.99609375,270.955078125
2732,99,304.8720703125,129.908203125
2733,94,305.32421875,272.451171875
2734,99,306.2373046875,130.537109375
2735,94,307.986328125,274.7255859375
2736,99,307.7109375,130.623046875
2737,94,308.8232421875,275.22265625
2738,99,308.232421875,131.345703125
2739,94,311.4814453125,277.06640625
2740,99,311.6630859375,131.451171875
2741,94,311.30859375,277.3427734375
2742,99,306.3515625,131.0732421875
2743,94,312.6806640625,278.4833984375
2744,99,312.12109375,132.27734375
2745,94,314.2421875,280.1455078125
2746,99,307.3349609375,132.1474609375
2747,94,319.3740234375,284.646484375
2748,99,321.02734375,136.5224609375
2749,94,321.7451171875,286.91796875
2750,99,319.54296875,136.50390625
2751,94,322.09765625,286.990234375
2752,99,322.5615234375,136.982421875
2753,94,323.8232421875,288.630859375
2754,99,323.951171875,137.6650390625
2755,94,323.8330078125,288.3740234375
2756,99,324.2900390625,137.5146484375
2757,94,325.421875,289.71484375
2758,99,326.0087890625,138.3134765625
2759,94,324.2900390625,288.783203125
2760,99,326.4169921875,138.2705078125
2761,94,306.3740234375,274.5947265625
2762,99,309.3271484375,134.9658203125
2763,94,311.994140625,279.431640625
2764,99,312.0810546875,135.7666015625
2765,94,541.939453125,477.5400390625
2766,89,542.8046875,235.5146484375
2767,93,542.638671875,168.1552734375
2768,91,542.1953125,214.6533203125
2769,92,548.4794921875,188.4375
2770,92,551.6044921875,197.2744140625
2771,92,550.599609375,196.7431640625
2772,92,557.0322265625,198.7353515625
2773,91,566.7607421875,201.283203125
2774,92,561.9814453125,190.60546875
2775,92,557.7099609375,198.4208984375
2776,92,561.1123046875,199.591796875
2777,91,567.328125,201.1396484375
2778,92,561.5576171875,190.603515625
2779,92,561.02734375,198.2939453125
2780,92,564.841796875,199.8134765625
2781,91,568.26953125,200.935546875
2782,92,564.5361328125,190.4384765625
2783,92,562.76171875,198.4150390625
2784,92,567.23828125,199.814453125
2785,92,564.0,197.4736328125
2786,92,562.1103515625,196.3486328125
2787,92,561.6982421875,195.0361328125
2788,92,554.876953125,194.0849609375
2789,92,564.12109375,193.9873046875
2790,93,568.9609375,191.857421875
2791,91,565.9033203125,209.462890625
2792,94,542.70703125,174.4423828125
2793,90,559.0654296875,229.19140625
2794,94,570.9208984375,168.234375
2795,90,562.9169921875,226.451171875
2796,94,555.1220703125,161.8876953125
2797,90,565.0361328125,224.92578125
2798,95,561.2158203125,161.1240234375
2799,90,556.861328125,253.34765625
2800,95,557.4345703125,160.0224609375
2801,90,559.5615234375,253.59765625
2802,94,565.65625,161.5791015625
2803,91,568.0576171875,223.1884765625
2804,94,562.8115234375,169.9228515625
2805,90,573.9736328125,226.0634765625
2806,94,578.236328125,164.349609375
2807,90,577.580078125,226.498046875
2808,94,587.9765625,166.45703125
2809,89,592.498046875,231.5234375
2810,94,597.2001953125,154.7783203125
2811,89,606.5126953125,235.4208984375
2812,94,612.4970703125,157.1708984375
2813,89,612.1318359375,235.9814453125
2814,94,611.775390625,153.591796875
2815,90,601.904296875,230.1669921875
2816,94,604.29296875,163.8310546875
2817,90,611.3349609375,230.8408203125
2818,94,611.958984375,163.4462890625
2819,90,608.4658203125,229.6201171875
2820,94,609.876953125,162.53125
2821,89,615.9150390625,231.3681640625
2822,94,622.4228515625,150.623046875
2823,89,629.1865234375,234.697265625
2824,94,612.7685546875,152.388671875
2825,89,624.2666015625,235.8642578125
2826,94,617.341796875,153.6767578125
2827,89,631.1533203125,239.623046875
2828,94,619.4375,156.166015625
2829,89,636.6884765625,242.9599609375
2830,94,629.1337890625,158.6337890625
2831,89,642.9765625,246.0556640625
2832,93,636.59375,161.70703125
2833,90,647.2138671875,221.998046875
2834,92,650.1884765625,179.4326171875
2835,91,654.4140625,200.6767578125
2836,92,658.3330078125,191.5205078125
2837,91,662.0341796875,204.5068359375
2838,92,651.1943359375,191.6572265625
2839,89,688.59765625,216.46484375
2840,91,696.0537109375,181.458984375
2841,89,700.5517578125,210.5458984375
2842,91,686.5791015625,182.6640625
2843,89,698.5166015625,210.556640625
2844,91,697.3916015625,183.3955078125
2845,89,699.82421875,211.7373046875
2846,91,693.421875,184.291015625
2847,89,700.26953125,211.693359375
2848,90,703.24609375,185.46484375
2849,89,705.6591796875,202.1318359375
2850,90,701.1181640625,186.35546875
2851,89,706.0244140625,202.6103515625
2852,90,707.6728515625,187.2958984375
2853,85,1200.12890625,421.0205078125
2854,80,1200.072265625,330.6708984375
2855,75,1199.82421875,272.6005859375
2856,70,1203.5322265625,234.8994140625
2857,68,1219.4052734375,211.337890625
2858,68,1199.197265625,197.841796875
2859,68,1198.8359375,197.875
2860,68,1221.1689453125,198.9619140625
2861,67,1250.5888671875,201.8349609375
2862,67,1239.99609375,194.5087890625
2863,67,1239.2919921875,195.1796875
2864,67,1256.552734375,195.869140625
2865,67,1286.89453125,198.5595703125
2866,67,1254.564453125,195.47265625
2867,67,1234.4775390625,194.2236328125
2868,67,1243.4072265625,194.6787109375
2869,67,1257.7255859375,196.1015625
2870,67,1229.08203125,193.05078125
2871,68,1218.46875,192.0400390625
2872,68,1237.712890625,198.9462890625
2873,67,1263.904296875,201.1103515625
2874,67,1229.46484375,192.271484375
2875,68,1219.44140625,192.0595703125
2876,68,1236.31640625,198.544921875
2877,67,1258.9599609375,200.822265625
2878,68,1226.9619140625,192.10546875
2879,68,1223.8876953125,197.78515625
2880,68,1241.37890625,199.384765625
2881,66,1243.525390625,208.1767578125
2882,66,1241.1904296875,194.197265625
2883,67,1228.734375,191.806640625
2884,67,1243.41796875,196.431640625
2885,67,1270.3125,198.8408203125
2886,67,1233.9248046875,194.517578125
2887,67,1225.0537109375,194.072265625
2888,67,1249.6533203125,195.1796875
2889,67,1283.9111328125,198.009765625
2890,67,1249.5556640625,194.8349609375
2891,68,1220.73828125,192.0400390625
2892,68,1228.1513671875,198.8203125
2893,67,1247.4306640625,201.087890625
2894,68,1212.564453125,191.265625
2895,68,1209.9423828125,196.8193359375
2896,68,1228.60546875,198.689453125
2897,67,1253.7001953125,201.08203125
2898,68,1219.208984375,192.0498046875
2899,68,1204.7451171875,195.919921875
2900,68,1218.6171875,197.259765625
2901,68,1234.712890625,198.9541015625
2902,68,1208.2197265625,195.5458984375
2903,68,1192.568359375,194.1904296875
2904,68,1204.306640625,195.2060546875
2905,68,1229.0595703125,197.5458984375
2906,68,1200.3623046875,194.263671875
2907,68,1185.3955078125,192.8681640625
2908,68,1201.1201171875,194.462890625
2909,68,1220.3203125,196.681640625
2910,68,1194.92578125,193.4921875
2911,68,1180.9716796875,192.41015625
2912,68,1192.1572265625,193.3876953125
2913,68,1211.9091796875,195.779296875
2914,68,1202.5517578125,195.017578125
2915,68,1195.9423828125,194.404296875
2916,73,438.611328125,70.162109375
2917,78,438.998046875,77.396484375
2918,83,445.9970703125,87.955078125
2919,88,446.44140625,103.30078125
2920,93,461.12890625,128.3974609375
2921,95,473.8623046875,179.658203125
2922,91,476.3076171875,223.845703125
