4596,35,1274.09765625,124.2451171875
4597,40,1274.1416015625,138.583984375
4598,45,1274.1396484375,149.9052734375
4599,49,1273.84375,162.5078125
4600,52,1274.0703125,173.2548828125
4601,54,1273.552734375,178.4833984375
4602,56,1272.98828125,182.822265625
4603,57,1272.89453125,187.9150390625
4604,58,1272.9267578125,191.4296875
4605,58,1272.3369140625,194.951171875
4606,58,1272.09765625,194.9423828125
4607,58,1272.66796875,195.28125
4608,58,1272.7197265625,195.451171875
4609,58,1265.6552734375,194.9765625
4610,58,1265.58203125,194.9541015625
4611,58,1265.8984375,194.978515625
4612,58,1265.9013671875,195.0302734375
4613,58,1266.1923828125,195.1376953125
4614,58,1261.408203125,195.0458984375
4615,58,1261.0439453125,195.048828125
4616,58,1261.58984375,195.0087890625
4617,58,1261.6298828125,194.9990234375
4618,58,1262.2744140625,195.1591796875
4619,58,1263.6279296875,195.146484375
4620,58,1263.955078125,195.1640625
4621,58,1263.9951171875,195.203125
4622,58,1263.912109375,195.126953125
4623,58,1263.888671875,195.1884765625
4624,58,1263.72265625,195.1640625
4625,58,1258.296875,194.9521484375
4626,58,1259.0068359375,195.0546875
4627,58,1259.3349609375,195.02734375
4628,58,1259.2109375,194.8798828125
4629,58,1259.0498046875,194.8291015625
4630,58,1258.6591796875,194.9111328125
4631,58,1258.8876953125,194.8681640625
4632,58,1258.3095703125,194.8740234375
4633,58,1257.9033203125,194.8759765625
4634,58,1257.3427734375,194.810546875
4635,58,1257.4208984375,194.8134765625
4636,58,1256.697265625,194.7099609375
4637,58,1256.2841796875,194.69140625
4638,58,1255.6572265625,194.650390625
4639,58,1254.916015625,194.5322265625
4640,58,1254.6806640625,194.5
4641,58,1215.2705078125,193.5537109375
4642,58,1216.185546875,193.5068359375
4643,58,1216.8388671875,193.494140625
4644,58,1217.291015625,193.48046875
4645,58,1215.95703125,193.4375
4646,58,1214.7978515625,193.3544921875
4647,58,1215.875,193.283203125
4648,58,1216.6865234375,193.353515625
4649,58,1217.2587890625,193.3212890625
4650,58,1217.3427734375,193.1787109375
4651,58,1219.2861328125,193.314453125
4652,58,1219.8203125,193.3076171875
4653,58,1220.134765625,193.2421875
4654,58,1220.41015625,193.333984375
4655,58,1221.2607421875,193.384765625
4656,58,1221.7890625,193.376953125
4657,58,1221.759765625,193.1904296875
4658,58,1225.2763671875,193.3935546875
4659,58,1226.431640625,193.3720703125
4660,58,1227.1875,193.4013671875
4661,58,1227.7509765625,193.40625
4662,58,1228.15234375,193.51953125
4663,58,1228.236328125,193.3994140625
4664,58,1228.341796875,193.4013671875
4665,58,1228.88671875,193.3505859375
4666,58,1228.4462890625,193.3681640625
4667,58,1229.2685546875,193.4189453125
4668,58,1229.4150390625,193.3798828125
4669,58,1229.65625,193.384765625
4670,58,1231.0234375,193.7236328125
4671,58,1234.376953125,193.9814453125
4672,58,1235.267578125,194.2490234375
4673,58,1239.2158203125,194.333984375
4674,58,1242.1552734375,194.572265625
4675,58,1243.3154296875,194.646484375
4676,58,1241.9404296875,194.4560546875
4677,58,1241.3759765625,194.416015625
4678,58,1241.88671875,194.470703125
4679,58,1244.1689453125,194.583984375
4680,58,1245.3623046875,194.607421875
4681,58,1246.6552734375,194.677734375
4682,58,1249.58984375,194.9140625
4683,58,1251.107421875,195.095703125
4684,58,1251.7607421875,195.1728515625
4685,58,1251.8408203125,195.0947265625
4686,58,1252.2529296875,195.15234375
4687,58,1252.76953125,195.296875
4688,58,1252.8193359375,195.3212890625
4689,58,1253.22265625,195.125
4690,58,1255.7197265625,195.279296875
4691,58,1256.58984375,195.33984375
4692,58,1256.97265625,195.4111328125
4693,58,1257.42578125,195.4697265625
4694,58,1257.98828125,195.4716796875
4695,58,1257.2802734375,195.490234375
4696,58,1257.2861328125,195.4228515625
4697,58,1257.0087890625,195.4169921875
4698,58,1256.826171875,195.4072265625
4699,58,1256.5712890625,195.470703125
4700,58,1255.935546875,195.3408203125
4701,58,1255.861328125,195.23046875
4702,58,1256.3291015625,195.2568359375
4703,58,1256.1552734375,195.2607421875
4704,58,1256.1767578125,195.24609375
4705,58,1250.169921875,195.0361328125
4706,58,1252.4716796875,195.23046875
4707,58,1253.45703125,195.322265625
4708,58,1251.2255859375,195.0810546875
4709,58,1250.9580078125,195.05859375
4710,58,1250.9091796875,194.9814453125
4711,58,1251.3564453125,195.138671875
4712,58,1251.8076171875,195.1689453125
4713,58,1252.5830078125,195.1787109375
4714,58,1254.19140625,195.228515625
4715,58,1255.9482421875,195.4189453125
4716,58,1256.529296875,195.43359375
4717,58,1254.9521484375,195.1171875
4718,58,1255.126953125,195.0595703125
4719,58,1256.2939453125,195.388671875
4720,58,1255.935546875,195.25
4721,58,1254.205078125,195.1005859375
4722,58,1255.2001953125,194.9775390625
4723,58,1256.12109375,195.0732421875
4724,58,1254.8564453125,194.833984375
4725,58,1252.7451171875,194.4345703125
4726,58,1247.7734375,193.4853515625
4727,58,1246.453125,193.23828125
4728,58,1246.3125,193.1865234375
4729,58,1246.314453125,193.2109375
4730,58,1246.12109375,193.33203125
4731,58,1245.1767578125,193.380859375
4732,58,1243.8056640625,193.0126953125
4733,58,1244.0244140625,192.87890625
4734,58,1243.951171875,193.001953125
4735,58,1244.349609375,193.0224609375
4736,58,1244.2568359375,193.1064453125
4737,58,1236.025390625,192.3330078125
4738,58,1236.2548828125,192.38671875
4739,58,1234.74609375,192.41015625
4740,58,1235.705078125,192.453125
4741,58,1235.228515625,192.337890625
4742,58,1234.765625,192.3955078125
4743,59,1235.134765625,192.197265625
4744,59,1235.466796875,193.9501953125
4745,59,1236.466796875,194.0390625
4746,59,1238.482421875,194.185546875
4747,59,1239.62109375,194.4599609375
4748,59,1240.0693359375,194.19140625
4749,59,1240.5419921875,194.193359375
4750,59,1238.4619140625,193.748046875
4751,59,1238.6259765625,193.8271484375
4752,59,1240.7353515625,194.0556640625
4753,59,1246.5634765625,194.28125
4754,59,1249.6953125,194.5419921875
4755,59,1247.3388671875,194.033203125
4756,59,1246.8115234375,193.9814453125
4757,59,1248.6513671875,194.2470703125
4758,59,1248.75390625,194.234375
4759,59,1249.3212890625,194.2451171875
4760,59,1249.046875,194.24609375
4761,59,1249.224609375,194.251953125
4762,59,1249.1748046875,194.2109375
4763,59,1248.6884765625,194.2744140625
4764,59,1248.47265625,194.0859375
4765,59,1248.451171875,194.2080078125
4766,59,1248.6943359375,194.2275390625
4767,59,1248.7802734375,194.4853515625
4768,59,1248.7841796875,194.615234375
4769,59,1238.6181640625,194.359375
4770,59,1240.3310546875,194.6494140625
4771,59,1239.7783203125,194.7177734375
4772,59,1240.236328125,194.62109375
4773,59,1239.30859375,194.6728515625
4774,59,1239.173828125,194.58203125
4775,59,1240.2724609375,194.484375
4776,59,1241.2294921875,194.5224609375
4777,59,1242.3447265625,194.654296875
4778,59,1243.81640625,194.849609375
4779,59,1243.365234375,194.5888671875
4780,59,1243.89453125,194.623046875
4781,59,1243.404296875,194.3876953125
4782,59,1242.8798828125,194.3056640625
4783,59,1242.0263671875,194.1650390625
4784,59,1241.9990234375,194.1455078125
4785,59,1234.26953125,193.5869140625
4786,59,1234.10546875,193.4189453125
4787,59,1233.2822265625,193.310546875
4788,59,1232.99609375,193.267578125
4789,59,1232.630859375,193.1162109375
4790,59,1231.810546875,193.0107421875
4791,59,1229.29296875,192.6015625
4792,59,1227.0068359375,192.2998046875
4793,60,1225.6357421875,192.068359375
4794,60,1225.87109375,194.3681640625
4795,60,1224.9462890625,194.119140625
4796,60,1224.1708984375,194.181640625
4797,60,1222.369140625,193.986328125
4798,60,1220.4404296875,193.9443359375
4799,60,1219.8271484375,193.873046875
4800,60,1219.8232421875,193.8515625
4801,60,1179.3525390625,195.6396484375
4802,60,1184.9892578125,195.3583984375
4803,60,1186.48828125,194.98828125
4804,60,1186.0205078125,194.4716796875
4805,60,1184.5439453125,193.994140625
4806,60,1184.92578125,193.9462890625
4807,60,1186.943359375,194.064453125
4808,60,1190.2421875,194.3515625
4809,60,1192.296875,194.52734375
4810,60,1193.7275390625,194.65234375
4811,60,1193.9091796875,194.3662109375
4812,60,1194.9853515625,194.3857421875
4813,60,1195.0087890625,194.1376953125
4814,60,1195.552734375,194.107421875
4815,60,1195.7763671875,194.0869140625
4816,60,1197.1767578125,194.2529296875
4817,60,1204.150390625,194.1806640625
4818,60,1207.4306640625,194.3896484375
4819,60,1209.2978515625,194.47265625
4820,60,1209.7783203125,194.591796875
4821,60,1209.7978515625,194.5107421875
4822,60,1209.4169921875,194.177734375
4823,60,1209.58203125,194.2666015625
4824,60,1209.2197265625,194.189453125
4825,60,1209.9716796875,194.0947265625
4826,60,1210.677734375,194.3779296875
4827,60,1211.5185546875,194.37890625
4828,60,1213.0537109375,194.37890625
4829,60,1214.98828125,194.9375
4830,60,1216.4619140625,195.224609375
4831,60,1222.6083984375,195.849609375
4832,60,1224.60546875,196.083984375
4833,60,1223.474609375,195.00390625
4834,60,1228.986328125,195.53515625
4835,60,1240.8388671875,197.7333984375
4836,60,1242.8623046875,197.939453125
4837,60,1241.310546875,197.5771484375
4838,60,1243.095703125,197.5908203125
4839,60,1243.853515625,197.5888671875
4840,60,1244.6298828125,197.640625
4841,60,1246.046875,197.5732421875
4842,60,1244.55859375,197.171875
4843,60,1246.3505859375,197.4345703125
4844,60,1247.0537109375,197.4287109375
4845,60,1247.0234375,197.39453125
4846,60,1247.783203125,197.2998046875
4847,60,1247.6923828125,197.3994140625
4848,60,1247.91015625,197.25390625
4849,60,1250.6904296875,197.1484375
4850,60,1251.93359375,197.0947265625
4851,60,1252.486328125,197.0947265625
4852,60,1251.2158203125,197.201171875
4853,60,1251.416015625,197.2041015625
4854,60,1248.431640625,196.6826171875
4855,60,1249.0966796875,196.771484375
4856,60,1249.078125,196.80078125
4857,60,1248.5849609375,196.6083984375
4858,60,1248.4345703125,196.681640625
4859,60,1247.8740234375,196.658203125
4860,60,1247.970703125,196.5068359375
4861,60,1247.36328125,196.7978515625
4862,60,1246.73046875,196.8671875
4863,60,1244.82421875,196.6826171875
4864,60,1243.6201171875,196.5224609375
4865,60,1236.5107421875,196.31640625
4866,60,1238.78515625,196.5458984375
4867,60,1233.9599609375,195.2744140625
4868,60,1232.6806640625,195.2255859375
4869,60,1234.4560546875,195.697265625
4870,60,1230.0224609375,194.5927734375
4871,60,1228.8291015625,194.1796875
4872,60,1231.1142578125,194.576171875
4873,60,1230.322265625,194.1640625
4874,60,1230.63671875,194.28125
4875,60,1232.466796875,194.4111328125
4876,60,1230.6259765625,193.9775390625
4877,60,1229.521484375,193.6259765625
4878,60,1229.0625,193.5224609375
4879,60,1229.1376953125,193.6005859375
4880,60,1229.73046875,193.6806640625
4881,60,1229.943359375,193.0869140625
4882,60,1229.5517578125,192.943359375
4883,60,1227.2197265625,192.4072265625
4884,60,1228.1318359375,192.3828125
4885,60,1229.017578125,192.5595703125
4886,60,1229.4287109375,192.7431640625
4887,60,1229.4912109375,192.935546875
4888,60,1227.5830078125,192.904296875
4889,60,1228.1162109375,192.91015625
4890,60,1228.16796875,193.123046875
4891,60,1228.888671875,193.3525390625
4892,60,1230.712890625,193.71875
4893,60,1229.6318359375,193.708984375
4894,60,1231.4326171875,193.7470703125
4895,60,1231.287109375,194.025390625
4896,60,1223.806640625,194.3359375
4897,60,1232.6416015625,195.669921875
4898,60,1235.2412109375,196.060546875
4899,60,1235.14453125,195.9736328125
4900,60,1235.2412109375,195.9755859375
4901,60,1234.2724609375,195.8974609375
4902,60,1234.0263671875,195.794921875
4903,60,1234.7802734375,196.0947265625
4904,60,1234.85546875,196.052734375
4905,60,1234.130859375,195.744140625
4906,60,1235.1318359375,195.8330078125
4907,60,1236.4970703125,195.96875
4908,60,1237.041015625,196.1083984375
4909,60,1237.302734375,195.8798828125
4910,60,1234.2783203125,195.2958984375
4911,60,1234.3193359375,195.2021484375
4912,60,1236.4814453125,195.7763671875
4913,60,1238.380859375,195.537109375
4914,60,1239.466796875,195.509765625
4915,60,1237.34765625,194.8544921875
424,65,765.8349609375,96.7041015625
425,70,773.5654296875,105.638671875
426,75,775.8994140625,117.251953125
427,80,792.65234375,132.333984375
428,85,796.958984375,153.7041015625
429,87,786.9345703125,179.921875
430,87,802.587890625,199.77734375
431,87,799.25,198.7138671875
432,87,788.3056640625,198.21484375
433,87,783.8525390625,197.693359375
434,87,778.4833984375,197.5126953125
435,87,768.2880859375,196.0791015625
436,87,760.8759765625,195.28125
437,92,298.1201171875,78.2451171875
438,97,339.888671875,112.05078125
439,94,353.9482421875,215.5302734375
440,99,351.2109375,145.140625
441,94,359.7548828125,321.943359375
442,99,357.740234375,146.34765625
443,94,372.0107421875,332.3427734375
444,99,373.955078125,151.255859375
445,94,366.826171875,326.9091796875
446,99,372.046875,150.6904296875
447,94,369.830078125,328.4619140625
448,99,371.3193359375,149.7373046875
449,94,378.0078125,334.806640625
450,99,369.6533203125,149.7255859375
451,94,382.095703125,338.046875
452,99,381.9423828125,151.9599609375
453,94,378.00390625,335.5830078125
454,99,377.6435546875,152.78125
455,94,346.96484375,309.7353515625
456,99,361.765625,147.7978515625
457,94,367.6904296875,328.1376953125
458,99,357.228515625,147.1865234375
459,94,360.90625,320.986328125
460,99,357.724609375,147.2890625
461,94,367.69921875,326.48828125
462,99,379.2138671875,153.4912109375
463,94,367.296875,326.9365234375
464,99,381.4443359375,155.162109375
465,94,388.4072265625,344.8232421875
466,98,398.4951171875,161.8095703125
467,93,396.3818359375,270.1630859375
468,98,401.9833984375,143.349609375
469,93,405.189453125,274.87109375
470,98,401.9169921875,143.4169921875
471,93,407.3115234375,276.783203125
472,98,396.2421875,142.0107421875
473,93,406.6533203125,276.9384765625
474,98,418.2861328125,147.888671875
475,93,415.728515625,282.4638671875
476,98,409.2939453125,144.6611328125
477,93,405.974609375,275.8486328125
478,98,410.4599609375,144.353515625
479,93,411.845703125,278.390625
480,98,396.583984375,140.451171875
481,93,367.1826171875,254.5205078125
482,98,395.716796875,142.8125
483,93,390.693359375,267.931640625
484,98,409.1806640625,146.5390625
485,93,972.4208984375,647.1396484375
486,98,448.8525390625,151.556640625
487,93,338.6171875,243.4091796875
488,98,347.537109375,118.69140625
489,95,302.623046875,218.1943359375
490,99,345.5546875,164.2841796875
491,94,340.03125,315.4150390625
492,99,320.404296875,130.578125
493,94,322.298828125,300.2705078125
494,99,318.4287109375,131.4453125
495,94,303.0732421875,282.517578125
496,99,310.7294921875,131.10546875
497,94,297.6845703125,279.248046875
498,99,327.3193359375,137.12890625
499,94,327.6806640625,308.3359375
500,99,325.1044921875,135.6181640625
501,94,301.5068359375,283.4765625
502,99,301.0625,125.642578125
503,94,295.2255859375,277.7607421875
504,99,313.580078125,133.001953125
505,94,332.0576171875,313.3134765625
506,99,325.154296875,138.150390625
507,94,300.607421875,283.75
508,99,272.0888671875,117.193359375
509,94,279.408203125,263.759765625
510,99,306.5185546875,130.84765625
511,94,283.5634765625,267.9208984375
512,99,292.04296875,125.2900390625
513,94,288.0361328125,272.462890625
514,99,301.8994140625,128.67578125
515,94,258.7744140625,243.8740234375
516,99,295.3662109375,126.705078125
517,94,264.1083984375,249.49609375
518,99,309.2265625,131.4697265625
519,94,294.66015625,278.76953125
520,99,313.564453125,132.5029296875
521,94,311.912109375,294.7216796875
522,99,325.8916015625,136.7607421875
523,94,320.615234375,302.31640625
524,99,321.3857421875,133.94921875
525,94,321.5498046875,302.626953125
526,99,330.9873046875,137.4814453125
527,94,321.8271484375,303.0517578125
528,99,329.11328125,136.796875
529,94,339.35546875,320.2568359375
530,99,353.638671875,146.1025390625
531,94,294.1298828125,276.755859375
532,99,323.298828125,134.27734375
533,94,308.8662109375,290.4697265625
534,99,313.8095703125,130.6005859375
535,94,303.0517578125,284.7421875
536,99,316.783203125,131.34375
537,94,318.3251953125,300.0390625
538,99,328.796875,136.2880859375
539,94,337.1220703125,318.2587890625
540,99,357.26953125,151.3984375
541,94,365.5986328125,343.595703125
542,98,368.1435546875,163.744140625
543,93,429.748046875,322.29296875
544,95,460.8818359375,184.4267578125
545,90,479.3173828125,246.90234375
546,95,506.3681640625,160.2568359375
547,90,521.423828125,264.0244140625
548,94,542.0478515625,166.20703125
549,89,556.3173828125,236.8857421875
550,93,596.193359375,163.7470703125
551,91,561.3671875,210.513671875
552,91,619.099609375,194.896484375
553,93,586.1494140625,182.8505859375
554,90,590.4541015625,220.173828125
555,93,580.0166015625,169.599609375
556,90,581.7744140625,217.578125
557,93,614.966796875,174.158203125
558,89,627.564453125,225.787109375
559,92,647.080078125,170.55859375
560,91,643.412109375,206.06640625
561,91,650.8759765625,194.5732421875
562,89,695.2998046875,210.19140625
563,92,667.451171875,175.9072265625
564,88,707.3447265625,230.4814453125
565,92,655.56640625,166.75390625
566,89,672.939453125,221.0478515625
567,92,648.15625,171.181640625
568,89,666.9140625,216.115234375
569,92,629.2705078125,170.154296875
570,91,616.43359375,203.435546875
571,93,582.5732421875,184.208984375
572,91,568.14453125,213.7255859375
573,93,549.5693359375,176.912109375
574,90,574.314453125,215.9267578125
575,93,542.345703125,169.4560546875
576,92,536.2177734375,206.8466796875
577,94,535.015625,183.7041015625
578,90,529.1337890625,226.587890625
579,94,532.39453125,163.4375
580,90,540.7529296875,230.4384765625
581,94,536.4423828125,164.091796875
582,90,526.087890625,225.6015625
583,94,533.2958984375,164.0107421875
584,90,533.8662109375,228.4404296875
585,94,523.1279296875,162.0693359375
586,90,539.421875,229.546875
587,94,541.669921875,164.748046875
588,89,560.953125,236.0908203125
589,93,585.3369140625,163.2021484375
590,90,586.720703125,218.369140625
591,93,584.201171875,175.9130859375
592,90,588.81640625,219.5576171875
593,93,602.2998046875,176.4404296875
594,90,599.78125,222.7783203125
595,92,609.9384765625,181.1064453125
596,92,591.82421875,198.53515625
597,92,599.7080078125,199.20703125
598,92,561.6455078125,194.244140625
599,93,558.11328125,191.33984375
600,91,568.1142578125,215.44921875
601,86,975.9072265625,324.697265625
602,87,774.6806640625,188.140625
603,84,972.7314453125,222.1875
604,89,658.6484375,145.22265625
605,92,616.1689453125,174.173828125
606,92,543.32421875,192.578125
607,93,539.9013671875,191.5419921875
608,91,537.248046875,211.2685546875
609,94,518.8857421875,175.1982421875
610,91,504.5673828125,221.1552734375
611,92,553.529296875,184.8134765625
612,94,512.4833984375,182.2841796875
613,89,572.8154296875,242.677734375
614,93,574.0537109375,163.8427734375
615,91,574.517578125,215.462890625
616,93,569.486328125,181.57421875
617,91,570.56640625,214.2783203125
618,93,550.4130859375,181.3984375
619,91,562.587890625,212.8076171875
620,92,574.6162109375,186.4560546875
621,94,517.8974609375,181.453125
622,89,580.15234375,242.6689453125
623,94,578.716796875,157.9365234375
624,89,573.841796875,244.0283203125
625,94,567.162109375,157.4052734375
626,89,563.603515625,237.4345703125
627,94,567.96484375,158.861328125
628,89,568.7109375,239.9443359375
629,94,574.939453125,157.0625
630,89,570.6005859375,236.8076171875
631,93,590.75390625,161.458984375
632,89,601.5556640625,223.400390625
633,94,578.6513671875,158.390625
634,89,575.7216796875,241.8173828125
635,94,577.5361328125,158.6142578125
636,89,568.392578125,240.8095703125
637,94,570.263671875,158.380859375
638,89,566.1640625,236.9052734375
639,94,568.578125,156.7900390625
640,89,580.5244140625,242.998046875
641,94,567.119140625,158.3798828125
642,90,534.4140625,228.7353515625
643,93,562.33984375,170.9169921875
644,98,320.0517578125,130.40625
645,93,379.9521484375,264.7734375
646,98,400.4345703125,151.345703125
647,93,400.3955078125,277.77734375
648,98,398.7099609375,150.3251953125
649,93,398.8740234375,275.517578125
650,98,412.5673828125,151.2568359375
651,93,401.3505859375,275.951171875
652,98,410.5498046875,151.041015625
653,93,398.9619140625,273.6923828125
654,98,415.640625,151.53515625
655,93,408.5380859375,278.91796875
656,98,419.251953125,152.115234375
657,93,417.015625,284.9765625
658,98,416.966796875,152.0146484375
659,93,418.8583984375,286.513671875
660,98,413.919921875,152.3720703125
661,93,423.560546875,289.9755859375
662,98,440.458984375,159.3095703125
663,93,412.02734375,283.9033203125
664,98,424.765625,154.900390625
665,93,431.77734375,295.0576171875
666,98,416.595703125,151.8125
667,93,414.3779296875,283.3408203125
668,98,408.9677734375,149.6845703125
669,93,398.587890625,273.7978515625
670,98,405.2646484375,149.6748046875
671,93,405.2529296875,278.2841796875
672,98,405.0087890625,149.6005859375
673,93,406.3359375,279.1708984375
674,98,404.51171875,148.9462890625
675,93,406.357421875,279.7802734375
676,98,404.6376953125,149.4833984375
677,93,409.76171875,281.650390625
678,98,400.4345703125,147.4111328125
679,93,403.11328125,277.7216796875
680,98,401.4013671875,148.3095703125
681,93,397.3583984375,274.4970703125
682,98,394.5302734375,146.7451171875
683,93,394.33984375,272.623046875
684,98,394.015625,146.26953125
685,93,391.8193359375,270.8408203125
686,98,394.9072265625,146.654296875
687,93,395.580078125,273.8291015625
688,98,397.3125,147.8193359375
689,93,381.0185546875,263.421875
690,98,385.1826171875,144.0615234375
691,93,382.2373046875,264.099609375
692,98,376.787109375,141.9599609375
693,93,380.0234375,262.3916015625
694,98,381.1611328125,142.7548828125
695,93,383.205078125,265.3896484375
696,98,380.05859375,143.2529296875
697,93,400.6708984375,277.046875
698,98,403.16796875,149.7666015625
699,93,401.42578125,277.2548828125
700,98,400.2802734375,148.13671875
701,93,696.5751953125,459.0966796875
702,88,714.0498046875,254.4306640625
703,89,715.806640625,186.4970703125
704,89,715.8427734375,194.548828125
705,90,705.388671875,190.8642578125
706,89,712.6376953125,206.93359375
707,90,705.3486328125,192.1396484375
708,89,701.8154296875,203.9921875
709,90,696.5087890625,187.904296875
710,89,695.02734375,202.537109375
711,90,677.76953125,186.2392578125
712,90,683.4150390625,199.603515625
713,90,681.1884765625,199.0322265625
714,89,682.8994140625,200.330078125
715,91,667.375,184.23046875
716,89,682.7978515625,210.7685546875
717,90,678.982421875,185.4423828125
718,89,680.572265625,201.0107421875
719,90,669.2333984375,185.62890625
720,89,699.658203125,205.38671875
721,85,886.7451171875,227.337890625
722,87,865.6015625,177.7802734375
723,88,814.0078125,186.380859375
724,88,763.453125,195.171875
725,88,766.4033203125,197.849609375
726,88,773.6865234375,197.802734375
727,88,762.1259765625,195.2021484375
728,87,768.6025390625,200.0888671875
729,88,773.341796875,189.6982421875
730,87,780.3466796875,201.8828125
731,88,764.671875,185.8515625
732,88,766.0205078125,199.6767578125
733,87,761.8720703125,200.1982421875
734,89,749.990234375,183.51171875
735,88,749.7939453125,203.9833984375
736,88,742.685546875,197.9755859375
737,88,747.7333984375,197.181640625
738,88,742.56640625,195.203125
739,88,749.912109375,198.2646484375
740,88,739.1494140625,197.9541015625
741,88,736.8662109375,194.6416015625
742,88,737.642578125,197.9921875
743,88,741.783203125,196.359375
744,88,738.5625,196.2431640625
745,88,750.208984375,199.7431640625
746,88,736.5546875,198.20703125
747,88,749.9599609375,199.1318359375
748,88,754.75,198.0185546875
749,87,769.66015625,203.046875
750,88,758.193359375,191.44921875
751,87,770.046875,203.6123046875
752,87,778.421875,192.40625
753,87,788.138671875,195.4931640625
754,87,778.08203125,196.4296875
755,87,782.0107421875,195.919921875
756,87,784.126953125,196.3212890625
757,87,783.59375,197.1162109375
758,87,774.7197265625,196.8115234375
759,87,782.9326171875,196.6796875
760,87,783.7939453125,196.8935546875
761,87,792.1806640625,198.9365234375
762,87,783.8369140625,199.2138671875
763,87,793.9755859375,199.994140625
764,86,805.7607421875,202.328125
765,86,816.31640625,198.751953125
766,86,808.76171875,198.9443359375
767,86,814.0498046875,199.4404296875
768,85,821.330078125,201.0703125
769,85,823.9248046875,194.0908203125
770,85,824.8251953125,195.1494140625
771,85,831.2939453125,197.076171875
772,85,827.3994140625,197.251953125
773,90,187.3525390625,44.580078125
774,95,165.6083984375,53.8955078125
775,100,171.4814453125,86.9052734375
776,98,206.8095703125,211.5771484375
777,100,204.6123046875,142.0244140625
778,99,197.90234375,202.9404296875
779,100,203.6435546875,181.0556640625
780,95,228.9775390625,233.87109375
781,100,237.3388671875,116.8896484375
782,99,196.7236328125,201.486328125
783,97,234.43359375,209.451171875
784,100,241.0205078125,151.2216796875
785,95,251.1064453125,255.658203125
786,100,239.375,119.16796875
787,95,260.353515625,264.890625
788,100,263.5712890625,130.2392578125
789,95,264.03515625,269.234375
790,100,266.5478515625,131.8662109375
791,95,263.2783203125,268.625
792,100,264.2626953125,130.978515625
793,95,254.29296875,259.4541015625
794,100,265.3505859375,131.9140625
795,95,271.275390625,277.3701171875
796,100,274.8427734375,135.42578125
797,95,249.6748046875,255.330078125
798,100,276.33984375,136.5205078125
799,95,280.08984375,286.5615234375
800,100,273.5771484375,134.1337890625
801,95,240.1982421875,246.638671875
802,100,271.10546875,132.8271484375
803,95,269.7802734375,276.4169921875
804,100,272.576171875,133.6806640625
805,95,262.9052734375,269.521484375
806,100,291.2158203125,143.1015625
807,95,287.7978515625,294.13671875
808,100,302.958984375,149.7568359375
809,95,304.58203125,311.5986328125
810,100,316.591796875,154.7841796875
811,95,321.7734375,328.5927734375
812,90,663.8623046875,307.7802734375
813,90,631.7734375,199.9765625
814,91,607.7607421875,189.9716796875
815,92,584.2802734375,192.1943359375
816,92,573.34375,196.1533203125
817,92,583.6767578125,195.4931640625
818,92,573.0947265625,192.2666015625
819,92,583.212890625,195.4140625
820,92,590.1181640625,198.96484375
821,90,625.7197265625,211.55859375
822,88,700.162109375,212.794921875
823,87,741.9072265625,206.0947265625
824,86,779.978515625,204.87109375
825,85,786.8134765625,200.0830078125
826,85,843.7939453125,196.591796875
827,85,859.287109375,197.416015625
828,84,889.671875,201.40625
829,83,930.3076171875,201.453125
830,84,873.2822265625,190.2060546875
831,84,857.95703125,192.5390625
832,84,858.34375,195.4833984375
833,84,845.7529296875,195.349609375
834,84,834.5947265625,192.4228515625
835,85,803.2158203125,189.69921875
836,85,822.3876953125,197.888671875
837,85,821.673828125,198.7666015625
838,85,799.126953125,193.4228515625
839,85,796.392578125,194.78125
840,85,808.576171875,198.4013671875
841,83,942.3232421875,212.4365234375
842,84,879.748046875,189.6298828125
843,84,853.7333984375,197.626953125
844,85,822.5673828125,190.4189453125
845,84,821.625,201.20703125
846,84,815.361328125,192.935546875
847,84,815.5419921875,194.96484375
848,84,834.2744140625,199.2548828125
849,83,842.078125,200.21484375
850,83,841.837890625,194.2685546875
851,83,830.96484375,194.1435546875
852,83,849.3525390625,197.953125
853,83,847.0498046875,198.2998046875
854,83,835.521484375,196.3486328125
855,83,834.7001953125,198.5634765625
856,83,825.46484375,196.6875
857,83,824.6572265625,197.6611328125
858,83,826.0791015625,197.025390625
859,83,830.1201171875,199.6103515625
860,83,824.16796875,197.0
861,83,827.1767578125,199.328125
862,83,823.52734375,195.2998046875
863,83,825.2822265625,198.001953125
864,83,829.744140625,196.884765625
865,83,820.0810546875,193.703125
866,84,799.8984375,190.19921875
867,84,645.951171875,195.2177734375
868,84,645.9990234375,195.181640625
869,83,708.5341796875,202.9638671875
870,84,679.931640625,187.9658203125
871,84,704.650390625,194.6787109375
872,85,691.48828125,189.6572265625
873,85,688.6474609375,193.05859375
874,86,686.1630859375,190.7138671875
875,86,674.63671875,192.9306640625
876,88,662.109375,184.158203125
877,87,670.6435546875,202.0810546875
878,87,684.056640625,192.7021484375
879,88,686.9169921875,191.767578125
880,88,672.62109375,198.8779296875
881,88,678.671875,199.748046875
882,87,684.2333984375,201.9375
883,87,698.703125,194.162109375
884,87,716.5390625,199.5869140625
885,86,725.62109375,204.244140625
886,85,732.111328125,201.267578125
887,85,733.9287109375,193.8486328125
888,85,740.765625,196.4111328125
889,85,752.0673828125,197.7900390625
890,85,756.1181640625,198.3330078125
891,85,762.66796875,199.2451171875
892,85,760.3896484375,198.072265625
893,85,749.1513671875,193.35546875
894,86,741.16015625,191.8876953125
895,85,744.939453125,201.6484375
896,85,744.7666015625,194.146484375
897,85,753.9677734375,197.6962890625
898,84,758.1923828125,200.8203125
899,83,774.9560546875,200.271484375
900,83,774.4384765625,196.5791015625
901,83,781.9677734375,198.955078125
902,83,769.9072265625,193.37109375
903,83,778.27734375,194.3837890625
904,84,763.2587890625,187.9228515625
905,84,763.44140625,193.353515625
906,85,754.4169921875,190.5361328125
907,85,741.6181640625,192.279296875
908,86,741.361328125,190.8046875
909,86,736.91796875,199.3701171875
910,86,736.08203125,198.8974609375
911,86,717.5810546875,195.65234375
912,86,713.294921875,195.3798828125
913,86,705.7646484375,194.7587890625
914,86,709.73828125,196.310546875
915,86,710.2109375,195.8642578125
916,86,710.1396484375,195.0224609375
917,86,707.3818359375,193.58203125
918,87,704.7421875,192.060546875
919,87,712.9111328125,198.853515625
920,87,704.359375,198.1611328125
921,87,711.271484375,199.7021484375
922,87,715.0927734375,198.4462890625
923,87,701.826171875,192.9560546875
924,88,701.6328125,190.708984375
925,88,676.486328125,195.333984375
926,88,679.068359375,194.4150390625
927,89,660.4052734375,190.443359375
928,89,651.5771484375,192.9140625
929,90,638.39453125,188.9296875
930,90,627.4326171875,199.12890625
931,90,622.3681640625,196.4248046875
932,90,613.240234375,192.505859375
933,91,583.552734375,184.5498046875
934,92,561.8759765625,187.6142578125
935,93,537.1171875,189.072265625
936,92,528.7431640625,207.4267578125
937,93,521.83203125,185.85546875
938,92,527.6640625,206.9931640625
939,93,528.2392578125,187.5
940,92,520.4609375,206.0458984375
941,93,521.6474609375,187.2939453125
942,92,518.935546875,207.2265625
943,93,519.53125,187.287109375
944,91,535.669921875,213.654296875
945,92,546.0283203125,186.5439453125
946,92,551.4814453125,197.5869140625
947,92,555.7724609375,199.6552734375
948,92,552.751953125,199.3232421875
949,92,555.2919921875,199.4501953125
950,91,558.1162109375,200.3076171875
951,91,566.41015625,193.009765625
952,91,569.0,194.228515625
953,92,563.0732421875,192.123046875
954,91,574.2060546875,204.9951171875
955,91,572.7646484375,195.859375
956,91,573.8740234375,196.4296875
957,90,594.060546875,203.0361328125
958,89,609.4013671875,201.486328125
959,89,629.033203125,197.30859375
960,87,652.9892578125,209.087890625
961,86,667.77734375,201.189453125
962,87,662.34375,191.365234375
963,86,668.841796875,200.58203125
964,85,684.271484375,200.541015625
965,85,703.125,195.3720703125
966,85,713.431640625,198.6923828125
967,84,721.634765625,201.9482421875
968,84,726.021484375,197.5947265625
969,84,733.615234375,197.9658203125
970,84,733.9169921875,197.75
971,83,750.7939453125,203.6484375
972,82,777.27734375,205.513671875
973,81,794.689453125,201.77734375
974,81,801.416015625,197.029296875
975,81,808.486328125,198.0205078125
976,83,758.4794921875,181.697265625
977,84,733.7890625,186.0859375
978,86,707.34375,180.9326171875
979,86,707.4423828125,193.35546875
980,86,707.07421875,193.095703125
981,87,699.3671875,190.1748046875
982,88,692.7705078125,191.6875
983,87,692.8125,201.6640625
984,88,694.5673828125,190.1591796875
985,87,695.4462890625,201.4326171875
986,88,706.3759765625,191.7216796875
987,87,708.322265625,204.109375
988,87,716.9501953125,193.7734375
989,87,716.978515625,193.490234375
990,87,711.859375,192.818359375
991,88,701.3984375,190.7861328125
992,87,698.8701171875,201.6826171875
993,88,687.12109375,188.087890625
994,88,676.6572265625,196.9140625
995,88,667.951171875,193.78125
996,89,651.8203125,190.5615234375
997,89,641.9775390625,194.7734375
998,89,637.6044921875,193.998046875
999,89,632.373046875,193.1484375
1000,90,630.2978515625,191.365234375
1001,89,636.23828125,207.48046875
1002,92,545.9716796875,174.451171875
1003,92,525.560546875,195.0029296875
