2972,35,1354.8154296875,159.1904296875
2973,37,1354.8359375,177.267578125
2974,39,1355.2705078125,183.0458984375
2975,40,1355.5615234375,190.533203125
2976,41,1356.2900390625,192.1396484375
2977,41,1354.666015625,196.763671875
2978,41,1355.623046875,196.775390625
2979,41,1358.080078125,197.16015625
2980,41,1357.7646484375,197.0390625
2981,41,1358.3984375,197.1767578125
2982,41,1359.01953125,197.29296875
2983,41,1358.994140625,197.232421875
2984,41,1359.0078125,197.1845703125
2985,41,1359.0068359375,197.150390625
2986,41,1358.7412109375,197.134765625
2987,41,1358.859375,197.076171875
2988,41,1358.8232421875,197.0849609375
2989,41,1359.01953125,197.09375
2990,41,1359.3115234375,197.2353515625
2991,41,1359.791015625,197.34765625
2992,41,1360.296875,197.408203125
2993,41,1360.8271484375,197.23046875
2994,41,1361.5615234375,197.3115234375
2995,41,1362.837890625,197.3720703125
2996,41,1363.025390625,197.3056640625
2997,41,1363.3193359375,197.470703125
2998,41,1363.5927734375,197.4541015625
2999,41,1362.79296875,197.3017578125
3000,41,1362.6591796875,197.255859375
3001,41,1363.13671875,197.333984375
3002,41,1363.169921875,197.3828125
3003,41,1363.3203125,197.271484375
3004,41,1363.4130859375,197.33203125
3005,41,1363.22265625,197.3056640625
3006,41,1363.1748046875,197.2568359375
3007,41,1363.46875,197.353515625
3008,41,1363.560546875,197.4130859375
3009,41,1359.9638671875,197.0283203125
3010,41,1358.416015625,196.912109375
3011,41,1359.869140625,197.0673828125
3012,41,1358.9716796875,197.0107421875
3013,41,1359.259765625,196.9560546875
3014,41,1359.888671875,196.9970703125
3015,41,1359.9033203125,196.984375
3016,41,1359.796875,197.060546875
3017,41,1359.78515625,197.0625
3018,41,1359.9072265625,197.09765625
3019,41,1359.662109375,197.0224609375
3020,41,1359.5029296875,197.0322265625
3021,41,1359.6298828125,197.00390625
3022,41,1359.5341796875,196.9853515625
3023,41,1359.3271484375,197.1123046875
3024,41,1359.4111328125,197.0654296875
3025,41,1358.53125,196.865234375
3026,41,1358.609375,196.7421875
3027,41,1358.5244140625,196.76953125
3028,41,1358.5595703125,196.701171875
3029,41,1358.240234375,196.685546875
3030,41,1358.2255859375,196.658203125
3031,41,1357.912109375,196.68359375
3032,41,1357.5712890625,196.5791015625
3033,41,1357.544921875,196.5537109375
3034,41,1357.3671875,196.513671875
3035,41,1357.3173828125,196.5263671875
3036,41,1357.072265625,196.474609375
3037,41,1356.8603515625,196.4638671875
3038,41,1356.7548828125,196.4091796875
3039,41,1356.5126953125,196.3740234375
3040,41,1356.4140625,196.40625
3041,41,1320.23828125,195.6611328125
3042,41,1320.5283203125,195.6015625
3043,41,1320.6982421875,195.607421875
3044,41,1320.931640625,195.6875
3045,41,1320.8505859375,195.6611328125
3046,41,1320.759765625,195.6494140625
3047,41,1320.703125,195.5986328125
3048,41,1320.83203125,195.595703125
3049,41,1321.0498046875,195.548828125
3050,41,1321.234375,195.708984375
3051,41,1321.28125,195.6748046875
3052,41,1321.771484375,195.6904296875
3053,41,1321.90625,195.7666015625
3054,41,1322.0341796875,195.794921875
3055,41,1322.646484375,195.853515625
3056,41,1323.080078125,195.8369140625
3057,41,1326.306640625,195.8779296875
3058,41,1327.3271484375,195.9482421875
3059,41,1327.529296875,195.8828125
3060,41,1327.7431640625,195.9453125
3061,41,1327.55859375,195.990234375
3062,41,1327.78515625,195.9404296875
3063,41,1327.6728515625,195.953125
3064,41,1327.6748046875,195.8974609375
3065,41,1327.4765625,195.9072265625
3066,41,1327.39453125,195.900390625
3067,41,1327.5986328125,195.91015625
3068,41,1327.849609375,195.9599609375
3069,41,1328.4130859375,196.0439453125
3070,41,1329.0966796875,196.0341796875
3071,41,1331.462890625,196.259765625
3072,41,1333.2177734375,196.470703125
3073,41,1337.541015625,195.5576171875
3074,41,1339.0244140625,195.443359375
3075,41,1340.048828125,195.416015625
3076,41,1340.4892578125,195.33203125
3077,41,1340.4658203125,195.3896484375
3078,41,1340.5478515625,195.3232421875
3079,41,1340.560546875,195.2568359375
3080,41,1340.2802734375,195.220703125
3081,41,1339.951171875,195.21484375
3082,41,1339.9443359375,195.1884765625
3083,41,1339.9111328125,195.2109375
3084,41,1339.982421875,195.1513671875
3085,41,1339.763671875,195.1787109375
3086,41,1339.7451171875,195.1611328125
3087,41,1339.4775390625,195.14453125
3088,41,1339.359375,195.1240234375
3089,41,1338.9853515625,194.759765625
3090,41,1339.3828125,194.80078125
3091,41,1340.2978515625,194.79296875
3092,41,1340.56640625,194.9111328125
3093,41,1340.6630859375,194.92578125
3094,41,1340.9833984375,194.91796875
3095,41,1341.0908203125,194.955078125
3096,41,1341.29296875,195.0341796875
3097,41,1341.5498046875,195.0087890625
3098,41,1342.185546875,195.1396484375
3099,41,1342.2919921875,195.2236328125
3100,41,1342.82421875,195.4306640625
3101,41,1343.3984375,195.505859375
3102,41,1343.712890625,195.6318359375
3103,41,1344.3623046875,195.7373046875
3104,41,1344.3798828125,195.677734375
3105,41,1346.296875,195.4541015625
3106,41,1347.2900390625,195.48046875
3107,41,1348.5009765625,195.458984375
3108,41,1348.84765625,195.46875
3109,41,1349.0048828125,195.4208984375
3110,41,1349.1982421875,195.4892578125
3111,41,1349.1943359375,195.4443359375
3112,41,1349.037109375,195.384765625
3113,41,1348.9580078125,195.3642578125
3114,41,1348.8486328125,195.3017578125
3115,41,1348.8876953125,195.3642578125
3116,41,1349.330078125,195.44921875
3117,41,1349.5048828125,195.58203125
3118,41,1349.759765625,195.6455078125
3119,41,1350.208984375,195.7392578125
3120,41,1350.7080078125,195.87890625
3121,41,1352.7138671875,195.84765625
3122,41,1353.4169921875,195.853515625
3123,41,1353.8642578125,195.9169921875
3124,41,1354.0439453125,195.9375
3125,41,1353.6083984375,195.890625
3126,41,1353.4267578125,195.8759765625
3127,41,1353.2783203125,195.83203125
3128,41,1353.15625,195.7373046875
3129,41,1353.1513671875,195.669921875
3130,41,1352.814453125,195.7431640625
3131,41,1352.9580078125,195.69921875
3132,41,1353.392578125,195.8583984375
3133,41,1353.4794921875,195.98046875
3134,41,1353.81640625,196.1689453125
3135,41,1353.9921875,196.158203125
3136,41,1354.4365234375,196.330078125
3137,41,1354.896484375,196.1015625
3138,41,1355.2890625,196.1328125
3139,41,1355.982421875,196.1494140625
3140,41,1356.40625,196.1494140625
3141,41,1356.447265625,196.3076171875
3142,41,1356.5966796875,196.2734375
3143,41,1356.421875,196.275390625
3144,41,1356.51171875,196.259765625
3145,41,1356.478515625,196.087890625
3146,41,1356.568359375,196.1103515625
3147,41,1356.60546875,196.064453125
3148,41,1356.443359375,196.107421875
3149,41,1356.443359375,196.154296875
3150,41,1356.4453125,196.1513671875
3151,41,1356.5517578125,196.09765625
3152,41,1356.7255859375,196.1025390625
3153,41,1356.1826171875,196.095703125
3154,41,1355.94140625,196.0400390625
3155,41,1356.427734375,196.154296875
3156,41,1357.259765625,196.2158203125
3157,41,1357.4775390625,196.3388671875
3158,41,1357.7822265625,196.44921875
3159,41,1358.154296875,196.48046875
3160,41,1357.9501953125,196.6533203125
3161,41,1358.2861328125,196.7216796875
3162,41,1358.3896484375,196.8056640625
3163,41,1358.412109375,196.8525390625
3164,41,1358.6953125,196.873046875
3165,41,1358.8701171875,196.9794921875
3166,41,1359.04296875,196.9296875
3167,41,1359.248046875,197.0615234375
3168,41,1359.162109375,197.0458984375
3169,41,1358.703125,196.859375
3170,41,1359.5361328125,196.90625
3171,41,1359.837890625,196.923828125
3172,41,1360.2822265625,196.9248046875
3173,41,1360.220703125,196.8720703125
3174,41,1360.1572265625,196.8564453125
3175,41,1360.4189453125,196.923828125
3176,41,1360.484375,196.8916015625
3177,41,1360.4111328125,196.91796875
3178,41,1360.59375,197.0400390625
3179,41,1360.384765625,197.0322265625
3180,41,1360.375,197.009765625
3181,41,1360.5390625,197.0859375
3182,41,1360.560546875,197.13671875
3183,41,1360.2666015625,197.2177734375
3184,41,1360.40625,197.18359375
3185,41,1359.6298828125,197.0908203125
3186,41,1358.5849609375,197.076171875
3187,41,1358.6279296875,197.1240234375
3188,41,1358.552734375,197.1181640625
3189,41,1358.216796875,197.12109375
3190,41,1358.2021484375,197.068359375
3191,41,1358.263671875,197.0791015625
3192,41,1358.1455078125,197.0419921875
3193,41,1358.0029296875,196.9765625
3194,41,1357.6806640625,196.8837890625
3195,41,1357.1728515625,196.822265625
3196,41,1356.9677734375,196.806640625
3197,41,1356.8515625,196.8154296875
3198,41,1356.5732421875,196.7451171875
3199,41,1356.2255859375,196.68359375
3200,41,1355.728515625,196.6572265625
3201,41,1304.7958984375,194.224609375
3202,41,1305.228515625,194.193359375
3203,41,1305.48046875,194.17578125
3204,41,1305.6015625,194.17578125
3205,41,1305.7490234375,194.17578125
3206,41,1306.1845703125,194.2392578125
3207,41,1306.2138671875,194.244140625
3208,41,1306.552734375,194.2724609375
3209,41,1306.77734375,194.3056640625
3210,41,1307.0595703125,194.3994140625
3211,41,1307.3193359375,194.3857421875
3212,41,1307.5146484375,194.3974609375
3213,41,1307.626953125,194.4306640625
3214,41,1307.9111328125,194.4189453125
3215,41,1308.3232421875,194.5859375
3216,41,1310.3701171875,194.841796875
3217,41,1317.6611328125,194.7119140625
3218,41,1319.291015625,194.7265625
3219,41,1320.7548828125,194.7021484375
3220,41,1321.3837890625,194.7783203125
3221,41,1321.5234375,194.8134765625
3222,41,1321.9609375,194.8505859375
3223,41,1322.279296875,194.8388671875
3333,46,491.1416015625,48.693359375
3334,51,501.0390625,53.849609375
3335,56,490.3310546875,56.580078125
3336,61,507.38671875,61.767578125
3337,66,511.2470703125,67.556640625
3338,71,514.47265625,73.6044921875
3339,76,506.158203125,81.8515625
3340,81,517.1103515625,90.4296875
3341,86,521.2255859375,106.79296875
3342,91,520.943359375,130.55078125
3343,95,513.0048828125,165.94921875
3344,90,510.7314453125,241.2861328125
3345,95,507.9541015625,155.669921875
3346,90,503.99609375,238.396484375
3347,95,501.9228515625,152.5986328125
3348,90,505.80078125,237.2216796875
3349,95,505.4189453125,152.6328125
3350,90,508.158203125,238.615234375
3351,95,493.3466796875,151.310546875
3352,90,509.232421875,239.6875
3353,95,512.755859375,156.119140625
3354,90,513.7353515625,242.025390625
3355,95,506.5029296875,154.796875
3356,90,503.8173828125,237.798828125
3357,95,509.28515625,155.763671875
3358,90,512.15234375,242.4873046875
3359,94,530.1171875,163.755859375
3360,90,550.8828125,228.8857421875
3361,92,568.1845703125,179.03515625
3362,92,578.6201171875,195.578125
3363,93,570.2412109375,192.259765625
3364,91,573.212890625,213.666015625
3365,93,578.384765625,183.15625
3366,91,573.9033203125,212.1142578125
3367,93,582.9951171875,183.40234375
3368,90,601.7294921875,219.9794921875
3369,91,617.283203125,187.5126953125
3370,91,619.1005859375,197.041015625
3371,92,599.44140625,191.8203125
3372,90,625.716796875,208.8974609375
3373,91,623.9521484375,187.9990234375
3374,91,621.873046875,196.333984375
3375,92,603.296875,191.8359375
3376,91,609.095703125,203.2138671875
3377,91,608.3642578125,192.6953125
3378,92,601.4052734375,190.576171875
3379,92,595.1318359375,197.88671875
3380,93,574.1396484375,190.349609375
3381,92,549.7529296875,201.2421875
3382,94,553.123046875,181.404296875
3383,90,563.173828125,227.5400390625
3384,93,570.0888671875,169.1396484375
3385,92,561.4609375,203.5927734375
3386,94,555.18359375,180.84765625
3387,90,555.5361328125,223.865234375
3388,94,562.7841796875,166.2744140625
3389,90,566.658203125,229.306640625
3390,93,571.8037109375,171.19140625
3391,91,576.19140625,210.732421875
3392,93,575.546875,179.87890625
3393,91,571.8896484375,209.138671875
3394,94,561.1904296875,175.8505859375
3395,90,561.224609375,227.607421875
3396,94,558.845703125,165.7802734375
3397,90,557.3330078125,226.7109375
3398,94,558.4873046875,167.5966796875
3399,90,544.609375,223.6484375
3400,94,561.203125,168.2841796875
3401,90,564.8310546875,230.5048828125
3402,93,566.6806640625,170.6708984375
3403,91,561.302734375,208.00390625
3404,93,567.1552734375,178.5205078125
3405,91,567.876953125,208.703125
3406,93,570.1025390625,179.1845703125
3407,91,568.4150390625,209.580078125
3408,93,570.87890625,178.904296875
3409,91,571.546875,210.0517578125
3410,93,574.9755859375,180.349609375
3411,91,570.625,210.5009765625
3412,93,573.064453125,179.9833984375
3413,91,573.5634765625,210.802734375
3414,93,576.16796875,181.1904296875
3415,91,575.87109375,212.1025390625
3416,93,579.154296875,181.40625
3417,91,578.2265625,212.345703125
3418,93,579.7060546875,181.986328125
3419,91,583.2958984375,214.1552734375
3420,93,585.7353515625,183.4658203125
3421,91,585.072265625,214.71875
3422,93,585.4140625,183.1337890625
3423,98,393.259765625,153.7080078125
3424,93,393.283203125,278.58984375
3425,98,404.4716796875,155.6083984375
3426,93,406.9423828125,286.1279296875
3427,98,408.98828125,157.3486328125
3428,93,410.876953125,288.48828125
3429,98,412.9873046875,158.4072265625
3430,93,403.6630859375,282.765625
3431,98,395.1796875,150.9736328125
3432,93,392.107421875,275.6162109375
3433,98,396.259765625,151.65625
3434,93,393.8681640625,276.689453125
3435,98,390.92578125,148.7939453125
3436,93,399.1064453125,279.8740234375
3437,98,402.48046875,152.7197265625
3438,93,414.453125,289.0751953125
3439,98,420.638671875,157.3662109375
3440,93,419.7841796875,292.0390625
3441,98,425.248046875,159.48828125
3442,93,416.1923828125,290.033203125
3443,98,406.4345703125,153.482421875
3444,93,409.291015625,285.6376953125
3445,98,410.3505859375,154.4052734375
3446,93,414.5869140625,288.693359375
3447,97,437.04296875,163.37890625
3448,92,436.8251953125,267.8916015625
3449,97,435.6103515625,146.1005859375
3450,92,426.38671875,263.0869140625
3451,97,438.5107421875,146.72265625
3452,92,442.681640625,270.8193359375
3453,97,444.90625,148.4326171875
3454,92,441.880859375,271.5859375
3455,97,446.9521484375,148.740234375
3456,92,447.974609375,273.658203125
3457,97,449.2431640625,149.060546875
3458,92,449.0693359375,275.287109375
3459,97,451.9677734375,150.09375
3460,92,452.947265625,276.8701171875
3461,97,453.2373046875,150.0703125
3462,92,549.26171875,333.4130859375
3463,91,549.63671875,201.9306640625
3464,91,549.7353515625,193.0771484375
3465,92,548.99609375,192.0576171875
3466,91,554.11328125,202.0283203125
3467,91,559.3759765625,192.3828125
3468,92,559.4912109375,190.7744140625
3469,91,563.201171875,201.404296875
3470,91,577.8564453125,196.6494140625
3471,91,571.2099609375,193.2109375
3472,92,567.265625,191.2880859375
3473,91,572.240234375,202.5126953125
3474,91,580.171875,196.7802734375
3475,91,570.7060546875,192.9453125
3476,92,570.546875,192.03125
3477,91,573.4150390625,203.0166015625
3478,91,579.5556640625,195.55859375
3479,92,566.85546875,191.4755859375
3480,91,578.6416015625,204.556640625
3481,88,642.7744140625,218.4638671875
3482,89,653.9267578125,186.0693359375
3483,90,658.150390625,191.2451171875
3484,89,657.5361328125,206.7607421875
3485,89,669.1796875,193.7119140625
3486,90,654.6376953125,190.5234375
3487,89,649.892578125,202.7744140625
3488,90,657.736328125,191.400390625
3489,88,666.53125,208.44921875
3490,90,654.8505859375,183.328125
3491,89,651.9921875,203.7158203125
3492,90,654.294921875,190.0078125
3493,89,662.8271484375,207.587890625
3494,90,659.892578125,192.064453125
3495,89,650.8173828125,204.0302734375
3496,90,644.544921875,186.65625
3497,89,652.072265625,204.0302734375
3498,91,635.4833984375,183.7861328125
3499,90,622.044921875,202.05078125
3500,90,618.13671875,192.4462890625
3501,90,624.798828125,195.9140625
3502,91,613.73046875,191.3115234375
3503,91,606.2001953125,196.9638671875
3504,91,602.7197265625,195.353515625
3505,91,603.0244140625,197.603515625
3506,92,594.1875,191.9677734375
3507,91,592.3134765625,200.728515625
3508,92,593.1767578125,191.892578125
3509,91,592.8857421875,202.904296875
3510,92,584.9755859375,188.61328125
3511,92,584.990234375,197.7197265625
3512,92,586.5927734375,198.513671875
3513,92,586.0283203125,199.361328125
3514,92,584.5068359375,196.712890625
3515,92,586.462890625,196.974609375
3516,92,588.06640625,198.18359375
3517,92,589.4619140625,199.263671875
3518,92,583.0078125,196.708984375
3519,92,579.1015625,195.171875
3520,92,581.869140625,195.501953125
3521,92,586.3828125,197.478515625
3522,92,578.5615234375,194.2978515625
3523,92,575.8896484375,193.947265625
3524,92,578.6220703125,194.5517578125
3525,92,584.2900390625,196.39453125
3526,92,578.6181640625,194.4970703125
3527,92,577.134765625,193.6220703125
3528,92,578.107421875,194.30078125
3529,92,582.2880859375,195.451171875
3530,92,581.0986328125,195.36328125
3531,92,579.4345703125,194.7265625
3532,92,578.7353515625,194.435546875
3533,92,578.068359375,194.4140625
3534,92,577.447265625,194.162109375
3535,87,707.361328125,245.7880859375
3536,88,707.5390625,190.80859375
3537,87,707.4609375,201.9697265625
3538,88,707.3681640625,190.6591796875
3539,87,707.4697265625,201.8935546875
3540,88,707.4677734375,190.6728515625
3541,87,707.28515625,201.8203125
3542,88,707.5634765625,190.7421875
3543,87,707.7265625,201.923828125
3544,88,707.3515625,190.5966796875
3545,87,707.3349609375,201.94140625
3546,88,707.6455078125,190.6591796875
3547,87,707.8544921875,201.94140625
3548,88,707.62109375,190.642578125
3549,87,707.5693359375,201.8583984375
3550,88,709.1337890625,190.8759765625
3551,87,707.73046875,201.9267578125
3552,88,707.6640625,190.689453125
3553,87,707.935546875,202.1005859375
3554,88,708.01171875,190.845703125
3555,87,708.107421875,202.0244140625
3556,88,708.0107421875,190.7060546875
3557,87,707.908203125,201.7763671875
3558,88,707.8828125,190.5908203125
3559,87,707.8056640625,201.7607421875
3560,88,707.2197265625,190.44921875
3561,87,707.1171875,201.6015625
3562,88,706.7919921875,190.1279296875
3563,87,707.3271484375,201.5673828125
3564,88,706.42578125,189.9375
3565,87,705.8388671875,201.212890625
3566,88,706.390625,189.8896484375
3567,87,706.6474609375,201.275390625
3568,88,706.0458984375,189.7001953125
3569,87,706.361328125,201.0029296875
3570,88,706.7373046875,190.001953125
3571,87,706.736328125,201.2392578125
3572,88,706.4599609375,189.8017578125
3573,87,707.158203125,201.19140625
3574,88,706.71875,189.9150390625
3575,87,706.7021484375,201.150390625
3576,88,721.1318359375,191.2939453125
3577,87,736.8037109375,205.5234375
3578,87,748.427734375,195.0
3579,87,762.5302734375,197.2451171875
3580,87,772.7880859375,198.724609375
3581,88,756.744140625,188.45703125
3582,88,754.001953125,198.9501953125
3583,87,765.7197265625,203.8125
3584,90,681.9482421875,176.0634765625
3585,86,760.0400390625,224.8095703125
3586,87,763.177734375,184.7197265625
3587,88,768.3291015625,191.80078125
3588,87,764.5478515625,203.712890625
3589,88,758.5244140625,190.0048828125
3590,87,749.76953125,200.896484375
3591,88,747.228515625,187.7822265625
3592,88,732.9951171875,197.830078125
3593,88,734.6279296875,199.017578125
3594,87,746.9873046875,203.8095703125
3595,88,746.9794921875,192.1552734375
3596,87,745.123046875,203.4453125
3597,88,741.3876953125,190.990234375
3598,87,744.33984375,203.390625
3599,88,744.541015625,191.6123046875
3600,87,746.6904296875,203.8974609375
3601,85,797.802734375,208.7275390625
3602,85,803.76171875,193.271484375
3603,86,802.4853515625,192.0302734375
3604,86,796.923828125,199.841796875
3605,85,800.296875,200.2275390625
3606,86,795.96875,189.478515625
3607,86,793.3427734375,198.228515625
3608,86,793.9296875,198.6796875
3609,86,798.623046875,199.3857421875
3610,86,792.6953125,198.5849609375
3611,86,791.98046875,198.126953125
3612,86,792.5439453125,198.5087890625
3613,86,798.3193359375,199.3525390625
3614,86,792.0498046875,198.0595703125
3615,86,786.0556640625,196.6435546875
3616,86,786.337890625,196.90625
3617,86,790.611328125,198.529296875
3618,86,786.4541015625,197.193359375
3619,86,783.1201171875,196.3583984375
3620,86,786.2392578125,196.7578125
3621,86,785.634765625,196.91796875
3622,86,778.7373046875,194.595703125
3623,87,763.87109375,189.7451171875
3624,87,756.220703125,194.1484375
3625,87,761.5107421875,194.3017578125
3626,87,764.3125,193.8505859375
3627,87,767.5126953125,194.361328125
3628,87,765.912109375,192.841796875
3629,88,764.560546875,191.56640625
3630,87,760.9130859375,202.2197265625
3631,88,761.4169921875,188.6787109375
3632,88,757.4296875,199.2333984375
3633,88,749.6708984375,196.61328125
3634,88,741.0380859375,193.3212890625
3635,89,719.8984375,187.8369140625
3636,90,703.0966796875,189.8896484375
3637,89,693.1728515625,202.5400390625
3638,90,691.6884765625,187.1083984375
3639,89,690.2685546875,202.220703125
3640,90,685.859375,186.646484375
3641,89,679.533203125,200.802734375
3642,90,679.5087890625,186.306640625
3643,89,679.6328125,200.896484375
3644,90,679.73046875,186.41015625
3645,89,681.9306640625,201.6279296875
3646,90,681.765625,186.9326171875
3647,89,682.609375,201.8681640625
3648,90,683.9501953125,187.55078125
3649,89,684.158203125,202.15234375
3650,90,684.0595703125,187.421875
3651,89,684.455078125,202.109375
3652,90,685.021484375,187.6904296875
3653,89,685.2919921875,202.1875
3654,90,684.5703125,187.216796875
3655,89,684.1962890625,201.7578125
3656,90,683.09375,186.9072265625
3657,89,683.5048828125,201.42578125
3658,90,682.3642578125,186.5927734375
3659,89,682.2529296875,201.4638671875
3660,90,680.2080078125,186.2890625
3661,89,683.0478515625,201.66015625
3662,90,684.091796875,187.0263671875
3663,89,685.0576171875,202.1298828125
3664,90,685.8603515625,187.70703125
3665,89,686.8125,202.451171875
3666,90,686.5810546875,187.46875
3667,89,686.75390625,202.333984375
3668,90,684.6298828125,187.1806640625
3669,89,686.1083984375,201.708984375
3670,90,686.99609375,187.189453125
3671,89,686.43359375,201.8955078125
3672,90,682.6865234375,186.4541015625
3673,89,684.9560546875,201.8349609375
3674,90,685.095703125,186.9697265625
3675,89,685.4697265625,202.28515625
3676,90,683.0595703125,186.998046875
3677,89,687.2841796875,202.5810546875
3678,90,687.890625,187.9443359375
3679,89,689.865234375,203.3505859375
3680,90,689.6259765625,188.3662109375
3681,89,688.779296875,203.138671875
3682,90,689.3447265625,188.484375
3683,89,690.5634765625,203.521484375
3684,90,690.41015625,188.48046875
3685,89,689.955078125,203.43359375
3686,90,689.900390625,188.3154296875
3687,89,690.05078125,202.9794921875
3688,90,689.81640625,188.115234375
3689,89,688.06640625,202.134765625
3690,90,686.833984375,187.3388671875
3691,89,690.208984375,203.0068359375
3692,90,689.44921875,186.7578125
3693,89,693.556640625,202.236328125
3694,90,677.75390625,186.548828125
3695,89,690.3203125,201.0693359375
3696,91,684.7421875,183.2060546875
3697,89,690.8154296875,212.7119140625
3698,91,656.4931640625,181.5791015625
3699,89,681.7421875,211.3642578125
3700,90,691.1650390625,187.0556640625
3701,89,691.9833984375,202.1708984375
3702,90,684.361328125,184.685546875
3703,90,670.2841796875,195.9111328125
3704,91,644.623046875,189.4873046875
3705,91,640.4306640625,198.5673828125
3706,92,608.4404296875,189.984375
3707,92,593.888671875,196.166015625
3708,93,574.8837890625,191.7373046875
3709,91,562.1171875,208.861328125
3710,93,567.4189453125,181.220703125
3711,91,567.640625,210.87109375
3712,93,566.6015625,181.072265625
3713,91,560.1455078125,208.9345703125
3714,93,568.0634765625,181.123046875
3715,91,569.01171875,210.4189453125
3716,93,569.6552734375,181.7666015625
3717,91,564.0966796875,209.494140625
3718,93,568.5546875,181.150390625
3719,91,570.2314453125,210.72265625
3720,93,569.5751953125,181.2177734375
3721,88,642.0849609375,236.8603515625
3722,91,651.2412109375,174.1201171875
3723,90,646.4267578125,202.2421875
3724,90,646.984375,194.0810546875
3725,90,645.17578125,194.154296875
3726,90,647.5458984375,193.9833984375
3727,90,651.1064453125,194.62890625
3728,90,647.6357421875,193.59375
3729,90,651.080078125,194.9716796875
3730,90,648.0703125,194.052734375
3731,90,652.0908203125,195.087890625
3732,90,654.83203125,195.12890625
3733,90,654.9853515625,195.8701171875
3734,90,652.3623046875,194.89453125
3735,90,651.4716796875,194.7822265625
3736,90,653.8662109375,195.5068359375
3737,90,655.919921875,196.17578125
3738,90,655.4853515625,196.1845703125
3739,90,652.169921875,195.1845703125
3740,90,648.7978515625,194.201171875
3741,90,645.3515625,193.1162109375
3742,91,634.625,189.197265625
3743,91,631.791015625,197.1650390625
3744,91,636.2021484375,198.162109375
3745,91,629.326171875,196.884765625
3746,91,629.15625,196.8291015625
3747,91,626.2197265625,195.5537109375
3748,91,616.6337890625,192.6943359375
3749,92,610.845703125,190.6015625
3750,92,595.9482421875,196.0078125
3751,92,590.830078125,193.650390625
3752,93,575.96875,188.99609375
3753,92,567.6748046875,206.734375
3754,94,555.609375,182.296875
3755,92,537.3154296875,214.6591796875
3756,95,522.666015625,171.5078125
3757,91,463.873046875,223.6640625
3758,96,488.7294921875,153.8974609375
3759,91,496.5556640625,263.93359375
3760,96,469.982421875,152.0654296875
3761,91,469.189453125,252.76953125
3762,96,469.4189453125,151.94921875
3763,91,469.607421875,252.8671875
3764,96,470.0029296875,152.1259765625
3765,91,470.865234375,253.49609375
3766,96,472.2431640625,152.6201171875
3767,91,472.47265625,253.9091796875
3768,96,473.0654296875,152.853515625
3769,91,474.31640625,254.8935546875
3770,96,478.1875,153.7265625
3771,91,479.1259765625,255.8857421875
3772,96,479.66796875,153.658203125
3773,91,476.1171875,255.111328125
3774,96,480.5087890625,153.8076171875
3775,91,480.560546875,256.5615234375
3776,96,481.5625,154.3193359375
3777,91,477.9365234375,256.2001953125
3778,96,482.732421875,154.7919921875
3779,91,483.4287109375,257.736328125
3780,96,483.2470703125,154.9169921875
3781,91,482.6787109375,257.8515625
3782,96,482.931640625,154.736328125
3783,91,483.9287109375,258.2490234375
3784,96,484.7744140625,155.2333984375
3785,91,485.423828125,258.8310546875
3786,96,503.609375,158.3603515625
3787,91,507.3359375,268.8740234375
3788,96,490.4501953125,157.2529296875
3789,91,521.6943359375,275.51953125
3790,96,513.955078125,159.4697265625
3791,91,533.4228515625,283.9326171875
3792,95,504.2353515625,162.7509765625
3793,90,551.884765625,260.03515625
3794,95,538.205078125,159.8564453125
3795,90,568.087890625,269.498046875
3796,94,531.830078125,163.40234375
3797,89,610.5029296875,248.2705078125
3798,92,622.6435546875,170.375
3799,91,631.703125,206.3408203125
3800,91,624.533203125,195.94921875
3801,89,682.7880859375,212.314453125
3802,90,692.0478515625,189.166015625
3803,89,696.673828125,205.701171875
3804,89,715.6904296875,196.4208984375
3805,89,722.966796875,198.7109375
3806,85,811.5380859375,223.2607421875
3807,86,811.013671875,185.537109375
3808,86,810.9599609375,195.6630859375
3809,86,811.5009765625,195.6748046875
3810,86,810.0302734375,195.41796875
3811,86,810.3642578125,195.4638671875
3812,86,810.50390625,195.603515625
3813,86,811.91015625,195.7275390625
3814,86,809.7431640625,195.44921875
3815,86,810.2216796875,195.53125
3816,86,810.5703125,195.5693359375
3817,86,811.615234375,195.7138671875
3818,86,810.5537109375,195.412109375
3819,86,810.2724609375,195.390625
3820,86,810.55859375,195.509765625
3821,86,811.076171875,195.5556640625
3822,86,809.8798828125,195.4482421875
3823,86,809.1015625,195.310546875
3824,86,809.0986328125,195.37890625
3825,86,810.5185546875,195.609375
3826,86,808.8037109375,195.2880859375
3827,86,808.587890625,195.1904296875
3828,86,808.9404296875,195.3076171875
3829,86,810.009765625,195.4384765625
3830,86,808.599609375,195.1142578125
3831,86,808.5244140625,195.14453125
3832,86,809.09375,195.30078125
3833,86,809.439453125,195.4052734375
3834,86,808.5078125,195.0908203125
3835,86,808.35546875,195.0703125
3836,86,808.86328125,195.0625
3837,86,809.494140625,195.2412109375
3838,86,808.4599609375,195.1337890625
3839,86,808.70703125,195.068359375
3840,86,809.2216796875,195.2509765625
3841,86,751.6337890625,194.0888671875
3842,86,751.6328125,193.900390625
3843,86,751.7197265625,193.7607421875
3844,86,752.77734375,193.9755859375
3845,86,754.5361328125,194.2451171875
3846,86,753.615234375,194.2392578125
3847,86,753.2236328125,194.12890625
3848,86,752.7568359375,194.1005859375
3849,86,752.5048828125,193.9453125
3850,91,519.2998046875,143.7412109375
3851,93,519.9443359375,181.8154296875
3852,91,525.1083984375,210.578125
3853,93,525.626953125,181.240234375
3854,91,535.5380859375,213.447265625
3855,93,531.7451171875,183.25
3856,91,527.599609375,209.2431640625
3857,93,529.2607421875,180.712890625
3858,91,537.1220703125,212.8408203125
3859,93,532.5888671875,180.9365234375
3860,91,534.9501953125,211.1201171875
3861,93,536.8291015625,182.9423828125
3862,91,537.4775390625,212.890625
3863,93,525.83203125,178.5859375
3864,92,524.3466796875,206.6669921875
3865,94,517.8388671875,183.755859375
3866,91,513.0751953125,221.12109375
3867,94,515.9462890625,173.9140625
3868,91,508.6103515625,221.484375
3869,94,517.5888671875,174.5361328125
3870,90,518.9921875,224.662109375
3871,94,520.3017578125,167.099609375
3872,90,517.150390625,224.380859375
3873,94,518.4697265625,166.90234375
3874,90,521.2294921875,225.181640625
3875,94,520.451171875,167.0478515625
3876,90,522.357421875,225.69921875
3877,94,521.05859375,167.310546875
3878,90,521.6904296875,224.787109375
3879,94,521.9326171875,166.6650390625
3880,90,519.8603515625,224.263671875
3881,94,519.421875,166.3701171875
3882,90,522.6708984375,225.2998046875
3883,94,523.6435546875,168.1572265625
3884,90,523.3271484375,226.0341796875
3885,94,524.8037109375,168.4375
3886,90,525.8232421875,226.9130859375
3887,94,525.10546875,168.2333984375
3888,90,522.6318359375,225.1884765625
3889,94,517.314453125,165.138671875
3890,91,518.6044921875,223.103515625
3891,94,520.66796875,175.0556640625
3892,90,519.001953125,224.13671875
3893,94,521.0830078125,166.9892578125
3894,90,520.4853515625,224.51171875
3895,94,521.693359375,166.8876953125
3896,90,523.4423828125,225.3798828125
3897,94,522.6142578125,167.123046875
3898,90,524.130859375,225.322265625
3899,94,525.3076171875,167.9443359375
3900,90,525.2392578125,225.7412109375
3901,94,521.5302734375,166.8115234375
3902,90,522.76953125,224.8583984375
3903,94,524.720703125,167.421875
3904,90,526.23046875,225.939453125
3905,94,526.3525390625,167.9697265625
3906,90,526.306640625,225.982421875
3907,94,526.2822265625,167.9130859375
3908,93,480.15234375,201.0517578125
3909,95,480.72265625,180.30859375
3910,90,485.2158203125,231.3935546875
3911,95,489.25,146.03125
3912,90,498.0634765625,235.7177734375
3913,95,497.6279296875,147.376953125
3914,90,498.986328125,235.3955078125
3915,95,500.3828125,148.28125
3916,90,502.591796875,237.162109375
3917,95,502.10546875,148.3837890625
3918,90,500.552734375,235.849609375
3919,95,501.7646484375,148.2255859375
3920,90,502.3388671875,237.0693359375
3921,95,500.830078125,147.861328125
3922,90,500.03515625,235.6298828125
3923,95,499.5087890625,147.462890625
3924,90,498.541015625,235.296875
3925,95,497.8193359375,146.6455078125
3926,90,495.1474609375,232.416015625
3927,95,494.466796875,145.3740234375
3928,90,490.9296875,232.046875
3929,95,490.3818359375,144.087890625
3930,91,487.84375,229.791015625
3931,96,486.3291015625,150.2099609375
3932,91,480.2822265625,255.529296875
3933,96,488.9189453125,150.181640625
3934,91,488.3310546875,257.755859375
3935,96,486.953125,149.8408203125
3936,91,480.857421875,255.2421875
3937,96,483.9677734375,149.0458984375
3938,91,482.0576171875,254.9033203125
3939,96,482.2568359375,148.80859375
3940,91,479.4189453125,254.5927734375
3941,96,481.7080078125,148.6845703125
3942,91,479.1904296875,253.9111328125
3943,96,481.7216796875,148.537109375
3944,91,478.54296875,254.2431640625
3945,96,480.546875,148.375
3946,91,479.720703125,253.9755859375
3947,96,482.439453125,148.8310546875
3948,91,479.8564453125,254.4970703125
3949,96,488.29296875,150.3505859375
3950,91,486.3984375,257.4638671875
3951,96,489.8740234375,150.2060546875
3952,91,487.9326171875,258.5693359375
3953,96,490.8203125,150.314453125
3954,91,487.48046875,257.2685546875
3955,96,492.4580078125,150.4619140625
3956,91,485.73046875,256.978515625
3957,96,489.9013671875,149.509765625
3958,91,488.501953125,256.857421875
3959,96,494.0126953125,150.0478515625
3960,91,485.8759765625,256.392578125
3961,96,513.6455078125,154.0693359375
3962,91,513.1708984375,267.6416015625
3963,96,514.6904296875,153.75390625
3964,91,513.701171875,267.3310546875
3965,96,513.021484375,152.3359375
3966,91,494.06640625,273.26953125
3967,94,495.9140625,170.732421875
3968,90,526.8212890625,226.42578125
3969,94,527.2392578125,164.185546875
3970,91,525.4072265625,219.7060546875
3971,95,513.6494140625,164.0634765625
3972,90,501.978515625,235.4248046875
3973,95,487.0517578125,144.85546875
3974,92,465.5986328125,219.79296875
3975,97,450.384765625,150.3798828125
3976,92,453.8017578125,271.9248046875
3977,97,453.380859375,149.2001953125
3978,92,438.56640625,262.25390625
3979,97,423.1416015625,140.078125
3980,92,427.0,254.81640625
