6981,35,1265.32421875,124.0810546875
6982,40,1265.92578125,138.4677734375
6983,45,1267.6494140625,149.8623046875
6984,49,1265.4912109375,162.380859375
6985,52,1265.6435546875,172.9208984375
6986,54,1267.4658203125,178.1533203125
6987,56,1265.548828125,182.0498046875
6988,57,1265.4794921875,187.0361328125
6989,58,1267.267578125,191.103515625
6990,58,1265.7705078125,194.2958984375
6991,58,1265.7490234375,194.33984375
6992,58,1267.3583984375,194.65625
6993,58,1262.380859375,194.052734375
6994,58,1260.9521484375,193.892578125
6995,58,1262.4990234375,194.427734375
6996,58,1259.5576171875,193.9404296875
6997,58,1258.6328125,193.96875
6998,58,1260.55859375,194.4462890625
6999,58,1255.0615234375,193.84765625
7000,58,1251.2890625,193.5966796875
7001,58,1251.8017578125,194.30078125
7002,58,1250.2294921875,193.982421875
7003,58,1252.1728515625,194.0908203125
7004,58,1254.5107421875,194.341796875
7005,58,1256.4951171875,194.4326171875
7006,58,1255.5283203125,194.232421875
7007,58,1256.01953125,194.224609375
7008,58,1256.826171875,194.3955078125
7009,58,1255.1728515625,193.8466796875
7010,58,1259.044921875,193.939453125
7011,58,1261.7666015625,194.4541015625
7012,58,1261.3740234375,194.4287109375
7013,58,1262.3232421875,194.408203125
7014,58,1263.7158203125,194.6640625
7015,58,1262.6767578125,194.533203125
7016,58,1261.87890625,194.384765625
7017,58,1262.7900390625,194.4716796875
7018,58,1261.0625,194.0302734375
7019,58,1260.2509765625,193.95703125
7020,58,1261.1142578125,194.0859375
7021,58,1258.708984375,193.875
7022,58,1258.404296875,193.7685546875
7023,58,1259.560546875,194.0361328125
7024,58,1255.15234375,193.376953125
7025,58,1250.3193359375,193.201171875
7026,58,1249.595703125,193.5458984375
7027,58,1247.3603515625,193.220703125
7028,58,1246.2587890625,193.0478515625
7029,58,1248.0029296875,193.3056640625
7030,58,1243.7578125,193.09765625
7031,58,1244.009765625,193.021484375
7032,58,1243.5654296875,192.9609375
7033,58,1243.5634765625,192.9833984375
7034,58,1242.08203125,192.775390625
7035,58,1241.3623046875,192.6103515625
7036,58,1240.953125,192.5458984375
7037,58,1241.0810546875,192.548828125
7038,58,1241.369140625,192.4931640625
7039,58,1240.1865234375,192.443359375
7040,58,1240.5888671875,192.5068359375
7041,58,1224.1083984375,193.458984375
7042,58,1225.125,193.34375
7043,58,1225.4599609375,193.2666015625
7044,58,1227.03125,193.3486328125
7045,58,1226.154296875,193.2763671875
7046,58,1227.171875,193.23046875
7047,58,1228.0302734375,193.384765625
7048,58,1228.7890625,193.4365234375
7049,58,1229.0283203125,193.3583984375
7050,58,1229.6748046875,193.451171875
7051,58,1230.341796875,193.3779296875
7052,58,1230.39453125,193.4521484375
7053,58,1230.208984375,193.3544921875
7054,58,1230.3798828125,193.36328125
7055,58,1229.3681640625,193.3427734375
7056,58,1229.6572265625,193.3408203125
7057,58,1224.0224609375,192.4775390625
7058,59,1223.78125,192.248046875
7059,59,1224.1181640625,194.833984375
7060,59,1225.9013671875,194.990234375
7061,59,1222.55078125,194.666015625
7062,59,1223.47265625,194.625
7063,59,1225.5107421875,194.5615234375
7064,59,1223.576171875,194.21875
7065,59,1224.6611328125,194.1435546875
7066,59,1225.4599609375,194.224609375
7067,59,1227.8427734375,194.447265625
7068,59,1229.69921875,194.5595703125
7069,59,1229.45703125,194.37109375
7070,59,1230.4951171875,194.2841796875
7071,59,1231.021484375,194.5107421875
7072,59,1231.33984375,193.8955078125
7073,59,1240.41796875,194.2822265625
7074,59,1246.6376953125,195.2822265625
7075,59,1246.529296875,195.0712890625
7076,59,1247.916015625,195.125
7077,59,1248.6787109375,195.4208984375
7078,59,1250.3232421875,195.5224609375
7079,59,1250.0341796875,195.5546875
7080,59,1249.685546875,195.4033203125
7081,59,1249.130859375,195.2021484375
7082,59,1248.822265625,195.2275390625
7083,59,1248.7236328125,195.1982421875
7084,59,1248.822265625,195.2099609375
7085,59,1248.0634765625,195.27734375
7086,59,1246.568359375,195.234375
7087,59,1246.0283203125,195.3505859375
7088,59,1245.6103515625,195.3056640625
7089,59,1240.814453125,195.0615234375
7090,59,1243.2548828125,195.0498046875
7091,59,1243.869140625,195.1240234375
7092,59,1244.0634765625,195.1083984375
7093,59,1243.548828125,195.0419921875
7094,59,1242.96875,195.0546875
7095,59,1244.5830078125,195.1240234375
7096,59,1245.7333984375,195.5595703125
7097,59,1247.4580078125,195.171875
7098,59,1248.3740234375,195.2353515625
7099,59,1250.1923828125,195.3251953125
7100,59,1249.9248046875,195.1669921875
7101,59,1248.8203125,195.1953125
7102,59,1248.6767578125,195.20703125
7103,59,1251.3701171875,195.310546875
7104,59,1252.0888671875,195.37890625
7105,59,1250.44140625,194.7880859375
7106,59,1253.423828125,194.765625
7107,59,1256.43359375,195.41015625
7108,59,1256.046875,195.2431640625
7109,59,1257.37109375,195.3232421875
7110,59,1258.205078125,195.552734375
7111,59,1256.921875,195.310546875
7112,59,1257.2451171875,195.4091796875
7113,59,1257.95703125,195.736328125
7114,59,1256.8681640625,195.4033203125
7115,59,1256.8193359375,195.537109375
7116,59,1256.771484375,195.7841796875
7117,59,1257.7314453125,195.798828125
7118,59,1257.8876953125,195.779296875
7119,59,1258.4716796875,195.9814453125
7120,59,1258.771484375,195.8828125
7121,59,1251.67578125,195.6953125
7122,59,1253.2275390625,195.7998046875
7123,59,1253.591796875,195.5
7124,59,1254.103515625,195.775390625
7125,59,1252.072265625,195.5849609375
7126,59,1253.447265625,195.638671875
7127,59,1254.458984375,195.7958984375
7128,59,1255.822265625,195.8349609375
7129,59,1256.6298828125,195.8232421875
7130,59,1258.216796875,195.96875
7131,59,1259.548828125,196.0849609375
7132,59,1260.5966796875,196.1748046875
7133,59,1260.7607421875,196.25
7134,59,1259.3955078125,195.916015625
7135,59,1258.7724609375,195.4306640625
7136,59,1261.2763671875,195.443359375
7137,59,1262.412109375,195.822265625
7138,59,1266.5009765625,195.9765625
7139,59,1267.6826171875,196.0419921875
7140,59,1267.830078125,195.9599609375
7141,59,1267.2353515625,195.7880859375
7142,59,1266.9287109375,195.7998046875
7143,59,1267.2001953125,195.7373046875
7144,59,1266.482421875,195.728515625
7145,59,1265.8203125,195.6904296875
7146,59,1265.73046875,195.6669921875
7147,59,1265.3310546875,195.556640625
7148,59,1264.4931640625,195.50390625
7149,59,1263.435546875,195.3388671875
7150,59,1262.84375,195.3779296875
7151,59,1262.25390625,195.3193359375
7152,59,1261.197265625,195.2919921875
7153,59,1253.384765625,195.1064453125
7154,59,1255.3154296875,195.0849609375
7155,59,1256.3662109375,195.3203125
7156,59,1255.9609375,195.314453125
7157,59,1253.6875,195.2041015625
7158,59,1253.5595703125,195.1845703125
7159,59,1253.166015625,195.1728515625
7160,59,1253.2978515625,195.1904296875
7161,59,1253.755859375,195.12890625
7162,59,1253.7626953125,195.193359375
7163,59,1255.5830078125,195.26171875
7164,59,1256.7841796875,195.244140625
7165,59,1256.453125,195.1796875
7166,59,1255.71484375,195.0185546875
7167,59,1255.4423828125,194.7236328125
7168,59,1255.240234375,194.75
7169,59,1261.3408203125,194.9912109375
7170,59,1264.322265625,195.099609375
7171,59,1265.3505859375,195.1318359375
7172,59,1266.6962890625,195.2216796875
7173,59,1266.2294921875,195.048828125
7174,59,1266.296875,194.9658203125
7175,59,1266.1494140625,195.0009765625
7176,59,1265.5419921875,194.9091796875
7177,59,1265.501953125,194.9287109375
7178,59,1265.4912109375,194.982421875
7179,59,1265.0478515625,194.98046875
7180,59,1264.59765625,194.7783203125
7181,59,1264.5205078125,194.828125
7182,59,1263.380859375,194.6162109375
7183,59,1262.796875,194.685546875
7184,59,1262.1923828125,194.5556640625
7185,59,1251.5029296875,193.9697265625
7186,59,1250.986328125,193.998046875
7187,59,1250.1181640625,193.75
7188,59,1246.6318359375,193.5068359375
7189,59,1245.7099609375,193.326171875
7190,59,1245.4677734375,193.365234375
7191,59,1245.0390625,193.3056640625
7192,59,1244.5732421875,193.2548828125
7193,59,1244.484375,193.1396484375
7194,59,1244.501953125,193.0986328125
7195,59,1244.318359375,193.001953125
7196,59,1242.8330078125,192.814453125
7197,59,1242.8857421875,192.8369140625
7198,59,1242.341796875,192.724609375
7199,59,1242.037109375,192.611328125
7200,59,1241.5107421875,192.59375
7201,59,1217.6787109375,193.314453125
7202,59,1218.916015625,193.3740234375
7203,59,1218.51171875,193.0419921875
7204,59,1218.64453125,193.0634765625
7205,59,1219.2138671875,193.1728515625
7206,59,1219.416015625,193.1875
7207,59,1219.5380859375,193.107421875
7208,59,1219.994140625,193.0693359375
7209,59,1220.2666015625,192.9375
7210,59,1220.1611328125,192.96484375
7211,59,1221.0693359375,193.0341796875
7212,59,1221.4375,193.0458984375
7213,59,1222.2333984375,193.32421875
7214,59,1222.9580078125,193.0478515625
7215,59,1223.5419921875,193.3955078125
7216,59,1224.244140625,193.4033203125
7217,59,1216.68359375,192.640625
7218,59,1218.07421875,192.5966796875
7219,59,1218.4892578125,192.57421875
7220,59,1219.2919921875,192.4208984375
7221,59,1220.2392578125,192.3759765625
7222,59,1221.60546875,192.2900390625
7223,59,1223.58203125,192.3701171875
7224,59,1224.9501953125,192.544921875
7225,59,1225.931640625,192.59375
7226,59,1228.2568359375,192.765625
7227,59,1228.919921875,192.8857421875
7228,59,1227.76171875,192.5986328125
7229,59,1228.7490234375,192.7041015625
7230,59,1229.9501953125,192.78515625
7231,59,1233.8134765625,193.11328125
7232,59,1235.6357421875,193.1572265625
7233,59,1243.5830078125,193.650390625
7234,59,1247.3818359375,193.826171875
7235,59,1249.201171875,193.828125
7236,59,1249.71875,193.8935546875
7237,59,1249.6865234375,193.7705078125
7238,59,1250.2861328125,193.8203125
7239,59,1249.9248046875,193.8134765625
7240,59,1250.9931640625,193.982421875
7241,59,1250.892578125,193.9638671875
7242,59,1251.5791015625,193.9736328125
7243,59,1253.4365234375,194.0009765625
7244,59,1252.8125,194.1396484375
7245,59,1253.9482421875,194.19140625
7246,59,1253.3857421875,194.099609375
7247,59,1253.71484375,194.1455078125
7248,59,1253.8154296875,194.2236328125
7249,59,1239.076171875,193.568359375
7250,59,1241.58203125,193.564453125
7251,59,1243.27734375,193.7939453125
7252,59,1243.7607421875,193.796875
7253,59,1243.8837890625,193.7236328125
7254,59,1244.2197265625,193.658203125
7255,59,1244.9345703125,193.7822265625
7256,59,1246.01953125,193.78125
7257,59,1246.66015625,193.833984375
7258,59,1247.267578125,193.7314453125
7259,59,1248.3310546875,193.8427734375
7260,59,1248.78515625,193.8681640625
7261,59,1249.0859375,193.8994140625
7262,59,1249.9931640625,193.9365234375
7263,59,1251.0556640625,193.9755859375
7264,59,1251.2509765625,194.0029296875
7265,59,1254.9267578125,194.1552734375
7266,59,1257.5341796875,194.2490234375
7267,59,1258.5302734375,194.2958984375
7268,59,1259.3193359375,194.2685546875
7269,59,1259.6162109375,194.30859375
7270,59,1259.4970703125,194.1796875
7271,59,1260.21484375,194.2392578125
7272,59,1260.68359375,194.3017578125
7273,59,1260.9296875,194.2490234375
7274,59,1261.0595703125,194.234375
7275,59,1261.7109375,194.330078125
7276,59,1261.8837890625,194.267578125
7277,59,1261.4306640625,194.3955078125
7278,59,1261.5361328125,194.248046875
7279,59,1261.091796875,194.232421875
7280,59,1260.6416015625,194.359375
7281,59,1254.5537109375,193.2734375
7282,59,1250.970703125,193.06640625
7283,59,1255.4326171875,194.28125
7284,59,1257.8046875,194.390625
7285,59,1257.4609375,194.2412109375
7286,59,1257.84375,194.2939453125
7287,59,1258.49609375,194.357421875
7288,59,1260.4404296875,194.46875
7289,59,1262.205078125,194.4443359375
7290,59,1263.1064453125,194.4677734375
7291,59,1263.541015625,194.4853515625
7292,59,1263.66796875,194.4345703125
7293,59,1264.2392578125,194.3857421875
7294,59,1264.615234375,194.298828125
7295,59,1264.48828125,194.341796875
7296,59,1264.4072265625,194.150390625
7297,59,1266.0615234375,194.0712890625
7298,59,1267.71484375,194.1416015625
7299,59,1267.67578125,194.0546875
7300,59,1268.03515625,193.921875
7301,59,1267.970703125,193.880859375
7302,59,1268.12890625,193.90234375
7303,59,1268.4462890625,193.9296875
7304,59,1268.681640625,193.927734375
7305,59,1268.69921875,193.9287109375
7306,59,1268.0927734375,194.0810546875
7307,59,1267.755859375,194.0859375
7308,59,1267.0,194.1240234375
7309,59,1266.5166015625,194.060546875
7310,59,1266.5732421875,194.11328125
7311,59,1265.95703125,194.171875
7312,59,1252.30078125,193.935546875
7313,59,1262.0791015625,194.2041015625
7314,59,1265.59765625,194.431640625
7315,59,1268.23828125,194.55859375
7316,59,1267.9423828125,194.4609375
7317,59,1268.494140625,194.4970703125
7318,59,1268.8466796875,194.55859375
7319,59,1269.482421875,194.6328125
7320,59,1268.9541015625,194.4697265625
7321,59,1269.0810546875,194.35546875
7322,59,1270.0732421875,194.482421875
7323,59,1270.810546875,194.5439453125
7324,59,1271.142578125,194.5166015625
7325,59,1271.51953125,194.603515625
7326,59,1271.806640625,194.57421875
7327,59,1271.853515625,194.603515625
7328,59,1271.5712890625,194.6015625
7329,59,1272.3583984375,194.6162109375
7330,59,1273.2294921875,194.623046875
7331,59,1273.05078125,194.654296875
7332,59,1273.080078125,194.6572265625
7333,59,1273.3466796875,194.767578125
7334,59,1273.197265625,194.716796875
7335,59,1272.9677734375,194.732421875
7336,59,1272.92578125,194.6708984375
7337,59,1272.8134765625,194.7158203125
7338,59,1272.353515625,194.701171875
7339,59,1271.7265625,194.572265625
7340,59,1270.8798828125,194.5380859375
7341,59,1269.4599609375,194.5048828125
7342,59,1268.0263671875,194.4873046875
7343,59,1267.537109375,194.4462890625
7344,59,1250.1064453125,193.90625
7345,59,1251.2333984375,193.6220703125
7346,59,1253.6513671875,193.822265625
7347,59,1255.3056640625,193.9599609375
7348,59,1255.474609375,193.9150390625
7349,59,1255.7958984375,193.8349609375
7350,59,1255.712890625,193.8232421875
7351,59,1255.169921875,193.744140625
7352,59,1254.6123046875,193.634765625
7353,59,1254.689453125,193.6875
7354,59,1254.853515625,193.6044921875
7355,59,1254.880859375,193.57421875
7356,59,1254.6455078125,193.4794921875
7357,59,1254.5380859375,193.4697265625
7358,59,1254.0146484375,193.4775390625
7359,59,1254.052734375,193.5205078125
7360,59,1253.671875,193.2998046875
7361,59,1215.5087890625,192.9013671875
7362,59,1216.4443359375,192.94140625
7363,59,1217.5703125,193.0439453125
7364,59,1218.517578125,193.04296875
7365,59,1219.0146484375,193.2177734375
7366,59,1219.4248046875,193.1494140625
7367,59,1220.1650390625,193.1806640625
7368,59,1221.154296875,193.2431640625
7369,59,1222.0556640625,193.3154296875
7370,59,1223.0478515625,193.2568359375
7371,59,1223.837890625,193.2841796875
7372,59,1224.1845703125,193.25
7373,59,1224.259765625,193.28515625
7374,59,1224.9267578125,193.435546875
7375,59,1214.158203125,192.80078125
7376,59,1215.1962890625,192.8330078125
7377,59,1226.5859375,193.20703125
7378,59,1230.7734375,193.5341796875
7379,59,1233.2412109375,193.5888671875
7380,59,1234.2509765625,193.646484375
7381,59,1235.111328125,193.703125
7382,59,1236.283203125,193.77734375
7383,59,1236.033203125,193.7041015625
7384,59,1236.060546875,193.4677734375
7385,59,1236.38671875,193.560546875
7386,59,1236.08984375,193.3916015625
7387,59,1236.3515625,193.365234375
7388,59,1237.0283203125,193.4697265625
7389,59,1237.7939453125,193.791015625
7390,59,1237.9052734375,193.716796875
7391,59,1238.224609375,193.5146484375
7392,59,1238.7177734375,193.74609375
7393,59,1242.4892578125,193.5068359375
7394,59,1244.7265625,193.5869140625
7395,59,1246.2333984375,193.591796875
7396,59,1246.080078125,193.564453125
7397,59,1246.673828125,193.916015625
7398,59,1247.771484375,193.9697265625
7399,59,1248.1064453125,193.70703125
7400,59,1248.482421875,193.8271484375
7401,59,1249.3056640625,193.8115234375
7402,59,1249.71875,194.1865234375
7403,59,1249.53515625,194.3173828125
7404,59,1250.125,194.2353515625
7405,59,1250.361328125,194.0634765625
7406,59,1250.431640625,194.125
7407,59,1237.4130859375,193.7919921875
7408,59,1236.640625,193.982421875
7409,59,1235.935546875,193.00390625
7410,59,1239.53515625,193.05078125
7411,59,1246.1923828125,194.1826171875
7412,59,1248.9814453125,194.3115234375
7413,59,1251.41796875,194.4384765625
7414,59,1251.087890625,194.3681640625
7415,59,1252.126953125,194.3544921875
7416,59,1252.1376953125,194.5322265625
7417,59,1252.271484375,194.359375
7418,59,1251.7900390625,194.3544921875
7419,59,1253.0390625,194.408203125
7420,59,1252.57421875,194.263671875
7421,59,1251.9267578125,194.1494140625
7422,59,1252.6884765625,194.2470703125
7423,59,1253.3955078125,194.2421875
7424,59,1252.755859375,194.193359375
7425,59,1254.9609375,194.1474609375
7426,59,1256.0,194.4716796875
7427,59,1256.388671875,194.1904296875
7428,59,1256.763671875,194.1103515625
7429,59,1256.89453125,194.1435546875
7430,59,1256.73828125,194.068359375
7431,59,1256.8564453125,194.103515625
7432,59,1257.19140625,194.130859375
7433,59,1257.138671875,194.232421875
7434,59,1256.587890625,194.19140625
7435,59,1256.599609375,194.4921875
7436,59,1256.689453125,194.4599609375
7437,59,1256.0478515625,194.5478515625
7438,59,1242.8798828125,193.9736328125
7439,59,1242.9248046875,194.0556640625
7440,59,1243.0068359375,194.1259765625
7441,59,1242.2353515625,193.2939453125
7442,59,1246.560546875,193.650390625
7443,59,1253.2216796875,194.6826171875
7444,59,1255.6796875,194.8701171875
7445,59,1256.6416015625,194.7724609375
7446,59,1256.3994140625,194.6494140625
7447,59,1256.8837890625,194.5634765625
7448,59,1257.6435546875,194.7431640625
7449,59,1258.494140625,194.7783203125
7450,59,1258.9794921875,194.767578125
7451,59,1259.0927734375,194.943359375
7452,59,1258.2373046875,194.4814453125
7453,59,1258.21875,194.68359375
7454,59,1258.8564453125,194.556640625
7455,59,1259.55859375,194.595703125
7456,59,1258.7861328125,194.48046875
7457,59,1259.0244140625,194.453125
7458,59,1259.8779296875,194.453125
7459,59,1260.615234375,194.6904296875
7460,59,1261.1708984375,194.666015625
7461,59,1261.6162109375,194.4404296875
7462,59,1261.2373046875,194.2880859375
7463,59,1261.4560546875,194.30859375
7464,59,1260.935546875,194.2939453125
7465,59,1261.130859375,194.3271484375
7466,59,1260.0595703125,194.3359375
7467,59,1260.751953125,194.2802734375
7468,59,1259.986328125,194.486328125
7469,59,1259.416015625,194.5341796875
7470,59,1248.376953125,194.083984375
7471,59,1247.318359375,194.1669921875
7472,59,1247.896484375,194.0126953125
7473,59,1247.3759765625,193.4189453125
7474,59,1250.021484375,193.330078125
7475,59,1255.703125,194.2099609375
7476,59,1258.0068359375,194.3505859375
7477,59,1257.41015625,194.1806640625
7478,59,1257.673828125,194.1767578125
7479,59,1258.375,194.251953125
7480,59,1259.6015625,194.3603515625
7481,59,1260.056640625,194.4375
7482,59,1260.2119140625,194.400390625
7483,59,1260.0966796875,194.322265625
7484,59,1260.0830078125,194.2353515625
7485,59,1260.2333984375,194.2177734375
7486,59,1260.02734375,194.216796875
7487,59,1260.544921875,194.1552734375
7488,59,1260.12109375,194.140625
7489,59,1260.4521484375,194.12109375
3819,64,810.2724609375,93.6298828125
3820,69,810.55859375,102.3916015625
3821,74,811.076171875,114.69140625
3822,79,809.8798828125,131.5556640625
3823,84,809.1015625,148.83984375
3824,86,809.0986328125,179.6826171875
3825,86,810.5185546875,195.609375
3826,86,808.8037109375,195.2880859375
3827,86,808.587890625,195.1904296875
3828,86,808.9404296875,195.3076171875
3829,86,810.009765625,195.4384765625
3830,86,808.599609375,195.1142578125
3831,86,808.5244140625,195.14453125
3832,86,809.09375,195.30078125
3833,86,809.439453125,195.4052734375
3834,86,808.5078125,195.0908203125
3835,86,808.35546875,195.0703125
3836,86,808.86328125,195.0625
3837,86,809.494140625,195.2412109375
3838,86,808.4599609375,195.1337890625
3839,86,808.70703125,195.068359375
3840,86,809.2216796875,195.2509765625
3841,86,751.6337890625,194.0888671875
3842,86,751.6328125,193.900390625
3843,86,751.7197265625,193.7607421875
3844,86,752.77734375,193.9755859375
3845,86,754.5361328125,194.2451171875
3846,86,753.615234375,194.2392578125
3847,86,753.2236328125,194.12890625
3848,86,752.7568359375,194.1005859375
3849,86,752.5048828125,193.9453125
3850,91,519.2998046875,143.7412109375
3851,93,519.9443359375,181.8154296875
3852,91,525.1083984375,210.578125
3853,93,525.626953125,181.240234375
3854,91,535.5380859375,213.447265625
3855,93,531.7451171875,183.25
3856,91,527.599609375,209.2431640625
3857,93,529.2607421875,180.712890625
3858,91,537.1220703125,212.8408203125
3859,93,532.5888671875,180.9365234375
3860,91,534.9501953125,211.1201171875
3861,93,536.8291015625,182.9423828125
3862,91,537.4775390625,212.890625
3863,93,525.83203125,178.5859375
3864,92,524.3466796875,206.6669921875
3865,94,517.8388671875,183.755859375
3866,91,513.0751953125,221.12109375
3867,94,515.9462890625,173.9140625
3868,91,508.6103515625,221.484375
3869,94,517.5888671875,174.5361328125
3870,90,518.9921875,224.662109375
3871,94,520.3017578125,167.099609375
3872,90,517.150390625,224.380859375
3873,94,518.4697265625,166.90234375
3874,90,521.2294921875,225.181640625
3875,94,520.451171875,167.0478515625
3876,90,522.357421875,225.69921875
3877,94,521.05859375,167.310546875
3878,90,521.6904296875,224.787109375
3879,94,521.9326171875,166.6650390625
3880,90,519.8603515625,224.263671875
3881,94,519.421875,166.3701171875
3882,90,522.6708984375,225.2998046875
3883,94,523.6435546875,168.1572265625
3884,90,523.3271484375,226.0341796875
3885,94,524.8037109375,168.4375
3886,90,525.8232421875,226.9130859375
3887,94,525.10546875,168.2333984375
3888,90,522.6318359375,225.1884765625
3889,94,517.314453125,165.138671875
3890,91,518.6044921875,223.103515625
3891,94,520.66796875,175.0556640625
3892,90,519.001953125,224.13671875
3893,94,521.0830078125,166.9892578125
3894,90,520.4853515625,224.51171875
3895,94,521.693359375,166.8876953125
3896,90,523.4423828125,225.3798828125
3897,94,522.6142578125,167.123046875
3898,90,524.130859375,225.322265625
3899,94,525.3076171875,167.9443359375
3900,90,525.2392578125,225.7412109375
3901,94,521.5302734375,166.8115234375
3902,90,522.76953125,224.8583984375
3903,94,524.720703125,167.421875
3904,90,526.23046875,225.939453125
3905,94,526.3525390625,167.9697265625
3906,90,526.306640625,225.982421875
3907,94,526.2822265625,167.9130859375
3908,93,480.15234375,201.0517578125
3909,95,480.72265625,180.30859375
3910,90,485.2158203125,231.3935546875
3911,95,489.25,146.03125
3912,90,498.0634765625,235.7177734375
3913,95,497.6279296875,147.376953125
3914,90,498.986328125,235.3955078125
3915,95,500.3828125,148.28125
3916,90,502.591796875,237.162109375
3917,95,502.10546875,148.3837890625
3918,90,500.552734375,235.849609375
3919,95,501.7646484375,148.2255859375
3920,90,502.3388671875,237.0693359375
3921,95,500.830078125,147.861328125
3922,90,500.03515625,235.6298828125
3923,95,499.5087890625,147.462890625
3924,90,498.541015625,235.296875
3925,95,497.8193359375,146.6455078125
3926,90,495.1474609375,232.416015625
3927,95,494.466796875,145.3740234375
3928,90,490.9296875,232.046875
3929,95,490.3818359375,144.087890625
3930,91,487.84375,229.791015625
3931,96,486.3291015625,150.2099609375
3932,91,480.2822265625,255.529296875
3933,96,488.9189453125,150.181640625
3934,91,488.3310546875,257.755859375
3935,96,486.953125,149.8408203125
3936,91,480.857421875,255.2421875
3937,96,483.9677734375,149.0458984375
3938,91,482.0576171875,254.9033203125
3939,96,482.2568359375,148.80859375
3940,91,479.4189453125,254.5927734375
3941,96,481.7080078125,148.6845703125
3942,91,479.1904296875,253.9111328125
3943,96,481.7216796875,148.537109375
3944,91,478.54296875,254.2431640625
3945,96,480.546875,148.375
3946,91,479.720703125,253.9755859375
3947,96,482.439453125,148.8310546875
3948,91,479.8564453125,254.4970703125
3949,96,488.29296875,150.3505859375
3950,91,486.3984375,257.4638671875
3951,96,489.8740234375,150.2060546875
3952,91,487.9326171875,258.5693359375
3953,96,490.8203125,150.314453125
3954,91,487.48046875,257.2685546875
3955,96,492.4580078125,150.4619140625
3956,91,485.73046875,256.978515625
3957,96,489.9013671875,149.509765625
3958,91,488.501953125,256.857421875
3959,96,494.0126953125,150.0478515625
3960,91,485.8759765625,256.392578125
3961,96,513.6455078125,154.0693359375
3962,91,513.1708984375,267.6416015625
3963,96,514.6904296875,153.75390625
3964,91,513.701171875,267.3310546875
3965,96,513.021484375,152.3359375
3966,91,494.06640625,273.26953125
3967,94,495.9140625,170.732421875
3968,90,526.8212890625,226.42578125
3969,94,527.2392578125,164.185546875
3970,91,525.4072265625,219.7060546875
3971,95,513.6494140625,164.0634765625
3972,90,501.978515625,235.4248046875
3973,95,487.0517578125,144.85546875
3974,92,465.5986328125,219.79296875
3975,97,450.384765625,150.3798828125
3976,92,453.8017578125,271.9248046875
3977,97,453.380859375,149.2001953125
3978,92,438.56640625,262.25390625
3979,97,423.1416015625,140.078125
3980,92,427.0,254.81640625
3981,97,416.9892578125,136.78515625
3982,92,408.578125,242.9853515625
3983,97,395.212890625,129.67578125
3984,92,396.4716796875,234.935546875
3985,97,396.6474609375,127.7998046875
3986,93,387.7099609375,228.8828125
3987,98,377.9501953125,136.3662109375
3988,93,379.505859375,253.5244140625
3989,98,373.3232421875,133.2861328125
3990,93,370.47265625,245.9560546875
3991,98,369.9443359375,131.2255859375
3992,93,357.97265625,237.9462890625
3993,98,351.2802734375,125.0341796875
3994,93,359.7158203125,237.796875
3995,98,336.0390625,121.0576171875
3996,95,335.1533203125,222.6103515625
3997,100,333.873046875,153.3583984375
3998,95,331.7998046875,339.83984375
3999,100,334.84765625,152.9765625
4000,95,331.7314453125,339.12890625
4001,100,327.861328125,150.4267578125
4002,95,318.95703125,325.7216796875
4003,100,316.7216796875,146.54296875
4004,95,314.236328125,321.4765625
4005,100,320.44140625,148.720703125
4006,95,322.2724609375,329.9306640625
4007,100,310.888671875,145.30078125
4008,95,309.3955078125,316.5048828125
4009,100,302.3759765625,142.359375
4010,95,299.1533203125,305.8681640625
4011,100,301.6044921875,142.0234375
4012,95,291.8076171875,298.4814453125
4013,100,308.5078125,147.287109375
4014,95,312.0361328125,317.82421875
4015,100,302.6591796875,144.3115234375
4016,95,255.041015625,260.451171875
4017,100,256.9814453125,123.1728515625
4018,95,250.666015625,255.9619140625
4019,100,248.8759765625,118.4697265625
4020,95,246.32421875,252.1396484375
4021,100,240.689453125,113.689453125
4022,95,233.87109375,239.1123046875
4023,100,229.1298828125,108.541015625
4024,95,228.6640625,233.822265625
4025,100,220.7392578125,104.1943359375
4026,97,216.8623046875,221.8720703125
4027,100,215.1943359375,130.724609375
4028,99,202.8134765625,207.3994140625
4029,100,196.189453125,174.205078125
4030,100,183.54296875,188.37109375
4031,100,190.2958984375,195.8154296875
4032,99,196.0439453125,201.2578125
4033,100,172.7529296875,155.7392578125
4034,100,156.4580078125,160.7568359375
4035,100,149.4482421875,153.3994140625
4036,100,155.447265625,159.7109375
4037,100,172.7578125,177.4912109375
4038,100,178.9658203125,183.5224609375
4039,100,187.7099609375,192.998046875
4040,99,196.1982421875,201.462890625
4041,100,171.431640625,152.51953125
4042,100,169.3291015625,174.060546875
4043,100,178.443359375,183.349609375
4044,100,186.37890625,191.1328125
4045,100,194.01171875,198.666015625
4046,99,201.830078125,206.60546875
4047,100,202.57421875,180.2333984375
4048,99,202.6201171875,207.3583984375
4049,100,208.927734375,184.46484375
4050,97,212.6767578125,217.9921875
4051,100,219.3681640625,134.1025390625
4052,96,219.6474609375,225.3115234375
4053,100,233.6845703125,125.2705078125
4054,95,237.9443359375,243.904296875
4055,100,248.123046875,118.353515625
4056,95,260.8798828125,266.8984375
4057,100,262.931640625,124.76953125
4058,95,274.0625,280.521484375
4059,100,284.1376953125,133.138671875
4060,95,285.3505859375,291.7333984375
4061,100,288.7548828125,135.6279296875
4062,95,293.4765625,299.8369140625
4063,100,294.6171875,138.720703125
4064,95,301.970703125,307.99609375
4065,100,311.279296875,145.9736328125
4066,95,313.5947265625,320.03125
4067,100,330.8447265625,154.9912109375
4068,95,342.9345703125,349.755859375
4069,99,352.2294921875,164.5478515625
4070,94,364.896484375,315.24609375
4071,99,371.0751953125,151.7822265625
4072,94,380.1630859375,329.0478515625
4073,99,387.1435546875,157.478515625
4074,94,392.73828125,339.2529296875
4075,98,399.46484375,161.9267578125
4076,93,400.94921875,267.482421875
4077,98,408.3134765625,149.6611328125
4078,93,417.1318359375,278.7177734375
4079,98,420.5126953125,154.4541015625
4080,93,423.5234375,283.666015625
4081,97,445.6796875,167.9140625
4082,92,440.318359375,261.5234375
4083,97,447.0458984375,150.576171875
4084,92,442.9814453125,264.0771484375
4085,97,444.8876953125,150.751953125
4086,92,450.9931640625,270.53125
4087,97,444.19140625,150.3212890625
4088,92,435.998046875,261.9501953125
4089,97,448.20703125,150.638671875
4090,92,448.1123046875,269.046875
4091,97,446.2294921875,150.666015625
4092,92,448.0859375,269.3369140625
4093,97,461.1591796875,154.421875
4094,92,456.673828125,273.802734375
4095,97,466.2958984375,154.748046875
4096,92,469.0703125,280.294921875
4097,97,463.51171875,155.1923828125
4098,92,466.1728515625,279.90234375
4099,97,471.5478515625,157.71484375
4100,92,470.7060546875,281.8603515625
4101,97,473.8857421875,157.7724609375
4102,92,472.5078125,282.4140625
4103,97,471.51953125,156.34765625
4104,92,472.59375,282.11328125
4105,97,477.5146484375,157.720703125
4106,92,479.869140625,285.57421875
4107,97,478.9541015625,157.5859375
4108,92,482.9833984375,288.00390625
4109,97,487.419921875,158.9052734375
4110,92,510.4033203125,299.93359375
4111,96,501.7802734375,161.5673828125
4112,91,500.73046875,262.4677734375
4113,96,441.3388671875,142.52734375
4114,91,489.1494140625,256.591796875
4115,96,497.208984375,151.328125
4116,91,446.0673828125,239.1982421875
4117,96,485.2294921875,148.4228515625
4118,91,481.08203125,253.2578125
4119,96,486.4267578125,149.861328125
4120,91,436.0703125,234.9775390625
4121,96,478.94921875,147.6630859375
4122,91,486.9423828125,255.4541015625
4123,96,479.5361328125,148.2548828125
4124,91,437.2890625,234.46484375
4125,96,479.05859375,146.865234375
4126,91,482.94140625,253.916015625
4127,96,482.845703125,148.2841796875
4128,91,439.73046875,236.3330078125
4129,96,475.626953125,145.7197265625
4130,91,483.4853515625,251.982421875
4131,96,486.3330078125,147.4052734375
4132,91,443.0703125,237.61328125
4133,96,477.4013671875,144.4794921875
4134,91,476.79296875,249.947265625
4135,96,484.1162109375,147.46875
4136,91,452.8037109375,240.6123046875
4137,96,484.1591796875,146.158203125
4138,91,483.6748046875,250.986328125
4139,96,484.8251953125,146.271484375
4140,91,447.548828125,237.6005859375
4141,96,479.60546875,144.7431640625
4142,91,480.123046875,249.98828125
4143,96,489.146484375,147.083984375
4144,91,464.8681640625,245.224609375
4145,96,484.7001953125,145.2939453125
4146,91,490.068359375,252.818359375
4147,96,487.9716796875,146.4384765625
4148,91,466.1318359375,244.91015625
4149,96,481.0244140625,143.8935546875
4150,91,484.5595703125,250.0703125
4151,96,480.77734375,144.8271484375
4152,91,466.162109375,243.8603515625
4153,96,484.1201171875,143.966796875
4154,91,484.814453125,249.908203125
4155,96,482.6728515625,144.9013671875
4156,91,474.8857421875,247.8037109375
4157,96,490.3291015625,145.1435546875
4158,91,488.4072265625,251.103515625
4159,96,488.3642578125,146.083984375
4160,91,476.8623046875,248.421875
4161,96,486.251953125,144.71875
4162,91,490.978515625,251.9150390625
4163,96,490.0712890625,146.673828125
4164,93,390.9619140625,220.025390625
4165,98,391.1279296875,160.708984375
4166,93,392.1064453125,277.083984375
4167,97,396.478515625,163.369140625
4168,92,405.7939453125,256.1103515625
4169,97,422.626953125,156.7177734375
4170,92,436.75390625,272.78515625
4171,97,436.7890625,160.3564453125
4172,92,429.9443359375,268.8525390625
4173,97,427.3564453125,156.8984375
4174,92,431.541015625,269.7392578125
4175,97,432.5771484375,158.2431640625
4176,92,435.8759765625,271.6494140625
4177,97,439.5908203125,160.8818359375
4178,92,441.2421875,274.65234375
4179,97,439.767578125,160.69140625
4180,92,436.2861328125,272.357421875
4181,97,431.013671875,156.8642578125
4182,92,429.111328125,268.060546875
4183,97,430.814453125,157.1787109375
4184,92,433.349609375,270.3203125
4185,97,435.9140625,158.947265625
4186,92,438.849609375,273.587890625
4187,96,445.751953125,162.26953125
4188,91,446.5517578125,246.4873046875
4189,96,444.078125,152.505859375
4190,91,443.060546875,244.5
4191,96,443.5986328125,151.76171875
4192,91,442.22265625,242.603515625
4193,96,447.1240234375,152.48828125
4194,91,449.666015625,246.9091796875
4195,96,451.98046875,154.2880859375
4196,91,449.650390625,246.970703125
4197,96,448.591796875,153.048828125
4198,91,452.7470703125,248.7568359375
4199,96,455.1025390625,155.61328125
4200,91,453.0654296875,248.734375
4201,95,483.8447265625,162.130859375
4202,90,494.30859375,236.3427734375
4203,95,495.416015625,157.1142578125
4204,90,497.453125,238.0927734375
4205,95,490.181640625,156.6611328125
4206,90,492.6904296875,236.123046875
4207,95,485.2431640625,154.5380859375
4208,91,480.283203125,230.8359375
4209,96,471.7958984375,157.177734375
