3981,35,1367.6083984375,160.4833984375
3982,37,1367.853515625,178.64453125
3983,38,1368.302734375,184.568359375
3984,39,1365.927734375,188.697265625
3985,40,1365.54296875,191.6630859375
3986,40,1366.6318359375,193.59765625
3987,40,1365.806640625,193.3388671875
3988,40,1366.2255859375,193.3232421875
3989,40,1367.07421875,193.5810546875
3990,40,1365.9814453125,193.208984375
3991,40,1366.029296875,193.18359375
3992,40,1366.6796875,193.3203125
3993,40,1365.021484375,192.9873046875
3994,40,1364.775390625,193.01171875
3995,40,1365.494140625,193.2392578125
3996,40,1364.6357421875,192.9736328125
3997,40,1364.359375,192.9921875
3998,40,1365.037109375,193.185546875
3999,40,1364.24609375,193.1083984375
4000,40,1364.5625,193.0810546875
4001,40,1335.806640625,193.705078125
4002,40,1336.4482421875,193.5654296875
4003,40,1336.3095703125,193.5078125
4004,40,1336.55859375,193.5869140625
4005,40,1336.0712890625,193.369140625
4006,40,1336.3125,193.33203125
4007,40,1336.451171875,193.4375
4008,40,1335.427734375,193.1845703125
4009,40,1335.9267578125,193.19921875
4010,40,1336.6630859375,193.552734375
4011,40,1337.421875,193.484375
4012,40,1337.6376953125,193.62109375
4013,40,1338.2998046875,193.62890625
4014,40,1338.6318359375,193.7939453125
4015,40,1339.08984375,193.8515625
4016,40,1339.4384765625,193.8857421875
4017,40,1338.037109375,193.517578125
4018,40,1340.6123046875,193.439453125
4019,40,1341.89453125,193.7734375
4020,40,1340.94140625,193.5244140625
4021,40,1341.435546875,193.4296875
4022,40,1341.673828125,193.5947265625
4023,40,1340.875,193.341796875
4024,40,1340.67578125,193.2255859375
4025,40,1340.802734375,193.216796875
4026,40,1339.7587890625,193.017578125
4027,40,1339.8994140625,192.8994140625
4028,40,1340.2529296875,193.1455078125
4029,40,1340.37109375,193.1923828125
4030,40,1340.50390625,193.2109375
4031,40,1343.8857421875,193.572265625
4032,40,1345.294921875,193.7138671875
4033,40,1343.189453125,193.2080078125
4034,40,1347.0693359375,193.26953125
4035,40,1349.638671875,193.6787109375
4036,40,1348.220703125,193.4052734375
4037,40,1349.7451171875,193.298828125
4038,40,1350.4267578125,193.498046875
4039,40,1351.65234375,193.5322265625
4040,40,1351.640625,193.6337890625
4041,40,1351.8681640625,193.603515625
4042,40,1351.2158203125,193.4765625
4043,40,1351.5615234375,193.6083984375
4044,40,1352.3076171875,193.763671875
4045,40,1353.2099609375,193.8056640625
4046,40,1353.5859375,193.8447265625
4047,40,1354.1630859375,193.9248046875
4048,40,1354.7763671875,194.05859375
4049,40,1351.8876953125,193.30078125
4050,40,1355.876953125,193.3369140625
4051,40,1358.58203125,193.7333984375
4052,40,1359.8232421875,193.7666015625
4053,40,1360.05078125,193.65234375
4054,40,1359.640625,193.625
4055,40,1359.271484375,193.37109375
4056,40,1357.9697265625,193.1005859375
4057,40,1357.54296875,193.0888671875
4058,40,1358.240234375,193.2431640625
4059,40,1356.6025390625,192.9287109375
4060,40,1356.607421875,192.6611328125
4061,40,1357.072265625,192.859375
4062,40,1356.740234375,192.7919921875
4063,40,1356.4189453125,192.7646484375
4064,40,1355.9140625,192.7421875
4065,41,1353.3671875,192.251953125
4066,41,1353.4873046875,197.0
4067,41,1354.6650390625,197.1787109375
4068,41,1354.923828125,197.2783203125
4069,41,1355.8837890625,197.2802734375
4070,41,1355.6767578125,197.3935546875
4071,41,1355.994140625,197.49609375
4072,41,1356.25,197.525390625
4073,41,1356.962890625,197.58203125
4074,41,1357.2783203125,197.7861328125
4075,41,1357.345703125,197.7666015625
4076,41,1358.0107421875,197.8681640625
4077,41,1358.396484375,198.044921875
4078,41,1358.818359375,198.0390625
4079,41,1358.7763671875,198.0703125
4080,41,1358.431640625,197.82421875
4081,41,1355.2900390625,197.02734375
4082,41,1356.1826171875,197.076171875
4083,41,1359.5361328125,197.568359375
4084,41,1360.37890625,197.458984375
4085,41,1360.0458984375,197.33203125
4086,41,1359.46875,197.197265625
4087,41,1359.4853515625,197.107421875
4088,41,1358.96484375,196.974609375
4089,41,1358.751953125,196.8466796875
4090,41,1358.0078125,196.7783203125
4091,41,1357.919921875,196.685546875
4092,41,1357.0009765625,196.5048828125
4093,41,1356.54296875,196.5439453125
4094,41,1356.462890625,196.4560546875
4095,41,1356.958984375,196.7158203125
4096,41,1357.1318359375,196.783203125
4097,41,1355.6591796875,196.5537109375
4098,41,1355.666015625,196.427734375
4099,41,1356.38671875,196.580078125
4100,41,1356.2724609375,196.5654296875
4101,41,1355.8125,196.462890625
4102,41,1355.80859375,196.3671875
4103,41,1355.765625,196.3740234375
4104,41,1355.5283203125,196.3076171875
4105,41,1355.453125,196.3681640625
4106,41,1355.73046875,196.607421875
4107,41,1356.3740234375,196.828125
4108,41,1356.6298828125,196.923828125
4109,41,1357.1396484375,196.904296875
4110,41,1357.3525390625,197.0244140625
4111,41,1357.77734375,197.2109375
4112,41,1358.00390625,197.2880859375
4113,41,1359.7900390625,197.0498046875
4114,41,1360.2705078125,197.0478515625
4115,41,1360.3359375,196.8916015625
4116,41,1359.6484375,196.8095703125
4117,41,1360.2724609375,196.8779296875
4118,41,1360.3603515625,196.7919921875
4119,41,1358.5517578125,196.482421875
4120,41,1357.9951171875,196.3056640625
4121,41,1358.552734375,196.4287109375
4122,41,1357.9228515625,196.3515625
4123,41,1357.3212890625,196.2724609375
4124,41,1356.673828125,196.189453125
4125,41,1356.1552734375,196.0234375
4126,41,1355.5859375,195.9501953125
4127,41,1354.66796875,195.7919921875
4128,41,1354.3427734375,195.9482421875
4129,41,1351.2119140625,195.4365234375
4130,41,1350.2880859375,195.3662109375
4131,41,1350.361328125,195.3662109375
4132,41,1350.681640625,195.4033203125
4133,41,1350.5078125,195.4482421875
4134,41,1350.47265625,195.490234375
4135,41,1350.9833984375,195.6298828125
4136,41,1350.857421875,195.6640625
4137,41,1351.3623046875,195.8212890625
4138,41,1351.42578125,195.9140625
4139,41,1351.6162109375,195.974609375
4140,41,1351.7314453125,196.001953125
4141,41,1351.9287109375,195.9814453125
4142,41,1351.8720703125,196.0458984375
4143,41,1352.1103515625,196.0830078125
4144,41,1352.2744140625,196.1103515625
4145,41,1346.646484375,195.6005859375
4146,41,1344.9384765625,195.5185546875
4147,41,1344.466796875,195.4072265625
4148,41,1343.9111328125,195.21875
4149,41,1343.423828125,195.0849609375
4150,41,1342.912109375,194.9462890625
4151,41,1342.564453125,194.91796875
4152,41,1342.1767578125,194.7724609375
4153,41,1341.7373046875,194.73046875
4154,41,1341.3955078125,194.6669921875
4155,41,1340.9296875,194.4931640625
4156,41,1340.458984375,194.40625
4157,41,1340.1845703125,194.3486328125
4158,41,1339.7568359375,194.3515625
4159,41,1339.595703125,194.2958984375
4160,41,1339.2587890625,194.251953125
4161,41,1299.697265625,193.455078125
4162,41,1299.91015625,193.544921875
4163,41,1299.8779296875,193.33984375
4164,41,1299.6328125,193.2880859375
4165,41,1299.177734375,193.140625
4166,41,1298.880859375,192.9990234375
4167,41,1298.9228515625,192.8310546875
4168,41,1299.1240234375,192.9013671875
4169,41,1299.205078125,192.88671875
4170,41,1299.208984375,193.056640625
4171,41,1298.30859375,192.607421875
4172,41,1297.9501953125,192.439453125
4173,41,1297.0712890625,192.416015625
4174,42,1296.1728515625,192.240234375
4175,42,1296.021484375,194.654296875
4176,42,1296.2724609375,194.62109375
4177,42,1293.9248046875,193.365234375
4178,42,1295.140625,193.197265625
4179,42,1294.1591796875,192.9384765625
4180,42,1294.3017578125,192.6357421875
4181,42,1294.0947265625,192.49609375
4182,42,1293.978515625,192.55078125
4183,42,1293.6484375,192.421875
4184,42,1293.88671875,192.4453125
4185,43,1292.677734375,192.248046875
4186,43,1292.0908203125,194.375
4187,43,1291.984375,194.30078125
4188,43,1292.1318359375,194.2919921875
4189,43,1292.3828125,194.3369140625
4190,43,1292.435546875,194.2900390625
4191,43,1295.2275390625,194.5703125
4192,43,1294.6865234375,194.712890625
4193,43,1293.0048828125,193.8896484375
4194,43,1295.5068359375,193.66015625
4195,43,1298.2783203125,194.181640625
4196,43,1299.5244140625,194.2841796875
4197,43,1297.3212890625,193.76953125
4198,43,1297.4375,193.646484375
4199,43,1299.048828125,193.978515625
4200,43,1298.689453125,193.8203125
4201,43,1298.984375,193.8330078125
4202,43,1299.427734375,193.8857421875
4203,43,1299.8193359375,193.8125
4204,43,1299.66796875,193.78125
4205,43,1300.1533203125,193.9462890625
4206,43,1302.4609375,194.3251953125
4207,43,1303.234375,194.4345703125
4208,43,1303.7626953125,194.392578125
4209,43,1300.3125,193.6123046875
4210,43,1301.2451171875,193.390625
4211,43,1305.20703125,194.025390625
4212,43,1305.6650390625,194.044921875
4213,43,1306.2958984375,193.9462890625
4214,43,1303.748046875,193.375
4215,43,1303.39453125,193.275390625
4216,43,1304.466796875,193.5771484375
4217,43,1303.7626953125,193.39453125
4218,43,1303.671875,193.3759765625
4219,43,1303.087890625,193.2646484375
4220,43,1303.0,193.359375
4221,43,1303.5341796875,193.3994140625
4222,43,1301.470703125,192.953125
4223,43,1301.439453125,192.8779296875
4224,43,1303.591796875,193.2900390625
4225,43,1303.9404296875,192.896484375
4226,43,1304.404296875,192.8193359375
4227,43,1304.4130859375,192.77734375
4228,43,1304.1513671875,192.80078125
4229,43,1303.8095703125,192.7763671875
4230,43,1302.720703125,192.5654296875
4231,43,1303.0078125,192.5322265625
4232,43,1303.0732421875,192.6572265625
4233,43,1303.591796875,192.771484375
4234,43,1303.837890625,192.8193359375
4235,43,1304.0966796875,192.9111328125
4236,43,1305.7568359375,193.2685546875
4237,43,1306.8798828125,193.40625
4238,43,1307.7548828125,193.611328125
4239,43,1308.048828125,193.7041015625
4240,43,1307.9013671875,193.7958984375
4241,43,1304.091796875,193.087890625
4242,43,1303.6962890625,192.96484375
4243,43,1306.4306640625,193.3720703125
4244,43,1307.83984375,193.421875
4245,43,1307.9111328125,193.423828125
4246,43,1307.9892578125,193.3525390625
4247,43,1308.01953125,193.197265625
4248,43,1307.810546875,193.150390625
4249,43,1306.591796875,192.8564453125
4250,43,1306.5615234375,192.8798828125
4251,43,1307.7998046875,193.0361328125
4252,43,1307.537109375,193.005859375
4253,43,1307.5966796875,193.0732421875
4254,43,1308.0361328125,193.1953125
4255,43,1308.564453125,193.23828125
4256,43,1309.0634765625,193.3896484375
4257,43,1309.4892578125,193.080078125
4258,43,1309.61328125,193.0625
4259,43,1309.65625,193.0078125
4260,43,1309.6669921875,192.9697265625
4261,43,1309.80078125,192.966796875
4262,43,1309.728515625,192.9453125
4263,43,1309.6767578125,192.9931640625
4264,43,1309.0849609375,192.8583984375
4265,43,1308.8857421875,193.171875
4266,43,1309.482421875,193.33203125
4267,43,1309.4326171875,193.3076171875
4268,43,1309.0,193.3583984375
4269,43,1309.3291015625,193.4150390625
4270,43,1309.28515625,193.388671875
4271,43,1309.1337890625,193.4462890625
4272,43,1309.228515625,193.5458984375
4273,43,1306.408203125,193.2880859375
4274,43,1305.859375,193.259765625
4275,43,1306.384765625,193.3798828125
4276,43,1306.5859375,193.3466796875
4277,43,1305.162109375,193.1611328125
4278,43,1303.0009765625,193.0009765625
4279,43,1303.5078125,192.982421875
4280,43,1303.81640625,193.048828125
4281,43,1304.994140625,193.2724609375
4282,43,1305.6337890625,193.4951171875
4283,43,1305.900390625,193.6005859375
4284,43,1306.2451171875,193.7412109375
4285,43,1306.6826171875,193.87890625
4286,43,1307.029296875,193.98828125
4287,43,1307.5673828125,194.1455078125
4288,43,1307.451171875,194.1787109375
4289,43,1304.1748046875,193.5283203125
4290,43,1303.638671875,193.4697265625
4291,43,1306.21875,193.9453125
4292,43,1306.53515625,193.91796875
4293,43,1306.54296875,193.9287109375
4294,43,1305.71484375,193.6875
4295,43,1305.1220703125,193.533203125
4296,43,1304.46484375,193.408203125
4297,43,1304.5048828125,193.326171875
4298,43,1304.421875,193.38671875
4299,43,1304.2119140625,193.2783203125
4300,43,1302.1728515625,192.9794921875
4301,43,1302.017578125,192.9609375
4302,43,1303.2275390625,193.240234375
4303,43,1303.0341796875,193.3330078125
4304,43,1302.37109375,193.154296875
4305,43,1299.8994140625,192.6875
4306,43,1299.2822265625,192.6708984375
4307,43,1298.9052734375,192.5888671875
4308,43,1298.484375,192.59375
4309,43,1298.015625,192.509765625
4310,44,1295.3203125,192.1337890625
4311,44,1294.81640625,195.880859375
4312,44,1294.64453125,195.8759765625
4313,44,1294.349609375,195.8310546875
4314,44,1294.404296875,195.740234375
4315,44,1291.7998046875,195.30859375
4316,44,1290.8154296875,195.2099609375
4317,44,1290.4384765625,195.15234375
4318,44,1290.8974609375,195.3271484375
4319,44,1291.0703125,195.21875
4320,44,1290.3447265625,195.0576171875
4321,44,1249.66015625,193.646484375
4322,44,1250.115234375,193.6103515625
4323,44,1251.0810546875,193.5498046875
4324,44,1251.18359375,193.5185546875
4325,44,1253.1669921875,193.708984375
4326,44,1251.888671875,193.1669921875
4327,44,1251.255859375,193.00390625
4328,44,1251.8505859375,193.1005859375
4329,44,1253.19921875,193.388671875
4330,44,1254.8583984375,193.7822265625
4331,44,1255.6533203125,193.9443359375
4332,44,1256.4296875,194.12890625
4333,44,1257.630859375,194.4140625
4334,44,1259.3251953125,194.87890625
4335,44,1260.3271484375,195.2109375
4336,44,1261.53125,195.451171875
4337,44,1259.865234375,195.041015625
4338,44,1265.2587890625,195.1875
4339,44,1269.6220703125,195.7626953125
4340,44,1272.6591796875,195.8583984375
4341,44,1273.515625,195.955078125
4342,44,1274.154296875,195.984375
4343,44,1274.423828125,195.95703125
4344,44,1274.6259765625,196.001953125
4345,44,1274.6943359375,195.9833984375
4346,44,1274.8154296875,196.015625
4347,44,1275.3662109375,196.166015625
4348,44,1275.91015625,196.2666015625
4349,44,1276.6474609375,196.44140625
4350,44,1277.30859375,196.53125
4351,44,1279.912109375,196.88671875
4352,44,1281.9404296875,197.2373046875
4353,44,1286.0146484375,197.3134765625
4354,44,1287.2216796875,197.4423828125
4355,44,1288.0419921875,197.4326171875
4356,44,1288.595703125,197.4931640625
4357,44,1289.6728515625,197.6181640625
4358,44,1289.8271484375,197.671875
4359,44,1289.9892578125,197.71484375
4360,44,1289.9091796875,197.6826171875
4361,44,1289.2861328125,197.560546875
4362,44,1290.0712890625,197.8837890625
4363,44,1291.0888671875,198.1572265625
4364,44,1292.109375,198.4228515625
4365,44,1290.5458984375,198.4296875
4366,44,1290.9501953125,198.4912109375
4367,44,1291.5419921875,198.626953125
4368,44,1292.2783203125,198.8046875
4369,44,1289.5810546875,198.20703125
4370,44,1293.89453125,198.1494140625
4371,44,1295.14453125,198.4814453125
4372,44,1298.3310546875,198.5009765625
4373,44,1298.8623046875,198.5400390625
4374,44,1298.4013671875,198.3740234375
4375,44,1298.841796875,198.3427734375
4376,44,1298.7705078125,198.3310546875
4377,44,1297.0068359375,198.0693359375
4378,44,1296.8837890625,198.0126953125
4379,44,1297.755859375,198.1884765625
4380,44,1297.8759765625,198.126953125
4381,44,1297.9892578125,198.2109375
4382,44,1297.068359375,198.099609375
4383,44,1297.3427734375,198.1455078125
4384,44,1297.564453125,198.30078125
4385,44,1299.0205078125,198.1171875
4386,44,1300.8251953125,198.2470703125
4387,44,1301.4873046875,198.2763671875
4388,44,1301.4931640625,198.2578125
4389,44,1300.9677734375,198.1923828125
4390,44,1301.1240234375,198.236328125
4391,44,1300.8388671875,198.181640625
4392,44,1300.7119140625,198.0537109375
4393,44,1298.115234375,197.380859375
355,49,638.7802734375,67.197265625
356,54,640.4306640625,72.6240234375
357,59,636.6953125,76.349609375
358,64,636.6123046875,82.595703125
359,69,642.5400390625,88.880859375
360,74,637.4677734375,97.90234375
361,79,747.6357421875,119.0712890625
362,84,674.8095703125,127.1318359375
363,89,675.1904296875,153.005859375
364,90,676.2421875,189.0771484375
365,89,663.3388671875,202.1240234375
366,90,661.7177734375,185.78515625
367,90,637.30078125,198.0625
368,90,651.0517578125,198.3046875
369,90,631.7705078125,197.640625
370,90,651.10546875,199.037109375
371,90,627.740234375,197.0068359375
372,90,647.677734375,197.703125
373,90,639.66796875,197.5166015625
374,90,615.9541015625,194.744140625
375,89,657.83203125,200.09375
376,90,637.4951171875,184.5439453125
377,89,658.8916015625,202.501953125
378,90,656.8486328125,187.3837890625
379,89,654.0,201.6279296875
380,90,664.4150390625,188.97265625
381,89,653.6669921875,201.5302734375
382,90,658.78125,188.0869140625
383,89,674.8701171875,204.994140625
384,89,680.9208984375,192.408203125
385,89,681.150390625,193.74609375
386,89,693.5263671875,195.833984375
387,89,685.1201171875,194.43359375
388,89,698.5712890625,197.0126953125
389,89,707.9453125,198.6875
390,88,717.88671875,201.5947265625
391,88,721.626953125,196.7958984375
392,89,706.2158203125,191.76171875
393,88,716.8251953125,201.0126953125
394,88,720.6181640625,196.1005859375
395,88,727.2958984375,198.0927734375
396,88,718.9912109375,195.171875
397,88,715.0498046875,194.9208984375
398,88,701.7734375,196.158203125
399,88,711.84375,196.654296875
400,88,711.5703125,196.228515625
401,88,708.2060546875,197.353515625
402,88,720.142578125,198.3984375
403,87,722.6103515625,200.4072265625
404,88,740.056640625,189.7880859375
405,87,763.05078125,205.9072265625
406,87,782.1826171875,197.927734375
407,87,778.86328125,196.783203125
408,87,771.9462890625,194.482421875
409,87,767.4853515625,196.0224609375
410,88,757.02734375,192.24609375
411,86,763.3837890625,208.19140625
412,87,764.6650390625,188.8828125
413,87,776.259765625,197.3525390625
414,87,771.8916015625,198.076171875
415,87,768.130859375,196.5146484375
416,87,761.4775390625,192.8544921875
417,87,753.001953125,193.0498046875
418,88,739.8408203125,188.0625
419,87,742.890625,202.9521484375
420,88,750.0947265625,190.666015625
421,87,747.111328125,200.564453125
422,87,762.6064453125,193.1982421875
423,87,764.7158203125,193.255859375
424,87,765.8349609375,192.4814453125
425,87,773.5654296875,193.123046875
426,87,775.8994140625,194.21875
427,87,792.65234375,198.0625
428,87,796.958984375,198.935546875
429,87,786.9345703125,195.078125
430,87,802.587890625,199.77734375
431,87,799.25,198.7138671875
432,87,788.3056640625,198.21484375
433,87,783.8525390625,197.693359375
434,87,778.4833984375,197.5126953125
435,87,768.2880859375,196.0791015625
436,87,760.8759765625,195.28125
437,92,298.1201171875,78.2451171875
438,97,339.888671875,112.05078125
439,94,353.9482421875,215.5302734375
440,99,351.2109375,145.140625
441,94,359.7548828125,321.943359375
442,99,357.740234375,146.34765625
443,94,372.0107421875,332.3427734375
444,99,373.955078125,151.255859375
445,94,366.826171875,326.9091796875
446,99,372.046875,150.6904296875
447,94,369.830078125,328.4619140625
448,99,371.3193359375,149.7373046875
449,94,378.0078125,334.806640625
450,99,369.6533203125,149.7255859375
451,94,382.095703125,338.046875
452,99,381.9423828125,151.9599609375
453,94,378.00390625,335.5830078125
454,99,377.6435546875,152.78125
455,94,346.96484375,309.7353515625
456,99,361.765625,147.7978515625
457,94,367.6904296875,328.1376953125
458,99,357.228515625,147.1865234375
459,94,360.90625,320.986328125
460,99,357.724609375,147.2890625
461,94,367.69921875,326.48828125
462,99,379.2138671875,153.4912109375
463,94,367.296875,326.9365234375
464,99,381.4443359375,155.162109375
465,94,388.4072265625,344.8232421875
466,98,398.4951171875,161.8095703125
467,93,396.3818359375,270.1630859375
468,98,401.9833984375,143.349609375
469,93,405.189453125,274.87109375
470,98,401.9169921875,143.4169921875
471,93,407.3115234375,276.783203125
472,98,396.2421875,142.0107421875
473,93,406.6533203125,276.9384765625
474,98,418.2861328125,147.888671875
475,93,415.728515625,282.4638671875
476,98,409.2939453125,144.6611328125
477,93,405.974609375,275.8486328125
478,98,410.4599609375,144.353515625
479,93,411.845703125,278.390625
480,98,396.583984375,140.451171875
481,93,367.1826171875,254.5205078125
482,98,395.716796875,142.8125
483,93,390.693359375,267.931640625
484,98,409.1806640625,146.5390625
485,93,972.4208984375,647.1396484375
486,98,448.8525390625,151.556640625
487,93,338.6171875,243.4091796875
488,98,347.537109375,118.69140625
489,95,302.623046875,218.1943359375
490,99,345.5546875,164.2841796875
491,94,340.03125,315.4150390625
492,99,320.404296875,130.578125
493,94,322.298828125,300.2705078125
494,99,318.4287109375,131.4453125
495,94,303.0732421875,282.517578125
496,99,310.7294921875,131.10546875
497,94,297.6845703125,279.248046875
498,99,327.3193359375,137.12890625
499,94,327.6806640625,308.3359375
500,99,325.1044921875,135.6181640625
501,94,301.5068359375,283.4765625
502,99,301.0625,125.642578125
503,94,295.2255859375,277.7607421875
504,99,313.580078125,133.001953125
505,94,332.0576171875,313.3134765625
506,99,325.154296875,138.150390625
507,94,300.607421875,283.75
508,99,272.0888671875,117.193359375
509,94,279.408203125,263.759765625
510,99,306.5185546875,130.84765625
511,94,283.5634765625,267.9208984375
512,99,292.04296875,125.2900390625
513,94,288.0361328125,272.462890625
514,99,301.8994140625,128.67578125
515,94,258.7744140625,243.8740234375
516,99,295.3662109375,126.705078125
517,94,264.1083984375,249.49609375
518,99,309.2265625,131.4697265625
519,94,294.66015625,278.76953125
520,99,313.564453125,132.5029296875
521,94,311.912109375,294.7216796875
522,99,325.8916015625,136.7607421875
523,94,320.615234375,302.31640625
524,99,321.3857421875,133.94921875
525,94,321.5498046875,302.626953125
526,99,330.9873046875,137.4814453125
527,94,321.8271484375,303.0517578125
528,99,329.11328125,136.796875
529,94,339.35546875,320.2568359375
530,99,353.638671875,146.1025390625
531,94,294.1298828125,276.755859375
532,99,323.298828125,134.27734375
533,94,308.8662109375,290.4697265625
534,99,313.8095703125,130.6005859375
535,94,303.0517578125,284.7421875
536,99,316.783203125,131.34375
537,94,318.3251953125,300.0390625
538,99,328.796875,136.2880859375
539,94,337.1220703125,318.2587890625
540,99,357.26953125,151.3984375
541,94,365.5986328125,343.595703125
542,98,368.1435546875,163.744140625
543,93,429.748046875,322.29296875
544,95,460.8818359375,184.4267578125
545,90,479.3173828125,246.90234375
546,95,506.3681640625,160.2568359375
547,90,521.423828125,264.0244140625
548,94,542.0478515625,166.20703125
549,89,556.3173828125,236.8857421875
550,93,596.193359375,163.7470703125
551,91,561.3671875,210.513671875
552,91,619.099609375,194.896484375
553,93,586.1494140625,182.8505859375
554,90,590.4541015625,220.173828125
555,93,580.0166015625,169.599609375
556,90,581.7744140625,217.578125
557,93,614.966796875,174.158203125
558,89,627.564453125,225.787109375
559,92,647.080078125,170.55859375
560,91,643.412109375,206.06640625
561,91,650.8759765625,194.5732421875
562,89,695.2998046875,210.19140625
563,92,667.451171875,175.9072265625
564,88,707.3447265625,230.4814453125
565,92,655.56640625,166.75390625
566,89,672.939453125,221.0478515625
567,92,648.15625,171.181640625
568,89,666.9140625,216.115234375
569,92,629.2705078125,170.154296875
570,91,616.43359375,203.435546875
571,93,582.5732421875,184.208984375
572,91,568.14453125,213.7255859375
573,93,549.5693359375,176.912109375
574,90,574.314453125,215.9267578125
575,93,542.345703125,169.4560546875
576,92,536.2177734375,206.8466796875
577,94,535.015625,183.7041015625
578,90,529.1337890625,226.587890625
579,94,532.39453125,163.4375
580,90,540.7529296875,230.4384765625
581,94,536.4423828125,164.091796875
582,90,526.087890625,225.6015625
583,94,533.2958984375,164.0107421875
584,90,533.8662109375,228.4404296875
585,94,523.1279296875,162.0693359375
586,90,539.421875,229.546875
587,94,541.669921875,164.748046875
588,89,560.953125,236.0908203125
589,93,585.3369140625,163.2021484375
590,90,586.720703125,218.369140625
591,93,584.201171875,175.9130859375
592,90,588.81640625,219.5576171875
593,93,602.2998046875,176.4404296875
594,90,599.78125,222.7783203125
595,92,609.9384765625,181.1064453125
596,92,591.82421875,198.53515625
597,92,599.7080078125,199.20703125
598,92,561.6455078125,194.244140625
599,93,558.11328125,191.33984375
600,91,568.1142578125,215.44921875
601,86,975.9072265625,324.697265625
602,87,774.6806640625,188.140625
603,84,972.7314453125,222.1875
604,89,658.6484375,145.22265625
605,92,616.1689453125,174.173828125
606,92,543.32421875,192.578125
607,93,539.9013671875,191.5419921875
608,91,537.248046875,211.2685546875
609,94,518.8857421875,175.1982421875
610,91,504.5673828125,221.1552734375
611,92,553.529296875,184.8134765625
612,94,512.4833984375,182.2841796875
613,89,572.8154296875,242.677734375
614,93,574.0537109375,163.8427734375
615,91,574.517578125,215.462890625
616,93,569.486328125,181.57421875
617,91,570.56640625,214.2783203125
618,93,550.4130859375,181.3984375
619,91,562.587890625,212.8076171875
620,92,574.6162109375,186.4560546875
621,94,517.8974609375,181.453125
622,89,580.15234375,242.6689453125
623,94,578.716796875,157.9365234375
624,89,573.841796875,244.0283203125
625,94,567.162109375,157.4052734375
626,89,563.603515625,237.4345703125
627,94,567.96484375,158.861328125
628,89,568.7109375,239.9443359375
629,94,574.939453125,157.0625
630,89,570.6005859375,236.8076171875
631,93,590.75390625,161.458984375
632,89,601.5556640625,223.400390625
633,94,578.6513671875,158.390625
634,89,575.7216796875,241.8173828125
635,94,577.5361328125,158.6142578125
636,89,568.392578125,240.8095703125
637,94,570.263671875,158.380859375
638,89,566.1640625,236.9052734375
639,94,568.578125,156.7900390625
640,89,580.5244140625,242.998046875
641,94,567.119140625,158.3798828125
642,90,534.4140625,228.7353515625
643,93,562.33984375,170.9169921875
644,98,320.0517578125,130.40625
645,93,379.9521484375,264.7734375
646,98,400.4345703125,151.345703125
647,93,400.3955078125,277.77734375
648,98,398.7099609375,150.3251953125
649,93,398.8740234375,275.517578125
650,98,412.5673828125,151.2568359375
651,93,401.3505859375,275.951171875
652,98,410.5498046875,151.041015625
653,93,398.9619140625,273.6923828125
654,98,415.640625,151.53515625
655,93,408.5380859375,278.91796875
656,98,419.251953125,152.115234375
657,93,417.015625,284.9765625
658,98,416.966796875,152.0146484375
659,93,418.8583984375,286.513671875
660,98,413.919921875,152.3720703125
661,93,423.560546875,289.9755859375
662,98,440.458984375,159.3095703125
663,93,412.02734375,283.9033203125
664,98,424.765625,154.900390625
665,93,431.77734375,295.0576171875
666,98,416.595703125,151.8125
667,93,414.3779296875,283.3408203125
668,98,408.9677734375,149.6845703125
669,93,398.587890625,273.7978515625
670,98,405.2646484375,149.6748046875
671,93,405.2529296875,278.2841796875
672,98,405.0087890625,149.6005859375
673,93,406.3359375,279.1708984375
674,98,404.51171875,148.9462890625
675,93,406.357421875,279.7802734375
676,98,404.6376953125,149.4833984375
677,93,409.76171875,281.650390625
678,98,400.4345703125,147.4111328125
679,93,403.11328125,277.7216796875
680,98,401.4013671875,148.3095703125
681,93,397.3583984375,274.4970703125
682,98,394.5302734375,146.7451171875
683,93,394.33984375,272.623046875
684,98,394.015625,146.26953125
685,93,391.8193359375,270.8408203125
686,98,394.9072265625,146.654296875
687,93,395.580078125,273.8291015625
688,98,397.3125,147.8193359375
689,93,381.0185546875,263.421875
690,98,385.1826171875,144.0615234375
691,93,382.2373046875,264.099609375
692,98,376.787109375,141.9599609375
693,93,380.0234375,262.3916015625
694,98,381.1611328125,142.7548828125
695,93,383.205078125,265.3896484375
696,98,380.05859375,143.2529296875
697,93,400.6708984375,277.046875
698,98,403.16796875,149.7666015625
699,93,401.42578125,277.2548828125
700,98,400.2802734375,148.13671875
701,93,696.5751953125,459.0966796875
702,88,714.0498046875,254.4306640625
703,89,715.806640625,186.4970703125
704,89,715.8427734375,194.548828125
705,90,705.388671875,190.8642578125
706,89,712.6376953125,206.93359375
707,90,705.3486328125,192.1396484375
708,89,701.8154296875,203.9921875
709,90,696.5087890625,187.904296875
710,89,695.02734375,202.537109375
711,90,677.76953125,186.2392578125
712,90,683.4150390625,199.603515625
713,90,681.1884765625,199.0322265625
714,89,682.8994140625,200.330078125
715,91,667.375,184.23046875
716,89,682.7978515625,210.7685546875
717,90,678.982421875,185.4423828125
718,89,680.572265625,201.0107421875
719,90,669.2333984375,185.62890625
720,89,699.658203125,205.38671875
721,85,886.7451171875,227.337890625
722,87,865.6015625,177.7802734375
723,88,814.0078125,186.380859375
724,88,763.453125,195.171875
725,88,766.4033203125,197.849609375
726,88,773.6865234375,197.802734375
727,88,762.1259765625,195.2021484375
728,87,768.6025390625,200.0888671875
729,88,773.341796875,189.6982421875
730,87,780.3466796875,201.8828125
731,88,764.671875,185.8515625
732,88,766.0205078125,199.6767578125
733,87,761.8720703125,200.1982421875
734,89,749.990234375,183.51171875
735,88,749.7939453125,203.9833984375
736,88,742.685546875,197.9755859375
737,88,747.7333984375,197.181640625
738,88,742.56640625,195.203125
739,88,749.912109375,198.2646484375
740,88,739.1494140625,197.9541015625
741,88,736.8662109375,194.6416015625
742,88,737.642578125,197.9921875
743,88,741.783203125,196.359375
744,88,738.5625,196.2431640625
745,88,750.208984375,199.7431640625
746,88,736.5546875,198.20703125
747,88,749.9599609375,199.1318359375
748,88,754.75,198.0185546875
749,87,769.66015625,203.046875
750,88,758.193359375,191.44921875
751,87,770.046875,203.6123046875
752,87,778.421875,192.40625
753,87,788.138671875,195.4931640625
754,87,778.08203125,196.4296875
755,87,782.0107421875,195.919921875
756,87,784.126953125,196.3212890625
757,87,783.59375,197.1162109375
758,87,774.7197265625,196.8115234375
759,87,782.9326171875,196.6796875
760,87,783.7939453125,196.8935546875
761,87,792.1806640625,198.9365234375
762,87,783.8369140625,199.2138671875
763,87,793.9755859375,199.994140625
764,86,805.7607421875,202.328125
765,86,816.31640625,198.751953125
766,86,808.76171875,198.9443359375
767,86,814.0498046875,199.4404296875
768,85,821.330078125,201.0703125
769,85,823.9248046875,194.0908203125
770,85,824.8251953125,195.1494140625
771,85,831.2939453125,197.076171875
772,85,827.3994140625,197.251953125
773,90,187.3525390625,44.580078125
774,95,165.6083984375,53.8955078125
775,100,171.4814453125,86.9052734375
776,98,206.8095703125,211.5771484375
777,100,204.6123046875,142.0244140625
778,99,197.90234375,202.9404296875
779,100,203.6435546875,181.0556640625
780,95,228.9775390625,233.87109375
781,100,237.3388671875,116.8896484375
782,99,196.7236328125,201.486328125
783,97,234.43359375,209.451171875
784,100,241.0205078125,151.2216796875
785,95,251.1064453125,255.658203125
786,100,239.375,119.16796875
787,95,260.353515625,264.890625
788,100,263.5712890625,130.2392578125
789,95,264.03515625,269.234375
790,100,266.5478515625,131.8662109375
791,95,263.2783203125,268.625
792,100,264.2626953125,130.978515625
793,95,254.29296875,259.4541015625
794,100,265.3505859375,131.9140625
795,95,271.275390625,277.3701171875
796,100,274.8427734375,135.42578125
797,95,249.6748046875,255.330078125
798,100,276.33984375,136.5205078125
799,95,280.08984375,286.5615234375
800,100,273.5771484375,134.1337890625
801,95,240.1982421875,246.638671875
802,100,271.10546875,132.8271484375
803,95,269.7802734375,276.4169921875
804,100,272.576171875,133.6806640625
805,95,262.9052734375,269.521484375
806,100,291.2158203125,143.1015625
807,95,287.7978515625,294.13671875
808,100,302.958984375,149.7568359375
809,95,304.58203125,311.5986328125
810,100,316.591796875,154.7841796875
811,95,321.7734375,328.5927734375
812,90,663.8623046875,307.7802734375
813,90,631.7734375,199.9765625
814,91,607.7607421875,189.9716796875
815,92,584.2802734375,192.1943359375
816,92,573.34375,196.1533203125
817,92,583.6767578125,195.4931640625
818,92,573.0947265625,192.2666015625
819,92,583.212890625,195.4140625
820,92,590.1181640625,198.96484375
821,90,625.7197265625,211.55859375
822,88,700.162109375,212.794921875
823,87,741.9072265625,206.0947265625
824,86,779.978515625,204.87109375
825,85,786.8134765625,200.0830078125
826,85,843.7939453125,196.591796875
827,85,859.287109375,197.416015625
828,84,889.671875,201.40625
829,83,930.3076171875,201.453125
830,84,873.2822265625,190.2060546875
831,84,857.95703125,192.5390625
832,84,858.34375,195.4833984375
833,84,845.7529296875,195.349609375
834,84,834.5947265625,192.4228515625
835,85,803.2158203125,189.69921875
836,85,822.3876953125,197.888671875
837,85,821.673828125,198.7666015625
838,85,799.126953125,193.4228515625
839,85,796.392578125,194.78125
840,85,808.576171875,198.4013671875
841,83,942.3232421875,212.4365234375
