6343,34,1324.2744140625,164.10546875
6344,36,1327.337890625,178.5849609375
6345,37,1331.541015625,188.3701171875
6346,38,1332.859375,189.693359375
6347,38,1333.236328125,194.388671875
6348,38,1338.3232421875,195.68359375
6349,38,1338.05859375,194.71875
6350,38,1341.3515625,195.203125
6351,38,1346.1064453125,196.6669921875
6352,38,1346.6484375,195.7470703125
6353,38,1349.0322265625,196.3603515625
6354,38,1353.365234375,197.8349609375
6355,38,1351.650390625,196.89453125
6356,38,1353.8720703125,197.341796875
6357,38,1354.1513671875,198.6015625
6358,38,1347.119140625,197.087890625
6359,38,1346.626953125,197.734375
6360,38,1344.1875,199.9990234375
6361,38,1339.060546875,197.8037109375
6362,38,1343.1474609375,198.017578125
6363,38,1349.6484375,199.6240234375
6364,38,1347.7255859375,198.587890625
6365,38,1348.701171875,198.65625
6366,37,1354.345703125,200.83984375
6367,37,1356.9189453125,195.2060546875
6368,37,1360.763671875,195.71484375
6369,37,1364.6884765625,197.2587890625
6370,37,1365.8251953125,196.3994140625
6371,37,1369.12890625,196.853515625
6372,37,1372.8251953125,198.1923828125
6373,37,1369.576171875,196.7392578125
6374,37,1372.2666015625,196.6748046875
6375,37,1376.7353515625,198.216796875
6376,37,1374.68359375,197.158203125
6377,37,1376.134765625,197.6298828125
6378,37,1379.5810546875,198.541015625
6379,37,1378.42578125,197.7724609375
6380,37,1380.76171875,198.279296875
6381,37,1384.7646484375,199.55078125
6382,37,1383.162109375,198.7490234375
6383,37,1383.7060546875,198.775390625
6384,37,1384.25,199.32421875
6385,37,1380.875,198.1416015625
6386,37,1381.4306640625,198.28125
6387,37,1384.537109375,199.4423828125
6388,37,1386.759765625,199.568359375
6389,37,1386.7861328125,198.916015625
6390,37,1389.57421875,199.451171875
6391,36,1393.21484375,200.8134765625
6392,36,1393.33984375,198.4091796875
6393,36,1394.765625,198.8037109375
6394,36,1393.244140625,198.310546875
6395,36,1393.361328125,198.2431640625
6396,36,1394.498046875,198.591796875
6397,36,1392.484375,197.6015625
6398,36,1389.5078125,197.0419921875
6399,36,1388.6435546875,197.3779296875
6400,36,1387.328125,197.1923828125
6401,35,1402.7392578125,206.80859375
6402,34,1405.07421875,200.9990234375
6403,34,1413.150390625,195.5107421875
6404,34,1417.033203125,196.5703125
6405,34,1411.6943359375,195.2705078125
6406,34,1408.529296875,194.53515625
6407,34,1406.42578125,194.8837890625
6408,34,1402.189453125,193.6669921875
6409,34,1399.3369140625,193.40625
6410,34,1397.2822265625,193.732421875
6411,34,1393.6015625,192.4794921875
6412,35,1391.7197265625,192.22265625
6413,35,1389.34375,197.630859375
6414,35,1383.5615234375,196.1162109375
6415,35,1383.9091796875,196.3740234375
6416,35,1383.7412109375,197.072265625
6417,35,1378.7587890625,195.7890625
6418,35,1378.8916015625,195.619140625
6419,35,1379.8935546875,196.3564453125
6420,35,1376.8037109375,194.9677734375
6421,35,1375.953125,194.8837890625
6422,35,1377.2041015625,195.822265625
6423,35,1373.556640625,194.6611328125
6424,35,1374.8876953125,194.7861328125
6425,35,1376.4306640625,195.580078125
6426,35,1377.55078125,195.73828125
6427,35,1374.7578125,194.6796875
6428,35,1375.17578125,194.4853515625
6429,35,1376.4609375,195.123046875
6430,35,1376.041015625,194.19921875
6431,35,1378.224609375,194.240234375
6432,35,1381.2919921875,195.146484375
6433,35,1380.9814453125,194.2958984375
6434,35,1385.458984375,194.587890625
6435,35,1391.1279296875,196.0595703125
6436,35,1388.3974609375,194.978515625
6437,35,1388.2470703125,194.5029296875
6438,35,1391.0029296875,195.509765625
6439,35,1386.916015625,194.4853515625
6440,35,1386.9052734375,194.3486328125
6441,35,1389.2275390625,195.109375
6442,35,1386.1591796875,194.2236328125
6443,35,1384.7587890625,194.033203125
6444,35,1387.0478515625,194.8251953125
6445,35,1382.2099609375,193.3974609375
6446,35,1379.34375,192.49609375
6447,35,1382.228515625,193.984375
6448,35,1378.38671875,192.4755859375
6449,36,1375.4296875,192.234375
6450,36,1377.0087890625,197.4892578125
6451,36,1372.5576171875,195.62890625
6452,36,1372.517578125,195.560546875
6453,36,1374.734375,196.6171875
6454,36,1370.6845703125,194.802734375
6455,36,1371.392578125,194.9599609375
6456,36,1371.9189453125,195.9013671875
6457,36,1363.2861328125,193.1123046875
6458,36,1364.1611328125,193.2783203125
6459,36,1367.8466796875,194.6923828125
6460,36,1363.7392578125,193.2080078125
6461,36,1362.6123046875,192.9150390625
6462,36,1365.9541015625,193.8583984375
6463,37,1357.560546875,191.5244140625
6464,37,1355.625,193.0869140625
6465,37,1358.9033203125,194.34375
6466,37,1359.6787109375,194.2763671875
6467,38,1351.5712890625,192.0009765625
6468,38,1353.173828125,197.1748046875
6469,38,1358.962890625,199.232421875
6470,38,1348.884765625,196.7939453125
6471,38,1347.66015625,196.5966796875
6472,38,1356.0380859375,199.369140625
6473,38,1356.20703125,198.8857421875
6474,38,1353.13671875,198.017578125
6475,38,1359.49609375,199.0791015625
6476,37,1365.359375,200.5869140625
6477,37,1361.08984375,194.603515625
6478,37,1360.1376953125,194.427734375
6479,37,1363.5498046875,195.416015625
6480,37,1354.791015625,193.474609375
6481,37,1350.0263671875,192.43359375
6482,37,1358.015625,194.935546875
6483,37,1347.7197265625,192.392578125
6484,37,1350.1376953125,192.630859375
6485,37,1358.0908203125,194.65234375
6486,37,1349.7783203125,192.7939453125
6487,38,1344.23046875,191.5986328125
6488,37,1360.578125,200.171875
6489,38,1348.2431640625,192.212890625
6490,38,1350.6318359375,197.9970703125
6491,38,1356.2060546875,199.6435546875
6492,38,1346.4404296875,197.1220703125
6493,38,1343.982421875,196.7509765625
6494,38,1352.74609375,199.1669921875
6495,38,1344.8984375,196.5859375
6496,38,1345.962890625,196.3271484375
6497,38,1348.630859375,198.228515625
6498,38,1344.25390625,195.7470703125
6499,38,1348.3154296875,196.25
6500,38,1353.814453125,198.2763671875
6501,38,1342.3994140625,195.4453125
6502,38,1348.787109375,195.923828125
6503,38,1349.9951171875,197.201171875
6504,38,1340.880859375,194.8564453125
6505,38,1343.4130859375,195.0703125
6506,38,1352.9833984375,197.181640625
6507,38,1347.609375,195.57421875
6508,38,1348.03515625,195.28515625
6509,38,1355.2587890625,196.98828125
6510,38,1353.9951171875,197.12109375
6511,38,1355.2353515625,196.1611328125
6512,38,1356.9140625,196.2626953125
6513,38,1368.1845703125,198.736328125
6514,38,1362.240234375,197.072265625
6515,38,1358.0654296875,196.3134765625
6516,38,1358.21484375,196.6611328125
6517,38,1354.4814453125,195.7451171875
6518,38,1351.6748046875,194.9169921875
6519,38,1358.5703125,196.94140625
6520,38,1355.02734375,195.8134765625
6521,38,1353.2412109375,195.4912109375
6522,38,1357.513671875,196.677734375
6523,38,1354.8623046875,195.90625
6524,38,1353.9462890625,195.7001953125
6525,38,1358.224609375,196.955078125
6526,38,1352.91015625,195.611328125
6527,38,1354.2919921875,195.57421875
6528,38,1356.5732421875,196.4208984375
6529,38,1349.6767578125,195.224609375
6530,38,1348.6337890625,194.8408203125
6531,38,1354.1494140625,196.4228515625
6532,38,1345.029296875,193.9638671875
6533,38,1349.0498046875,194.8671875
6534,38,1354.2578125,196.1806640625
6535,38,1344.0986328125,194.30859375
6536,38,1348.1748046875,194.4267578125
6537,38,1354.0712890625,195.9716796875
6538,38,1347.28125,194.4228515625
6539,38,1345.6474609375,194.734375
6540,38,1348.001953125,195.8095703125
6541,38,1338.419921875,193.5341796875
6542,38,1334.275390625,192.5712890625
6543,38,1344.7412109375,195.0576171875
6544,38,1334.8427734375,192.6728515625
6545,38,1332.5537109375,192.4912109375
6546,38,1341.1142578125,194.9052734375
6547,39,1330.26171875,192.1533203125
6548,39,1328.28125,193.9228515625
6549,39,1335.3486328125,196.4384765625
6550,39,1330.2890625,194.6015625
6551,39,1332.05859375,195.1376953125
6552,39,1333.490234375,195.96484375
6553,39,1327.3193359375,194.2216796875
6554,39,1330.2177734375,195.1494140625
6555,39,1333.111328125,195.8974609375
6556,39,1325.6767578125,193.90625
6557,39,1328.1328125,194.1044921875
6558,39,1328.1923828125,195.0673828125
6559,39,1320.8154296875,193.080078125
6560,39,1319.7939453125,193.0859375
6561,38,1335.68359375,206.0078125
6562,38,1336.2958984375,198.6787109375
6563,38,1344.6884765625,198.8212890625
6564,37,1357.7275390625,201.7119140625
6565,37,1352.431640625,193.3359375
6566,37,1339.7431640625,193.146484375
6567,37,1341.525390625,193.716796875
6568,38,1332.9365234375,190.5908203125
6569,38,1320.4150390625,195.123046875
6570,38,1329.87109375,197.4306640625
6571,38,1322.8984375,195.0654296875
6572,38,1320.59765625,194.529296875
6573,38,1326.98828125,196.693359375
6574,38,1320.6279296875,194.923828125
6575,38,1322.91796875,194.69921875
6576,38,1330.6357421875,196.919921875
6577,38,1320.82421875,194.3447265625
6578,38,1324.1962890625,195.001953125
6579,38,1330.8564453125,196.73828125
6580,38,1319.775390625,194.4150390625
6581,38,1325.353515625,195.634765625
6582,38,1330.6630859375,196.4560546875
6583,38,1321.16796875,194.7607421875
6584,38,1326.001953125,195.5908203125
6585,38,1330.720703125,196.09375
6586,38,1322.8017578125,194.6787109375
6587,38,1318.1435546875,192.9521484375
6588,38,1329.294921875,195.6513671875
6589,38,1330.7373046875,195.345703125
6590,38,1326.271484375,193.18359375
2144,43,643.591796875,53.6318359375
2145,48,639.8408203125,57.9697265625
2146,53,641.45703125,62.830078125
2147,58,641.6787109375,67.8876953125
2148,63,646.3515625,73.3779296875
2149,68,650.66015625,79.6103515625
2150,73,646.7353515625,86.9013671875
2151,78,646.0849609375,97.1455078125
2152,83,648.2783203125,112.3935546875
2153,88,654.9189453125,135.2197265625
2154,92,649.572265625,166.7587890625
2155,90,649.50390625,208.7158203125
2156,91,651.591796875,187.7099609375
2157,91,650.2333984375,197.626953125
2158,91,640.0498046875,194.517578125
2159,91,637.365234375,193.5390625
2160,91,633.90234375,193.62890625
2161,90,643.0654296875,204.34375
2162,90,655.9677734375,194.3720703125
2163,91,646.4912109375,191.2314453125
2164,91,642.2890625,198.5849609375
2165,91,636.861328125,197.2138671875
2166,91,630.3193359375,194.09765625
2167,91,625.30078125,193.236328125
2168,91,635.06640625,196.7822265625
2169,91,644.146484375,199.451171875
2170,91,641.365234375,198.287109375
2171,91,642.1435546875,198.7802734375
2172,90,647.9990234375,200.662109375
2173,91,652.408203125,191.80078125
2174,90,647.9716796875,200.3720703125
2175,91,640.1806640625,188.208984375
2176,90,647.1572265625,200.1982421875
2177,91,654.9931640625,192.0107421875
2178,91,646.4072265625,199.22265625
2179,91,639.8603515625,197.2626953125
2180,91,647.3154296875,199.7939453125
2181,90,658.3095703125,202.5166015625
2182,91,656.9130859375,191.68359375
2183,90,663.0341796875,202.84765625
2184,91,662.876953125,191.9765625
2185,86,794.3857421875,267.0
2186,84,795.0283203125,209.7685546875
2187,84,795.2294921875,193.376953125
2188,84,794.373046875,192.9287109375
2189,84,796.4736328125,192.779296875
2190,85,801.0546875,191.587890625
2191,85,798.5322265625,196.2646484375
2192,85,809.423828125,197.8974609375
2193,84,826.904296875,200.775390625
2194,84,824.669921875,193.7587890625
2195,85,817.9208984375,192.2109375
2196,84,831.9658203125,200.78125
2197,84,841.5078125,196.4443359375
2198,84,829.7607421875,194.021484375
2199,84,824.87890625,193.1669921875
2200,84,836.474609375,194.9091796875
2201,84,844.5185546875,196.0234375
2202,84,835.9443359375,194.4677734375
2203,84,830.2177734375,193.44140625
2204,84,837.3046875,194.5263671875
2205,84,844.5380859375,195.55859375
2206,84,834.6875,193.67578125
2207,84,834.263671875,193.580078125
2208,84,844.634765625,195.10546875
2209,84,850.662109375,195.9072265625
2210,84,842.53125,194.5205078125
2211,84,839.328125,193.8662109375
2212,84,844.9306640625,194.6787109375
2213,84,851.078125,195.650390625
2214,84,841.2314453125,194.2021484375
2215,84,839.6201171875,193.810546875
2216,84,842.861328125,194.3740234375
2217,84,848.1689453125,194.8671875
2218,84,846.7236328125,194.8076171875
2219,84,847.306640625,194.875
2220,84,850.11328125,195.474609375
2221,84,852.08984375,195.572265625
2222,84,851.5849609375,195.548828125
2223,89,37.5673828125,16.517578125
2224,94,37.505859375,18.0224609375
2225,99,49.279296875,27.2783203125
2226,100,98.2939453125,88.91015625
2227,100,117.0615234375,120.66015625
2228,100,135.1982421875,139.369140625
2229,100,159.7626953125,164.6796875
2230,100,181.337890625,186.3974609375
2231,97,212.6640625,218.666015625
2232,100,269.2861328125,169.46875
2233,95,303.4384765625,311.759765625
2234,99,341.431640625,166.828125
2235,94,379.154296875,336.345703125
2236,97,411.876953125,174.5
2237,92,450.07421875,272.775390625
2238,97,476.4873046875,160.3955078125
2239,92,489.30859375,294.5888671875
2240,96,501.5263671875,167.4765625
2241,91,502.48046875,266.09375
2242,96,502.2060546875,159.33984375
2243,91,508.458984375,267.5654296875
2244,96,501.396484375,158.8603515625
2245,91,509.60546875,267.9755859375
2246,96,511.853515625,160.90625
2247,91,512.4482421875,269.9892578125
2248,96,504.119140625,160.158203125
2249,91,515.3125,271.1630859375
2250,95,519.267578125,163.6669921875
2251,90,524.6572265625,244.9326171875
2252,95,523.38671875,157.3466796875
2253,90,529.498046875,246.640625
2254,95,528.44921875,157.9912109375
2255,90,528.5087890625,246.771484375
2256,95,521.4453125,156.923828125
2257,90,528.154296875,246.33984375
2258,95,527.67578125,157.900390625
2259,90,531.8701171875,248.099609375
2260,95,521.4248046875,157.984375
2261,90,531.255859375,247.908203125
2262,95,529.3974609375,158.763671875
2263,90,529.41015625,247.744140625
2264,95,513.9658203125,156.615234375
2265,90,529.5146484375,247.7353515625
2266,95,530.7685546875,159.0947265625
2267,90,533.7578125,248.4931640625
2268,95,530.6025390625,158.5927734375
2269,90,535.0234375,248.5107421875
2270,95,535.8857421875,158.671875
2271,90,533.07421875,246.7236328125
2272,95,524.48828125,155.5302734375
2273,90,523.6220703125,242.44140625
2274,95,518.5458984375,152.4755859375
2275,90,508.109375,236.126953125
2276,95,501.7705078125,148.759765625
2277,90,502.6572265625,233.8701171875
2278,95,502.8671875,147.97265625
2279,91,496.869140625,230.8876953125
2280,96,499.6630859375,154.9169921875
2281,91,499.5126953125,261.1640625
2282,96,511.29296875,160.4716796875
2283,91,506.5654296875,263.4990234375
2284,96,501.3427734375,156.5927734375
2285,91,502.703125,262.072265625
2286,96,497.7373046875,154.92578125
2287,91,495.2998046875,258.7236328125
2288,96,495.3330078125,154.07421875
2289,91,496.7451171875,259.4501953125
2290,96,500.83984375,154.4189453125
2291,91,488.921875,256.1552734375
2292,96,504.7724609375,155.1279296875
2293,91,509.7177734375,264.5341796875
2294,96,510.7373046875,157.6962890625
2295,91,501.2919921875,261.7197265625
2296,96,515.2841796875,157.8486328125
2297,91,516.3046875,266.26171875
2298,96,519.34765625,158.7451171875
2299,91,517.31640625,267.953125
2300,96,526.251953125,161.0087890625
2301,91,524.14453125,270.0126953125
2302,96,522.3515625,159.603515625
2303,91,515.8115234375,266.091796875
2304,96,507.68359375,154.9365234375
2305,91,489.943359375,254.2734375
2306,96,487.3896484375,149.7265625
2307,91,493.0732421875,256.0791015625
2308,96,501.0234375,153.8154296875
2309,91,511.396484375,265.0595703125
2310,96,519.5234375,159.8896484375
2311,91,531.4462890625,273.7392578125
2312,95,538.771484375,164.828125
2313,90,544.7099609375,248.6787109375
2314,95,534.009765625,157.0361328125
2315,90,545.783203125,249.18359375
2316,95,550.2119140625,160.40234375
2317,90,550.666015625,251.0693359375
2318,95,548.916015625,160.302734375
2319,90,554.5927734375,252.7998046875
2320,94,558.6435546875,162.158203125
2321,91,559.9521484375,222.99609375
2322,94,563.1015625,171.220703125
2323,89,539.73046875,236.0361328125
2324,93,539.73046875,164.5595703125
2325,90,541.208984375,215.484375
2326,92,540.2060546875,176.8935546875
2327,92,541.599609375,194.6083984375
2328,92,542.9345703125,194.908203125
2329,92,544.01953125,195.4033203125
2330,92,543.47265625,195.2275390625
2331,92,545.12109375,195.27734375
2332,92,546.35546875,195.671875
2333,92,547.3125,195.8564453125
2334,92,545.4853515625,195.421875
2335,92,547.892578125,196.1220703125
2336,92,547.34375,196.0419921875
2337,92,547.1279296875,195.84765625
2338,92,544.470703125,194.9814453125
2339,92,545.513671875,195.2880859375
2340,92,543.8291015625,194.8798828125
2341,92,543.2490234375,194.7568359375
2342,92,541.931640625,194.376953125
2343,92,542.078125,194.216796875
2344,92,540.8671875,193.8369140625
2345,92,541.625,194.1982421875
2346,92,540.2470703125,193.78125
2347,92,541.7294921875,194.1181640625
2348,92,542.9521484375,194.783203125
2349,92,544.48046875,195.033203125
2350,92,544.2548828125,195.0048828125
2351,92,545.7421875,195.3974609375
2352,92,546.6337890625,195.7431640625
2353,92,548.2900390625,196.49609375
2354,92,547.310546875,196.380859375
2355,92,550.4453125,197.1640625
2356,92,551.8330078125,197.4912109375
2357,92,551.9228515625,197.58203125
2358,92,551.8642578125,197.49609375
2359,92,553.603515625,198.1279296875
2360,92,549.71484375,196.3134765625
2361,93,537.8125,191.9521484375
2362,91,533.7587890625,209.7138671875
2363,93,539.4189453125,181.380859375
2364,91,548.224609375,213.1953125
2365,92,557.4892578125,186.2705078125
2366,92,565.83984375,197.6982421875
2367,92,563.7958984375,197.2431640625
2368,92,569.8017578125,198.556640625
2369,92,572.142578125,198.96875
2370,92,574.7646484375,199.2861328125
2371,91,579.3037109375,200.8037109375
2372,92,577.796875,191.3544921875
2373,91,579.3544921875,201.2705078125
2374,91,582.91015625,192.919921875
2375,91,587.6142578125,193.951171875
2376,91,589.373046875,194.7607421875
2377,91,588.673828125,194.5146484375
2378,91,588.91015625,194.39453125
2379,91,590.5869140625,195.0009765625
2380,91,591.427734375,195.9482421875
2381,91,583.580078125,194.279296875
2382,91,594.7412109375,197.1650390625
2383,91,594.857421875,197.26171875
2384,91,594.203125,196.7958984375
2385,91,584.8984375,194.6328125
2386,91,588.8505859375,195.50390625
2387,91,591.0966796875,195.9765625
2388,91,591.06640625,196.23828125
2389,91,586.4814453125,195.0546875
2390,91,592.78515625,196.619140625
2391,91,597.64453125,197.7294921875
2392,91,598.4482421875,197.2529296875
2393,91,589.4189453125,194.2333984375
2394,91,590.888671875,194.939453125
2395,91,600.4375,197.9697265625
2396,91,600.6884765625,198.4873046875
2397,91,601.30859375,198.9072265625
2398,91,593.0068359375,197.0419921875
2399,91,595.5595703125,196.3623046875
2400,91,587.158203125,194.83203125
2401,86,695.81640625,231.025390625
2402,89,695.900390625,176.0244140625
2403,88,695.26171875,200.0166015625
2404,88,695.9873046875,192.4072265625
2405,88,697.4228515625,192.861328125
2406,89,693.86328125,191.400390625
2407,89,688.8017578125,197.853515625
2408,89,686.5166015625,197.6142578125
2409,89,683.9814453125,197.5048828125
2410,89,689.70703125,198.435546875
2411,89,690.59375,198.787109375
2412,89,691.2841796875,198.9501953125
2413,89,689.8603515625,198.951171875
2414,89,690.8056640625,199.1845703125
2415,89,690.3564453125,198.6513671875
2416,89,692.3837890625,199.1435546875
2417,89,692.2529296875,198.990234375
2418,89,691.78515625,198.4619140625
2419,89,692.2939453125,198.5615234375
2420,89,693.9716796875,199.1279296875
2421,89,693.91015625,199.1943359375
2422,89,695.4453125,198.9990234375
2423,89,695.4580078125,199.1826171875
2424,89,695.96484375,199.3740234375
2425,89,696.705078125,199.8125
2426,89,697.51171875,199.822265625
2427,89,695.98828125,199.064453125
2428,89,696.751953125,199.16015625
2429,89,695.470703125,199.1220703125
2430,89,697.6728515625,199.546875
2431,89,696.923828125,199.1396484375
2432,89,696.51171875,198.962890625
2433,89,690.5849609375,197.66015625
2434,89,692.7333984375,197.83203125
2435,89,690.7880859375,197.3798828125
2436,89,691.177734375,197.779296875
2437,89,684.6884765625,196.462890625
2438,89,688.1630859375,196.9716796875
2439,89,687.4775390625,196.609375
2440,89,688.572265625,197.0498046875
2441,89,686.671875,197.244140625
2442,89,691.3486328125,198.2236328125
2443,89,692.560546875,198.7041015625
2444,89,693.982421875,199.3525390625
2445,89,691.130859375,198.744140625
2446,89,694.8466796875,199.576171875
2447,89,696.076171875,199.8759765625
2448,88,697.7197265625,200.4453125
2449,88,695.9619140625,192.671875
2450,88,698.8154296875,193.07421875
2451,88,700.8046875,193.6650390625
2452,88,701.2890625,193.8720703125
2453,88,700.5966796875,193.69921875
2454,88,701.56640625,193.8115234375
2455,88,701.966796875,193.939453125
2456,88,702.88671875,194.029296875
2457,88,702.5556640625,194.0322265625
2458,88,702.548828125,193.9375
2459,88,702.6591796875,193.6767578125
2460,88,702.4033203125,193.5908203125
2461,88,700.66015625,193.5283203125
2462,88,701.5185546875,193.2626953125
2463,88,700.4013671875,192.9765625
2464,88,699.6630859375,193.05859375
2465,88,698.4951171875,192.8916015625
2466,88,699.1962890625,193.001953125
2467,88,698.27734375,192.650390625
2468,88,698.5,193.00390625
2469,88,696.7177734375,192.8955078125
2470,88,697.93359375,193.0478515625
2471,88,697.2451171875,192.9423828125
2472,88,699.076171875,193.318359375
2473,88,696.9287109375,193.025390625
2474,88,698.708984375,193.248046875
2475,88,696.490234375,192.7294921875
2476,88,695.6591796875,192.55078125
2477,89,692.642578125,192.154296875
2478,89,695.126953125,199.9921875
2479,88,695.8330078125,200.052734375
2480,88,695.7021484375,192.44921875
2481,89,693.76953125,192.1435546875
2482,88,696.21484375,200.009765625
2483,88,696.939453125,192.4111328125
2484,88,697.3232421875,192.375
2485,93,478.197265625,135.701171875
2486,95,478.69140625,184.2353515625
2487,90,497.5654296875,234.09765625
2488,95,494.2041015625,149.91796875
2489,91,486.4501953125,230.0791015625
2490,96,494.099609375,157.994140625
2491,91,496.9248046875,263.326171875
2492,96,501.4345703125,160.044921875
2493,91,505.8896484375,266.6162109375
2494,96,509.533203125,160.5078125
2495,91,506.1669921875,264.7392578125
2496,96,502.853515625,155.890625
2497,91,486.564453125,253.8916015625
2498,96,476.4833984375,147.1875
2499,91,453.8994140625,239.130859375
2500,96,436.265625,137.2548828125
2501,91,434.939453125,232.419921875
2502,96,448.1875,141.4365234375
2503,91,458.4248046875,243.12890625
2504,96,472.21484375,148.3583984375
2505,91,481.94921875,253.4619140625
2506,96,480.060546875,150.7216796875
2507,91,477.7490234375,251.6787109375
2508,96,480.181640625,152.533203125
2509,91,483.9609375,256.580078125
2510,96,484.322265625,155.0576171875
2511,91,483.4111328125,256.580078125
2512,96,480.4814453125,154.3173828125
2513,91,473.6943359375,252.7080078125
2514,96,477.0341796875,153.572265625
2515,91,480.2109375,255.603515625
2516,96,492.564453125,157.8662109375
2517,91,497.208984375,262.7451171875
2518,96,488.2294921875,156.833984375
2519,91,490.326171875,260.5595703125
2520,96,500.146484375,160.7119140625
2521,91,565.740234375,295.0361328125
2522,93,580.3486328125,182.8935546875
2523,91,576.0634765625,210.3935546875
2524,93,578.9140625,181.86328125
2525,91,579.3935546875,211.3662109375
2526,93,580.177734375,183.025390625
2527,91,585.638671875,213.6201171875
2528,92,590.4501953125,184.9248046875
2529,92,597.5478515625,196.81640625
2530,91,608.0986328125,200.9228515625
2531,91,615.3994140625,193.0458984375
2532,92,603.716796875,189.5263671875
2533,92,597.4404296875,197.166015625
2534,92,590.95703125,194.900390625
2535,92,585.0986328125,193.150390625
2536,92,585.21484375,193.013671875
2537,93,584.818359375,191.552734375
2538,91,578.4169921875,209.8388671875
2539,93,583.1064453125,183.541015625
2540,91,570.732421875,209.6181640625
2541,92,588.1396484375,184.7880859375
2542,92,595.650390625,197.1171875
2543,92,599.2646484375,198.5234375
2544,92,595.498046875,197.8134765625
2545,92,603.431640625,199.5625
2546,92,602.9521484375,199.0283203125
2547,91,609.90625,202.1708984375
2548,92,602.728515625,190.634765625
2549,91,609.5478515625,201.5556640625
2550,92,605.677734375,190.421875
2551,91,609.19140625,201.6435546875
2552,92,596.96875,189.01171875
2553,91,608.3515625,200.87109375
2554,92,605.478515625,190.080078125
2555,91,606.537109375,200.6728515625
2556,92,591.6474609375,187.5107421875
2557,91,609.146484375,201.30859375
2558,91,612.6337890625,192.6025390625
2559,91,617.294921875,194.8115234375
2560,91,610.93359375,194.0849609375
2561,91,624.966796875,197.587890625
2562,91,626.892578125,198.525390625
2563,90,634.2685546875,201.232421875
2564,91,623.162109375,188.826171875
2565,90,635.62109375,201.44921875
2566,90,640.0498046875,192.9013671875
2567,90,643.0576171875,194.39453125
2568,90,634.07421875,192.4384765625
2569,90,639.607421875,193.4970703125
2570,90,640.5615234375,193.59375
2571,90,643.7109375,195.08203125
2572,90,640.6064453125,194.4462890625
2573,90,642.4326171875,194.6796875
2574,90,643.720703125,195.2109375
2575,90,643.48046875,195.2314453125
2576,90,638.234375,193.80078125
2577,90,638.82421875,193.5849609375
2578,90,643.1865234375,194.92578125
2579,90,644.361328125,195.525390625
2580,90,640.77734375,194.9658203125
2581,90,644.9326171875,195.908203125
2582,90,645.505859375,196.185546875
2583,90,646.52734375,196.560546875
2584,90,642.7802734375,196.041015625
2585,90,647.6328125,196.8251953125
2586,90,648.94140625,197.2978515625
2587,90,649.2578125,197.501953125
2588,90,648.5615234375,197.294921875
2589,90,648.2421875,197.19921875
2590,90,649.19140625,197.361328125
2591,90,649.923828125,197.630859375
2592,90,650.7568359375,197.7958984375
2593,90,649.6630859375,197.564453125
2594,90,649.1044921875,197.5517578125
2595,90,649.8125,197.705078125
2596,90,651.109375,197.880859375
2597,90,650.76171875,197.85546875
2598,90,651.251953125,198.0244140625
2599,90,651.3916015625,198.015625
2600,95,449.5361328125,142.509765625
2601,92,449.8486328125,217.1875
2602,96,474.2431640625,161.5595703125
2603,91,471.8212890625,249.9677734375
2604,96,465.109375,150.2548828125
2605,91,475.0712890625,251.4677734375
2606,96,467.7939453125,148.806640625
2607,91,469.3125,249.0234375
2608,96,455.986328125,147.1279296875
2609,91,473.3720703125,250.3681640625
2610,96,473.81640625,149.1025390625
2611,91,465.9443359375,246.564453125
2612,96,461.638671875,144.9462890625
2613,91,457.349609375,241.494140625
2614,96,456.4873046875,141.4736328125
2615,91,457.005859375,241.3515625
2616,96,463.6865234375,145.076171875
2617,91,446.6064453125,238.77734375
2618,96,466.65234375,145.740234375
2619,91,468.029296875,246.5927734375
2620,96,467.505859375,145.7802734375
2621,91,463.7783203125,245.1767578125
2622,96,469.4765625,145.873046875
2623,91,470.3046875,246.4150390625
2624,96,466.9423828125,143.94140625
2625,91,459.2783203125,242.6396484375
2626,96,462.4345703125,143.6943359375
2627,91,454.5810546875,239.4853515625
2628,96,426.9033203125,132.7939453125
2629,92,423.1650390625,225.9208984375
2630,97,431.1142578125,141.9013671875
2631,92,444.685546875,265.537109375
2632,97,428.9326171875,138.3486328125
2633,92,433.0068359375,260.4169921875
2634,97,448.7890625,146.3486328125
2635,92,467.234375,280.263671875
2636,97,480.75390625,158.314453125
2637,92,497.0537109375,295.7373046875
2638,96,510.2841796875,164.4970703125
2639,91,504.517578125,262.056640625
2640,96,507.447265625,155.890625
2641,91,467.92578125,247.3994140625
2642,96,452.8720703125,142.669921875
2643,91,445.1337890625,236.6328125
2644,96,417.5,128.904296875
2645,93,414.5234375,222.078125
2646,98,372.8583984375,139.703125
2647,93,350.587890625,250.5712890625
2648,98,374.4072265625,140.720703125
2649,93,446.1640625,312.05078125
2650,93,534.701171875,197.2373046875
2651,90,606.859375,217.78125
2652,93,584.8779296875,174.9638671875
2653,90,621.7080078125,222.908203125
2654,92,620.251953125,182.9970703125
2655,90,650.763671875,212.3896484375
2656,90,664.6650390625,195.7255859375
2657,89,673.5498046875,200.1376953125
2658,91,653.0107421875,181.875
2659,89,661.3974609375,208.021484375
2660,91,665.3916015625,184.03125
2661,89,664.6923828125,208.5185546875
2662,90,669.7958984375,185.4912109375
2663,89,672.138671875,200.3427734375
2664,90,666.7607421875,184.78515625
2665,93,537.0478515625,174.40234375
2666,91,537.326171875,211.3095703125
2667,93,540.4384765625,182.521484375
2668,91,537.1904296875,209.677734375
2669,93,534.9677734375,180.2236328125
2670,91,537.2734375,209.4697265625
2671,93,536.517578125,180.0947265625
2672,91,535.5302734375,208.7744140625
2673,93,530.4443359375,178.4287109375
2674,92,531.072265625,206.6943359375
2675,93,530.08203125,186.3505859375
2676,92,530.623046875,206.2919921875
2677,93,526.3681640625,185.4970703125
2678,92,530.388671875,206.1796875
2679,93,533.40234375,187.9248046875
2680,91,534.828125,208.1220703125
2681,93,534.50390625,179.375
2682,91,539.24609375,209.7236328125
2683,93,542.357421875,181.9892578125
2684,91,543.775390625,211.5986328125
2685,93,539.236328125,181.3271484375
2686,91,539.3876953125,210.001953125
2687,93,539.4130859375,180.7001953125
2688,91,541.30859375,210.6357421875
2689,93,539.421875,181.078125
2690,91,540.4296875,209.85546875
2691,93,537.6396484375,179.857421875
2692,91,538.15625,209.0556640625
2693,93,534.6484375,179.361328125
2694,91,536.4462890625,208.447265625
2695,93,533.3994140625,178.3310546875
2696,92,533.5263671875,207.01953125
2697,93,530.2587890625,186.638671875
2698,92,534.673828125,207.65625
2699,93,534.970703125,187.6259765625
2700,91,537.3798828125,208.029296875
2701,93,534.5390625,178.9775390625
2702,92,533.5869140625,206.7314453125
2703,93,534.330078125,187.8779296875
2704,92,534.564453125,207.35546875
2705,93,532.779296875,187.2509765625
2706,91,536.1923828125,207.9755859375
2707,93,538.154296875,179.3974609375
2708,92,535.7041015625,207.25
2709,93,533.12109375,187.2080078125
2710,91,537.3125,208.3134765625
2711,93,537.8671875,179.4658203125
2712,98,283.6572265625,112.7822265625
2713,97,283.6572265625,200.75
2714,99,295.59375,183.353515625
2715,94,296.8486328125,265.6962890625
2716,99,293.642578125,125.9287109375
2717,94,294.89453125,263.677734375
2718,99,294.55859375,125.890625
2719,94,297.359375,265.2470703125
2720,99,297.9248046875,127.2060546875
2721,94,297.9267578125,266.1884765625
2722,99,290.09375,125.2470703125
2723,94,297.6650390625,265.6982421875
2724,99,299.375,127.8935546875
2725,94,302.4912109375,270.0693359375
2726,99,301.1962890625,128.8896484375
2727,94,302.4423828125,269.9140625
2728,99,302.56640625,129.330078125
2729,94,302.966796875,270.3232421875
2730,99,303.427734375,129.5732421875
2731,94,303.99609375,270.955078125
2732,99,304.8720703125,129.908203125
2733,94,305.32421875,272.451171875
2734,99,306.2373046875,130.537109375
2735,94,307.986328125,274.7255859375
2736,99,307.7109375,130.623046875
2737,94,308.8232421875,275.22265625
2738,99,308.232421875,131.345703125
2739,94,311.4814453125,277.06640625
2740,99,311.6630859375,131.451171875
2741,94,311.30859375,277.3427734375
2742,99,306.3515625,131.0732421875
2743,94,312.6806640625,278.4833984375
2744,99,312.12109375,132.27734375
2745,94,314.2421875,280.1455078125
2746,99,307.3349609375,132.1474609375
2747,94,319.3740234375,284.646484375
2748,99,321.02734375,136.5224609375
2749,94,321.7451171875,286.91796875
2750,99,319.54296875,136.50390625
2751,94,322.09765625,286.990234375
2752,99,322.5615234375,136.982421875
2753,94,323.8232421875,288.630859375
2754,99,323.951171875,137.6650390625
2755,94,323.8330078125,288.3740234375
2756,99,324.2900390625,137.5146484375
2757,94,325.421875,289.71484375
2758,99,326.0087890625,138.3134765625
2759,94,324.2900390625,288.783203125
2760,99,326.4169921875,138.2705078125
2761,94,306.3740234375,274.5947265625
2762,99,309.3271484375,134.9658203125
2763,94,311.994140625,279.431640625
2764,99,312.0810546875,135.7666015625
2765,94,541.939453125,477.5400390625
2766,89,542.8046875,235.5146484375
2767,93,542.638671875,168.1552734375
2768,91,542.1953125,214.6533203125
2769,92,548.4794921875,188.4375
2770,92,551.6044921875,197.2744140625
2771,92,550.599609375,196.7431640625
2772,92,557.0322265625,198.7353515625
2773,91,566.7607421875,201.283203125
2774,92,561.9814453125,190.60546875
2775,92,557.7099609375,198.4208984375
2776,92,561.1123046875,199.591796875
2777,91,567.328125,201.1396484375
2778,92,561.5576171875,190.603515625
2779,92,561.02734375,198.2939453125
2780,92,564.841796875,199.8134765625
2781,91,568.26953125,200.935546875
2782,92,564.5361328125,190.4384765625
2783,92,562.76171875,198.4150390625
2784,92,567.23828125,199.814453125
2785,92,564.0,197.4736328125
2786,92,562.1103515625,196.3486328125
2787,92,561.6982421875,195.0361328125
2788,92,554.876953125,194.0849609375
2789,92,564.12109375,193.9873046875
2790,93,568.9609375,191.857421875
2791,91,565.9033203125,209.462890625
2792,94,542.70703125,174.4423828125
2793,90,559.0654296875,229.19140625
2794,94,570.9208984375,168.234375
2795,90,562.9169921875,226.451171875
