5084,35,1350.8125,157.7998046875
5085,38,1350.7001953125,175.857421875
5086,39,1350.6806640625,186.1162109375
5087,40,1350.9169921875,189.2060546875
5088,41,1351.287109375,190.8193359375
5089,41,1348.4755859375,195.103515625
5090,41,1347.638671875,194.9169921875
5091,41,1348.4921875,195.0390625
5092,41,1349.11328125,194.9814453125
5093,41,1349.279296875,194.92578125
5094,41,1349.0498046875,194.8740234375
5095,41,1348.7529296875,194.8447265625
5096,41,1348.560546875,194.8154296875
5097,41,1347.375,194.658203125
5098,41,1347.0224609375,194.693359375
5099,41,1346.8876953125,194.630859375
5100,41,1346.9052734375,194.6767578125
5101,41,1347.0595703125,194.7119140625
5102,41,1347.03125,194.7529296875
5103,41,1346.9765625,194.744140625
5104,41,1345.6650390625,194.69140625
5105,41,1342.0732421875,194.0791015625
5106,41,1342.166015625,193.9794921875
5107,41,1342.01171875,193.8974609375
5108,41,1341.8994140625,193.87109375
5109,41,1341.5751953125,193.86328125
5110,41,1341.1572265625,193.7705078125
5111,41,1340.55859375,193.6455078125
5112,41,1340.0517578125,193.6064453125
5113,41,1339.6279296875,193.5634765625
5114,41,1339.1884765625,193.5087890625
5115,41,1338.9130859375,193.44140625
5116,41,1338.798828125,193.5068359375
5117,41,1338.888671875,193.4853515625
5118,41,1338.7412109375,193.453125
5119,41,1338.3408203125,193.4052734375
5120,41,1338.453125,193.3876953125
5121,42,1294.01953125,191.181640625
5122,42,1294.3603515625,193.625
5123,42,1294.5458984375,193.576171875
5124,42,1294.7333984375,193.5849609375
5125,42,1294.552734375,193.5146484375
5126,42,1294.44921875,193.4794921875
5127,42,1294.091796875,193.396484375
5128,42,1294.0400390625,193.3369140625
5129,42,1294.0302734375,193.3330078125
5130,42,1294.3671875,193.41796875
5131,42,1294.599609375,193.4619140625
5132,42,1294.7744140625,193.494140625
5133,42,1294.931640625,193.478515625
5134,42,1294.7265625,193.5595703125
5135,42,1294.8896484375,193.48828125
5136,42,1295.4580078125,193.6826171875
5137,42,1300.63671875,193.4453125
5138,42,1302.384765625,193.5625
5139,42,1303.0908203125,193.4853515625
5140,42,1303.5478515625,193.466796875
5141,42,1303.8720703125,193.4150390625
5142,42,1303.78125,193.390625
5143,42,1303.8037109375,193.3310546875
5144,42,1303.7470703125,193.244140625
5145,42,1303.81640625,193.248046875
5146,42,1303.7900390625,193.3427734375
5147,42,1303.919921875,193.3525390625
5148,42,1304.009765625,193.3603515625
5149,42,1304.59375,193.498046875
5150,42,1304.677734375,193.537109375
5151,42,1306.533203125,193.8828125
5152,42,1307.88671875,194.01171875
5153,42,1311.623046875,194.017578125
5154,42,1312.435546875,194.07421875
5155,42,1313.3798828125,194.0615234375
5156,42,1313.521484375,194.009765625
5157,42,1313.7236328125,193.9912109375
5158,42,1313.6572265625,194.056640625
5159,42,1313.916015625,194.0
5160,42,1314.0048828125,194.1083984375
5161,42,1314.49609375,194.1201171875
5162,42,1314.4169921875,194.171875
5163,42,1314.4169921875,194.0625
5164,42,1314.3779296875,194.1962890625
5165,42,1315.7060546875,194.40234375
5166,42,1316.1533203125,194.48828125
5167,42,1317.1796875,194.5810546875
5168,42,1317.478515625,194.6669921875
5169,42,1320.041015625,194.3798828125
5170,42,1321.001953125,194.38671875
5171,42,1321.396484375,194.2685546875
5172,42,1321.5078125,194.2421875
5173,42,1321.4599609375,194.1875
5174,42,1321.3857421875,194.2119140625
5175,42,1321.2998046875,194.1953125
5176,42,1321.2392578125,194.107421875
5177,42,1321.00390625,194.1044921875
5178,42,1320.6875,194.109375
5179,42,1320.703125,194.060546875
5180,42,1320.7353515625,194.0595703125
5181,42,1320.8173828125,194.10546875
5182,42,1321.087890625,194.181640625
5183,42,1321.693359375,194.2392578125
5184,42,1322.1357421875,194.248046875
5185,42,1322.447265625,194.095703125
5186,42,1323.0166015625,194.1376953125
5187,42,1323.4423828125,194.189453125
5188,42,1323.7841796875,194.1416015625
5189,42,1323.6875,194.1171875
5190,42,1323.7880859375,194.0966796875
5191,42,1323.666015625,194.0478515625
5192,42,1323.4677734375,194.0234375
5193,42,1323.7138671875,194.1474609375
5194,42,1324.0537109375,194.1337890625
5195,42,1324.2548828125,194.158203125
5196,42,1325.451171875,194.45703125
5197,42,1325.716796875,194.49609375
5198,42,1326.138671875,194.6376953125
5199,42,1326.39453125,194.978515625
5200,42,1326.9794921875,195.0078125
5201,42,1324.8916015625,194.6416015625
5202,42,1325.650390625,194.4912109375
5203,42,1326.96484375,194.904296875
5204,42,1327.12109375,194.6552734375
5205,42,1328.044921875,194.748046875
5206,42,1328.3974609375,194.8994140625
5207,42,1328.2734375,194.7421875
5208,42,1328.3671875,194.8701171875
5209,42,1328.6181640625,195.00390625
5210,42,1329.166015625,194.91796875
5211,42,1329.9306640625,195.0771484375
5212,42,1330.8505859375,195.0673828125
5213,42,1331.2734375,195.4072265625
5214,42,1331.86328125,195.3662109375
5215,42,1332.5830078125,195.609375
5216,42,1333.1787109375,195.5517578125
5217,42,1334.255859375,195.5263671875
5218,42,1335.244140625,195.515625
5219,42,1335.40234375,195.560546875
5220,42,1335.740234375,195.525390625
5221,42,1335.1220703125,195.5
5222,42,1335.228515625,195.3876953125
5223,42,1335.5869140625,195.38671875
5224,42,1336.2607421875,195.47265625
5225,42,1336.4638671875,195.4794921875
5226,42,1336.9501953125,195.68359375
5227,42,1337.0322265625,195.7529296875
5228,42,1337.7470703125,195.8837890625
5229,42,1338.078125,196.0927734375
5230,42,1338.7734375,196.2275390625
5231,42,1339.3740234375,196.4072265625
5232,42,1340.322265625,196.517578125
5233,42,1337.2421875,196.072265625
5234,42,1337.236328125,195.9326171875
5235,42,1339.419921875,196.419921875
5236,42,1338.63671875,196.1962890625
5237,42,1339.0126953125,196.1806640625
5238,42,1339.33984375,196.2998046875
5239,42,1338.6435546875,196.2080078125
5240,42,1338.9833984375,196.201171875
5241,42,1339.8798828125,196.587890625
5242,42,1341.2783203125,196.7314453125
5243,42,1341.8828125,196.8544921875
5244,42,1342.5869140625,196.8505859375
5245,42,1343.2333984375,197.1640625
5246,42,1344.109375,197.2939453125
5247,42,1344.4521484375,197.2861328125
5248,42,1344.8486328125,197.4560546875
5249,42,1343.1708984375,197.0751953125
5250,42,1343.28125,196.916015625
5251,42,1344.8125,197.1943359375
5252,42,1344.0478515625,196.98046875
5253,42,1343.6953125,196.8798828125
5254,42,1344.623046875,197.1044921875
5255,42,1344.7841796875,197.0615234375
5256,42,1344.775390625,196.935546875
5257,42,1344.7001953125,196.9521484375
5258,42,1345.349609375,196.953125
5259,42,1345.4091796875,197.0732421875
5260,42,1345.505859375,197.1259765625
5261,42,1345.9267578125,197.33984375
5262,42,1346.392578125,197.2607421875
5263,42,1346.6787109375,197.259765625
5264,42,1346.6181640625,197.455078125
5265,42,1344.0078125,197.0224609375
5266,42,1343.3212890625,196.8447265625
5267,42,1343.8759765625,197.111328125
5268,42,1343.28125,196.8955078125
5269,42,1343.365234375,196.880859375
5270,42,1344.0234375,197.001953125
5271,42,1343.71484375,197.0283203125
5272,42,1343.255859375,197.0126953125
5273,42,1342.986328125,197.056640625
5274,42,1342.94140625,197.037109375
5275,42,1343.1162109375,197.1123046875
5276,42,1342.6884765625,197.048828125
5277,42,1342.609375,197.0361328125
5278,42,1341.71875,196.9775390625
5279,42,1341.169921875,196.837890625
5280,42,1340.78125,196.8701171875
5281,42,1301.5244140625,195.3232421875
5282,42,1301.8271484375,195.158203125
5283,42,1301.8076171875,195.052734375
5284,42,1301.6513671875,195.15234375
5285,42,1301.0517578125,194.8837890625
5286,42,1300.8896484375,194.810546875
5287,42,1301.1474609375,195.03125
5288,42,1300.966796875,194.9541015625
5289,42,1301.6787109375,194.88671875
5290,42,1301.4462890625,194.9609375
5291,42,1301.833984375,194.927734375
5292,42,1302.21875,195.0615234375
5293,42,1302.9931640625,195.1064453125
5294,42,1303.5546875,195.2568359375
5295,42,1304.193359375,195.4521484375
5296,42,1305.0302734375,195.5263671875
5297,42,1302.7529296875,195.166015625
5298,42,1305.3681640625,195.0810546875
5299,42,1306.7890625,195.4580078125
5300,42,1305.9072265625,195.357421875
5301,42,1306.970703125,195.3955078125
5302,42,1307.341796875,195.6650390625
5303,42,1308.5654296875,195.7333984375
5304,42,1309.1015625,195.810546875
5305,42,1309.5146484375,195.904296875
5306,42,1310.1396484375,195.90234375
5307,42,1310.25,196.15625
5308,42,1310.673828125,196.166015625
5309,42,1309.1689453125,195.9111328125
5310,42,1309.3076171875,195.927734375
5311,42,1309.513671875,196.224609375
5312,42,1313.58984375,196.4716796875
5313,42,1311.578125,195.9853515625
5314,42,1314.447265625,196.10546875
5315,42,1317.314453125,196.646484375
5316,42,1319.66015625,196.6337890625
5317,42,1318.60546875,196.4580078125
5318,42,1318.8388671875,196.390625
5319,42,1318.8916015625,196.490234375
5320,42,1318.166015625,196.3115234375
5321,42,1317.2099609375,196.134765625
5322,42,1317.48828125,196.2470703125
5323,42,1316.55859375,196.0185546875
5324,42,1315.6611328125,195.9130859375
5325,42,1315.1826171875,196.052734375
5326,42,1316.01953125,196.017578125
5327,42,1315.8671875,196.02734375
5328,42,1316.068359375,196.1328125
5329,42,1317.099609375,195.86328125
5330,42,1318.884765625,195.9384765625
5331,42,1320.5576171875,196.0791015625
5332,42,1321.546875,196.2001953125
5333,42,1321.9931640625,196.3232421875
5334,42,1322.623046875,196.326171875
5335,42,1322.43359375,196.28515625
5336,42,1323.013671875,196.4248046875
5337,42,1323.203125,196.466796875
5338,42,1323.396484375,196.6064453125
5339,42,1323.7470703125,196.611328125
5340,42,1323.9541015625,196.533203125
5341,42,1323.8076171875,196.5263671875
5342,42,1323.9990234375,196.703125
5343,42,1324.21484375,196.6240234375
5344,42,1324.8349609375,196.8935546875
5345,42,1322.458984375,196.4228515625
5346,42,1323.625,196.3271484375
5347,42,1325.0458984375,196.546875
5348,42,1327.0009765625,196.53125
5349,42,1326.109375,196.306640625
5350,42,1326.1748046875,196.2060546875
5351,42,1326.404296875,196.361328125
5352,42,1325.7412109375,196.1123046875
5353,42,1325.8798828125,196.0654296875
5354,42,1326.2705078125,196.150390625
5355,42,1325.6748046875,195.96484375
5356,42,1325.7978515625,195.8935546875
5357,42,1326.03125,195.99609375
5358,42,1325.7783203125,195.8232421875
5359,42,1325.9990234375,195.8720703125
5360,42,1327.2197265625,196.1884765625
5361,42,1327.6455078125,195.998046875
5362,42,1328.548828125,195.93359375
5363,42,1329.8232421875,196.0107421875
5364,42,1329.896484375,196.1513671875
5365,42,1330.6728515625,196.16796875
5366,42,1331.2373046875,196.1826171875
5367,42,1331.5458984375,196.205078125
5368,42,1330.4736328125,195.990234375
5369,42,1330.2900390625,195.916015625
5370,42,1331.40234375,196.185546875
5371,42,1331.6357421875,196.193359375
5372,42,1332.2998046875,196.240234375
5373,42,1332.1357421875,196.0859375
5374,42,1331.0458984375,196.09765625
5375,42,1331.98046875,196.228515625
5376,42,1332.5234375,196.298828125
5377,42,1331.783203125,196.0869140625
5378,42,1332.806640625,196.0546875
5379,42,1333.3759765625,196.142578125
5380,42,1333.8837890625,196.09375
5381,42,1333.8134765625,195.892578125
5382,42,1333.5927734375,195.7607421875
5383,42,1333.8154296875,195.666015625
5384,42,1333.2890625,195.5
5385,42,1333.1484375,195.63671875
5386,42,1333.0458984375,195.6962890625
5387,42,1333.8701171875,195.7919921875
5388,42,1334.634765625,195.7724609375
5389,42,1334.431640625,195.7421875
5390,42,1334.150390625,195.6123046875
5391,42,1334.259765625,195.6396484375
5392,42,1334.478515625,195.5166015625
5393,42,1336.142578125,195.2451171875
5394,42,1336.685546875,195.2392578125
5395,42,1336.78515625,195.1259765625
5396,42,1336.6513671875,195.1630859375
5397,42,1336.7939453125,195.0595703125
5398,42,1336.6015625,195.0107421875
5399,42,1336.4970703125,194.943359375
5400,42,1336.3310546875,194.921875
5401,42,1336.3046875,194.8291015625
5402,42,1336.0791015625,194.8583984375
5403,42,1335.9775390625,194.87890625
5404,42,1335.701171875,194.9169921875
5405,42,1335.9140625,195.1240234375
5406,42,1336.220703125,195.2587890625
5407,42,1336.3271484375,195.2939453125
5408,42,1336.34765625,195.3564453125
5409,42,1336.146484375,194.880859375
5410,42,1337.61328125,194.958984375
5411,42,1337.73828125,194.9423828125
5412,42,1337.8115234375,194.9208984375
5413,42,1337.875,194.9453125
5414,42,1337.9677734375,194.955078125
5415,42,1337.7568359375,194.86328125
5416,42,1337.6357421875,194.8349609375
5417,42,1337.3955078125,194.8173828125
5418,42,1337.248046875,194.8134765625
5419,42,1337.318359375,194.8251953125
5420,42,1337.203125,194.8173828125
5421,42,1337.375,194.8759765625
5422,42,1337.349609375,195.001953125
5423,42,1337.8212890625,194.98046875
5424,42,1337.6513671875,195.0283203125
5425,42,1337.1708984375,194.796875
5426,42,1337.173828125,194.84375
5427,42,1336.8271484375,194.9130859375
5428,42,1336.7919921875,194.869140625
5429,42,1336.6904296875,194.9150390625
5430,42,1336.5146484375,194.7880859375
5431,42,1336.181640625,194.8486328125
5432,42,1335.8212890625,194.794921875
5433,42,1335.39453125,194.6708984375
5434,42,1335.1884765625,194.6142578125
5435,42,1334.8857421875,194.6201171875
5436,42,1334.568359375,194.59765625
5437,42,1334.4072265625,194.6015625
5438,42,1334.2080078125,194.5458984375
5439,42,1334.1689453125,194.5537109375
5440,42,1334.0830078125,194.556640625
5441,42,1300.7314453125,194.201171875
5442,42,1300.8623046875,194.2568359375
5443,42,1300.8291015625,194.1865234375
5444,42,1300.701171875,194.1953125
5445,42,1300.5400390625,194.1181640625
5446,42,1300.52734375,194.1142578125
5447,42,1300.5771484375,194.0224609375
5448,42,1300.4296875,194.0244140625
5449,42,1300.2666015625,194.00390625
5450,42,1299.8916015625,193.9580078125
5451,42,1299.7763671875,193.943359375
5452,42,1299.51953125,193.8701171875
5453,42,1299.3759765625,193.8603515625
5454,42,1299.4326171875,193.876953125
5455,42,1299.2177734375,193.87890625
5456,42,1299.6923828125,194.0390625
5457,42,1303.03515625,194.091796875
5458,42,1304.2548828125,194.19140625
5459,42,1304.6982421875,194.2119140625
5460,42,1304.9931640625,194.171875
5461,42,1305.0498046875,194.2626953125
5462,42,1305.078125,194.1875
5463,42,1304.90234375,194.1435546875
5464,42,1304.611328125,194.09375
5465,42,1304.6484375,194.1416015625
5466,42,1304.7373046875,194.169921875
5467,42,1305.248046875,194.298828125
5468,42,1305.697265625,194.3857421875
5469,42,1306.3408203125,194.4990234375
5470,42,1306.345703125,194.5888671875
5471,42,1309.8369140625,195.0615234375
5472,42,1310.98046875,195.3095703125
5473,42,1312.7373046875,195.1025390625
5474,42,1314.3037109375,195.1005859375
5475,42,1315.95703125,195.2607421875
5476,42,1317.0380859375,195.302734375
5477,42,1317.798828125,195.4140625
5478,42,1318.001953125,195.3603515625
5479,42,1318.171875,195.34375
5480,42,1318.826171875,195.4326171875
5481,42,1319.19140625,195.4912109375
5482,42,1319.50390625,195.6943359375
5483,42,1320.2021484375,195.6904296875
5484,42,1320.8994140625,195.8603515625
5485,42,1321.1845703125,196.001953125
5486,42,1321.6591796875,196.126953125
5487,42,1322.1689453125,196.1123046875
5488,42,1323.00390625,196.2236328125
5489,42,1326.2998046875,196.041015625
5490,42,1327.5302734375,196.0771484375
5491,42,1328.251953125,196.15234375
5492,42,1328.4150390625,196.185546875
5493,42,1328.7041015625,196.1630859375
5494,42,1328.5087890625,196.162109375
5495,42,1328.69140625,196.1982421875
5496,42,1328.5791015625,196.146484375
5497,42,1328.4365234375,196.1044921875
5498,42,1328.443359375,196.1298828125
5499,42,1328.1640625,196.1669921875
5500,42,1328.4228515625,196.2099609375
5501,42,1328.859375,196.318359375
5502,42,1329.271484375,196.52734375
5503,42,1329.6923828125,196.57421875
5504,42,1330.40625,196.751953125
5505,42,1328.728515625,196.3095703125
5506,42,1330.208984375,196.3486328125
5507,42,1332.87890625,196.623046875
5508,42,1334.2587890625,196.7529296875
5509,42,1335.099609375,196.6806640625
5510,42,1335.2607421875,196.65234375
5511,42,1335.30859375,196.6484375
5512,42,1335.466796875,196.564453125
5513,42,1335.1806640625,196.525390625
5514,42,1334.994140625,196.5341796875
5515,42,1334.865234375,196.5126953125
5516,42,1334.892578125,196.53125
5517,42,1334.873046875,196.466796875
5518,42,1334.8583984375,196.54296875
5519,42,1335.4091796875,196.70703125
5520,42,1335.7685546875,196.748046875
5521,42,1337.7841796875,196.5546875
5522,42,1338.04296875,196.61328125
5523,42,1338.6494140625,196.6416015625
5524,42,1338.6337890625,196.640625
5525,42,1338.6279296875,196.58984375
5526,42,1338.83984375,196.580078125
5527,42,1338.7900390625,196.5234375
5528,42,1338.5888671875,196.525390625
5529,42,1338.5751953125,196.529296875
5530,42,1338.6015625,196.482421875
5531,42,1338.28515625,196.5712890625
5532,42,1338.5166015625,196.5498046875
5533,42,1338.880859375,196.7548828125
5534,42,1338.9248046875,196.8828125
5535,42,1339.412109375,196.96484375
5536,42,1340.1728515625,197.1201171875
757,47,562.4609375,66.7861328125
758,52,565.7451171875,71.251953125
759,57,562.48828125,75.5791015625
760,62,561.3515625,80.69921875
761,67,562.0439453125,86.326171875
762,72,564.95703125,93.572265625
763,77,561.236328125,102.896484375
764,82,560.982421875,115.9482421875
765,87,565.7314453125,134.3828125
766,92,568.77734375,160.9287109375
767,91,565.810546875,206.1650390625
768,91,567.767578125,196.1728515625
769,91,570.3173828125,196.8603515625
770,91,574.61328125,198.357421875
771,91,576.427734375,198.9384765625
772,91,579.0810546875,199.7822265625
773,91,580.2919921875,199.9140625
774,91,577.865234375,197.802734375
775,91,577.322265625,196.572265625
776,91,584.896484375,199.78515625
777,90,591.1904296875,201.744140625
778,90,598.9326171875,197.12109375
779,89,623.783203125,204.5615234375
780,90,632.244140625,192.015625
781,89,639.2275390625,205.978515625
782,91,617.099609375,184.1591796875
783,91,602.494140625,199.775390625
784,92,575.0634765625,188.677734375
785,93,541.7919921875,185.2236328125
786,93,520.4287109375,194.220703125
787,94,504.2705078125,187.349609375
788,93,491.8486328125,201.7470703125
789,96,476.380859375,175.517578125
790,91,459.9912109375,239.263671875
791,96,448.625,140.9990234375
792,92,436.7080078125,228.8720703125
793,97,429.291015625,143.009765625
794,92,428.359375,252.8583984375
795,97,425.638671875,141.1943359375
796,92,426.2587890625,251.2666015625
797,90,603.970703125,209.7021484375
798,91,604.2890625,190.4619140625
799,91,629.37109375,198.83203125
800,92,611.9267578125,189.3916015625
801,93,588.736328125,189.916015625
802,91,585.0908203125,209.1513671875
803,94,579.9609375,175.830078125
804,90,574.7890625,228.9208984375
805,94,568.544921875,162.416015625
806,91,558.8671875,222.0146484375
807,94,571.369140625,169.8564453125
808,90,581.6484375,229.2548828125
809,94,581.1220703125,165.0439453125
810,90,563.5078125,224.408203125
811,94,584.2763671875,165.3779296875
812,89,593.125,234.3984375
813,94,587.611328125,153.1240234375
814,89,581.615234375,231.0341796875
815,94,589.255859375,152.708984375
816,89,598.7890625,235.54296875
817,94,591.5849609375,151.5029296875
818,90,586.6982421875,229.69140625
819,94,595.5791015625,167.7861328125
820,89,589.2802734375,233.1982421875
821,94,592.7119140625,151.875
822,89,594.5205078125,234.0419921875
823,94,597.6357421875,153.3212890625
824,89,599.701171875,235.6064453125
825,94,597.5498046875,153.638671875
826,89,593.2890625,232.9697265625
827,94,591.7705078125,152.568359375
828,93,472.8935546875,206.544921875
829,94,472.9560546875,187.330078125
830,93,471.1044921875,202.9169921875
831,95,473.626953125,183.705078125
832,91,457.6875,224.626953125
833,95,499.0986328125,165.181640625
834,90,511.07421875,245.177734375
835,94,524.5146484375,162.4033203125
836,91,530.0439453125,221.1328125
837,94,538.904296875,175.173828125
838,90,555.2333984375,230.599609375
839,92,568.9326171875,177.509765625
840,92,583.939453125,198.2890625
841,90,581.7431640625,210.580078125
842,92,588.359375,183.984375
843,91,596.5947265625,204.8583984375
844,91,572.9599609375,193.9638671875
845,91,602.8427734375,197.6259765625
846,91,600.5185546875,194.65234375
847,92,594.3203125,191.4072265625
848,91,603.0380859375,203.3662109375
849,91,606.685546875,193.978515625
850,91,603.056640625,194.2578125
851,91,606.140625,195.41796875
852,91,605.0166015625,196.4453125
853,91,608.271484375,197.7841796875
854,91,605.1708984375,197.822265625
855,91,608.966796875,199.0185546875
856,90,617.0078125,201.8056640625
857,91,615.4091796875,192.2294921875
858,91,599.5224609375,198.2001953125
859,91,598.162109375,196.92578125
860,90,607.4599609375,201.552734375
861,90,607.4599609375,192.693359375
862,89,681.388671875,204.330078125
863,91,648.0126953125,177.23828125
864,95,542.5634765625,166.0888671875
865,90,549.623046875,252.3916015625
866,95,541.509765625,154.421875
867,90,553.470703125,254.15234375
868,94,561.1416015625,161.37890625
869,89,585.802734375,231.7509765625
870,94,583.546875,156.0517578125
871,89,590.5390625,234.6044921875
872,94,594.71875,155.2021484375
873,89,604.9541015625,236.556640625
874,94,594.494140625,156.353515625
875,89,587.068359375,232.583984375
876,94,577.9140625,152.51171875
877,90,573.4033203125,227.2861328125
878,95,559.626953125,159.8310546875
879,90,554.6552734375,251.2236328125
880,95,558.6552734375,156.9453125
881,90,534.919921875,240.8623046875
882,95,515.07421875,144.1171875
883,93,456.5908203125,214.275390625
884,98,397.560546875,149.7177734375
885,93,375.3564453125,259.482421875
886,98,326.525390625,127.255859375
887,95,301.201171875,217.9599609375
888,100,271.072265625,143.4521484375
889,95,252.4990234375,257.8408203125
890,100,231.49609375,126.2646484375
891,97,212.21484375,217.994140625
892,100,191.0068359375,131.853515625
893,100,160.861328125,168.0234375
894,100,142.9638671875,148.775390625
895,100,161.5859375,167.44140625
896,99,198.7607421875,206.9716796875
897,100,189.58984375,169.6240234375
898,98,200.9521484375,211.4609375
899,100,248.9560546875,183.3798828125
900,95,282.2001953125,293.9150390625
901,100,284.6611328125,156.27734375
902,95,241.126953125,255.0556640625
903,100,223.43359375,124.1123046875
904,95,233.5595703125,244.03515625
905,100,230.779296875,123.8251953125
906,100,180.7138671875,186.2373046875
907,100,173.8515625,179.9208984375
908,100,175.7802734375,179.2060546875
909,100,166.2666015625,169.6748046875
910,100,125.494140625,129.501953125
911,100,140.0888671875,143.939453125
912,100,142.2041015625,145.0341796875
913,100,173.3720703125,177.6845703125
914,100,169.517578125,174.0107421875
915,100,162.068359375,166.22265625
916,100,155.556640625,159.2001953125
917,100,148.875,152.98828125
918,100,133.48828125,137.4970703125
919,100,191.04296875,194.9296875
920,98,205.7734375,209.10546875
921,100,183.6708984375,126.5888671875
922,100,191.4111328125,195.552734375
923,100,191.4609375,195.5546875
924,98,209.7099609375,213.97265625
925,100,215.791015625,146.052734375
926,96,224.1953125,228.9951171875
927,100,249.32421875,131.7666015625
928,95,277.2392578125,282.90234375
929,100,303.556640625,141.2001953125
930,95,322.296875,328.3388671875
931,99,351.419921875,162.8779296875
932,94,400.9501953125,346.017578125
933,94,473.0126953125,198.685546875
934,89,553.7431640625,232.79296875
935,89,654.5205078125,194.86328125
936,86,747.5771484375,222.509765625
937,83,834.7490234375,220.5390625
938,81,901.5009765625,215.1103515625
939,79,948.91796875,209.533203125
940,79,968.7919921875,199.990234375
941,79,971.859375,199.3427734375
942,79,959.36328125,195.615234375
943,80,937.2509765625,189.6240234375
944,82,883.8701171875,183.6181640625
945,84,816.1806640625,178.59765625
946,87,743.189453125,175.1982421875
947,90,665.7451171875,174.19140625
948,92,573.3447265625,178.5703125
949,95,505.6533203125,174.53515625
950,93,437.0244140625,209.779296875
951,98,384.20703125,149.1015625
952,93,336.744140625,232.8466796875
953,98,295.728515625,117.919921875
954,99,272.0166015625,190.1181640625
955,95,256.5517578125,225.3642578125
956,100,249.23046875,125.2646484375
957,95,252.0751953125,256.724609375
958,100,248.7373046875,123.109375
959,95,247.61328125,251.9130859375
960,100,239.421875,118.095703125
961,95,230.236328125,231.4091796875
962,100,234.5068359375,117.587890625
963,95,236.0986328125,239.451171875
964,100,229.99609375,115.5947265625
965,95,227.609375,232.5712890625
966,100,225.595703125,113.2275390625
967,96,223.3837890625,228.5380859375
968,100,222.0478515625,125.6015625
969,96,225.5361328125,230.4580078125
970,100,231.40234375,129.8486328125
971,95,234.5849609375,239.744140625
972,100,236.4052734375,118.0693359375
973,95,240.2314453125,244.466796875
974,100,258.0703125,129.5849609375
975,95,282.1865234375,286.880859375
976,100,311.1376953125,158.365234375
977,95,330.775390625,335.8486328125
978,98,340.33203125,176.6337890625
979,93,345.4326171875,247.646484375
980,98,345.62109375,148.794921875
981,93,326.6025390625,236.787109375
982,98,297.19140625,133.375
983,96,283.513671875,210.63671875
984,100,259.189453125,160.9501953125
985,95,246.4833984375,250.732421875
986,100,240.03515625,130.9375
987,97,213.1103515625,216.765625
988,100,197.1962890625,131.9697265625
989,99,202.4560546875,205.2158203125
990,100,197.4462890625,177.1337890625
991,99,201.2041015625,204.5390625
992,100,214.6328125,190.701171875
993,97,212.3125,216.0576171875
994,100,272.6904296875,176.6708984375
995,95,301.8505859375,308.5498046875
996,100,304.5732421875,157.9794921875
997,95,316.822265625,324.4501953125
998,98,332.9189453125,170.537109375
999,93,341.080078125,244.388671875
1000,98,365.955078125,145.150390625
1001,93,389.6767578125,277.783203125
1002,98,403.162109375,159.8720703125
1003,93,420.876953125,301.6328125
1004,96,425.654296875,169.8173828125
1005,91,426.1982421875,239.193359375
1006,96,424.08203125,141.5078125
1007,91,419.263671875,235.171875
1008,96,416.5,137.6591796875
1009,91,419.4326171875,233.8779296875
1010,96,416.1025390625,135.91015625
1011,92,416.478515625,230.943359375
1012,97,417.2685546875,141.9033203125
1013,92,416.724609375,260.8720703125
1014,97,398.01953125,137.451171875
1015,92,389.3349609375,245.6982421875
1016,97,392.0947265625,135.1923828125
1017,92,391.8193359375,246.837890625
1018,97,394.435546875,136.3369140625
1019,92,391.67578125,246.7177734375
1020,97,395.078125,136.9189453125
1021,92,395.9443359375,248.7509765625
1022,97,395.8427734375,136.931640625
1023,92,394.998046875,248.37890625
1024,97,395.95703125,136.955078125
1025,92,395.7041015625,248.8291015625
1026,97,395.8642578125,137.09375
1027,92,394.8115234375,248.33984375
1028,97,395.7568359375,136.9345703125
1029,92,396.6328125,249.3857421875
1030,97,396.71875,137.19140625
1031,92,632.53125,380.0126953125
1032,89,632.7958984375,216.875
1033,91,634.0244140625,182.0107421875
1034,90,634.4873046875,205.5556640625
1035,90,638.09375,197.158203125
1036,90,636.5517578125,196.654296875
1037,90,636.814453125,196.7685546875
1038,90,638.3076171875,197.1103515625
1039,90,639.814453125,197.443359375
1040,90,634.720703125,195.5166015625
1041,90,635.65625,196.1044921875
1042,90,634.44140625,195.60546875
1043,90,637.52734375,196.6416015625
1044,90,636.1728515625,195.9921875
1045,90,634.4990234375,195.333984375
1046,90,630.91015625,193.5654296875
1047,90,626.58984375,192.814453125
1048,90,628.1455078125,192.669921875
1049,91,624.8349609375,191.3330078125
1050,91,623.8125,199.9384765625
1051,91,619.1640625,198.3720703125
1052,91,637.0234375,199.232421875
1053,91,636.5947265625,194.5517578125
1054,92,626.3203125,191.8232421875
1055,92,604.9091796875,198.2861328125
1056,92,616.2294921875,197.3935546875
1057,92,614.85546875,198.09375
1058,91,626.7626953125,202.052734375
1059,92,611.8017578125,190.984375
1060,91,641.6845703125,204.4873046875
1061,91,625.0791015625,192.3134765625
1062,91,635.91015625,192.7451171875
1063,92,612.7890625,187.091796875
1064,92,619.755859375,198.255859375
1065,91,636.9111328125,204.404296875
1066,91,641.81640625,196.8720703125
1067,91,628.8017578125,195.7900390625
1068,89,686.8662109375,209.583984375
1069,90,692.1533203125,185.5498046875
1070,89,692.7802734375,201.650390625
1071,90,685.6318359375,185.7001953125
1072,89,685.0361328125,200.4970703125
1073,90,689.125,185.96484375
1074,89,693.7919921875,202.396484375
1075,90,694.4775390625,187.162109375
1076,89,697.4697265625,203.3837890625
1077,90,696.9921875,188.1123046875
1078,89,693.609375,202.8984375
1079,90,694.412109375,187.728515625
1080,89,695.2255859375,203.294921875
1081,90,659.515625,190.8759765625
1082,89,660.8046875,205.119140625
1083,90,659.966796875,190.1416015625
1084,89,663.53515625,205.9970703125
1085,90,664.0126953125,191.3232421875
1086,89,664.4306640625,206.2236328125
1087,94,358.572265625,106.7841796875
1088,98,381.619140625,166.8349609375
1089,93,392.443359375,277.5185546875
1090,98,395.216796875,154.4140625
1091,93,386.4150390625,274.7041015625
1092,98,375.4033203125,145.7744140625
1093,93,354.2529296875,251.197265625
1094,98,356.23046875,136.3720703125
1095,93,364.8994140625,260.0673828125
1096,98,367.7275390625,140.8759765625
1097,93,352.6923828125,252.9365234375
1098,98,360.0673828125,137.298828125
1099,93,347.3466796875,247.703125
1100,98,358.494140625,138.681640625
1101,93,384.2021484375,271.37109375
1102,98,392.4375,147.25
1103,93,403.798828125,282.111328125
1104,98,389.93359375,148.9384765625
1105,93,423.58203125,293.2333984375
1106,98,424.2998046875,157.6787109375
1107,93,446.8359375,308.0126953125
1108,97,457.732421875,166.390625
1109,92,460.447265625,280.0068359375
1110,97,442.7041015625,148.1708984375
1111,92,482.236328125,291.6591796875
1112,97,482.7734375,156.720703125
1113,92,486.421875,295.7646484375
1114,97,485.6435546875,160.2890625
1115,92,491.767578125,298.767578125
1116,97,491.3369140625,160.9697265625
1117,92,501.0712890625,303.537109375
1118,96,500.2919921875,163.4326171875
1119,91,505.158203125,267.9296875
1120,96,505.5283203125,154.8251953125
1121,91,505.9052734375,268.3369140625
1122,96,504.0869140625,155.1943359375
1123,91,508.6806640625,269.8388671875
1124,96,510.3232421875,156.609375
1125,91,510.7314453125,270.84765625
1126,96,508.58984375,156.267578125
1127,91,510.619140625,270.5419921875
1128,96,510.244140625,156.208984375
1129,91,511.115234375,270.65625
1130,96,508.8896484375,156.1484375
1131,91,510.48046875,270.4150390625
1132,96,511.19140625,156.5234375
1133,91,511.05078125,270.6875
1134,96,510.412109375,156.4111328125
1135,91,512.568359375,271.27734375
1136,96,512.537109375,156.9267578125
1137,91,512.37890625,270.95703125
1138,96,504.4375,153.80859375
1139,91,502.8330078125,266.3994140625
1140,96,501.6572265625,153.3974609375
1141,91,491.4267578125,261.2861328125
1142,96,490.5224609375,149.7431640625
1143,91,496.6201171875,264.310546875
1144,96,501.1533203125,154.7939453125
1145,91,512.1435546875,271.8876953125
1146,96,513.3818359375,158.818359375
1147,91,512.986328125,272.8583984375
1148,96,507.6142578125,157.3583984375
1149,91,512.1904296875,272.421875
1150,96,513.25,158.775390625
1151,91,543.916015625,288.3662109375
1152,93,544.1435546875,178.2060546875
1153,91,561.5205078125,210.2451171875
1154,93,562.849609375,180.1650390625
1155,91,569.056640625,212.609375
1156,93,568.400390625,181.04296875
1157,91,568.9951171875,211.0078125
1158,93,571.2177734375,181.6298828125
1159,91,574.8515625,213.2890625
1160,93,568.845703125,180.6630859375
1161,91,572.935546875,212.2998046875
1162,94,543.09765625,173.88671875
1163,91,536.06640625,219.73828125
1164,94,532.2900390625,169.279296875
1165,91,528.4716796875,216.2109375
1166,95,527.36328125,166.98046875
1167,90,520.9453125,241.2509765625
1168,95,522.9736328125,157.521484375
1169,90,516.9970703125,239.03125
1170,95,519.185546875,156.1220703125
1171,90,516.861328125,238.2998046875
1172,95,518.025390625,154.8681640625
1173,90,507.2119140625,233.12890625
1174,95,502.681640625,149.7431640625
1175,91,500.4130859375,230.6044921875
1176,96,499.94921875,156.8916015625
1177,91,496.822265625,257.787109375
1178,96,499.96875,158.625
1179,91,498.44921875,261.0625
1180,95,512.2939453125,166.4482421875
1181,90,528.9501953125,246.884765625
1182,94,544.5185546875,167.7099609375
1183,90,552.224609375,228.2998046875
1184,93,569.0400390625,176.220703125
1185,91,577.591796875,215.1669921875
1186,93,572.04296875,184.228515625
1187,91,571.4091796875,214.7080078125
1188,93,555.447265625,181.9912109375
1189,90,581.08203125,218.6279296875
1190,92,584.6982421875,179.6806640625
1191,91,584.9765625,200.123046875
1192,92,582.4580078125,189.3896484375
1193,92,582.75,199.6689453125
1194,92,580.1796875,199.150390625
1195,92,578.2685546875,198.4677734375
1196,92,575.275390625,198.193359375
1197,92,574.703125,197.42578125
1198,92,571.4140625,196.1865234375
1199,92,572.5029296875,196.7041015625
1200,92,569.4248046875,196.498046875
1201,90,589.7705078125,213.689453125
1202,91,599.8544921875,188.904296875
1203,91,594.3408203125,195.4150390625
