2987,35,1358.859375,159.126953125
2988,37,1358.8232421875,177.326171875
2989,39,1359.01953125,183.1689453125
2990,40,1359.3115234375,190.640625
2991,40,1359.791015625,192.3544921875
2992,40,1360.296875,192.46484375
2993,40,1360.8271484375,192.2861328125
2994,40,1361.5615234375,192.33203125
2995,40,1362.837890625,192.3876953125
2996,40,1363.025390625,192.419921875
2997,40,1363.3193359375,192.4443359375
2998,40,1363.5927734375,192.4521484375
2999,40,1362.79296875,192.2822265625
3000,40,1362.6591796875,192.333984375
3001,40,1363.13671875,192.3525390625
3002,40,1363.169921875,192.34765625
3003,40,1363.3203125,192.373046875
3004,40,1363.4130859375,192.3525390625
3005,40,1363.22265625,192.3408203125
3006,40,1363.1748046875,192.30078125
3007,40,1363.46875,192.333984375
3008,40,1363.560546875,192.4482421875
3009,41,1359.9638671875,192.0732421875
3010,41,1358.416015625,196.912109375
3011,41,1359.869140625,197.0673828125
3012,41,1358.9716796875,197.0107421875
3013,41,1359.259765625,196.9560546875
3014,41,1359.888671875,196.9970703125
3015,41,1359.9033203125,196.984375
3016,41,1359.796875,197.060546875
3017,41,1359.78515625,197.0625
3018,41,1359.9072265625,197.09765625
3019,41,1359.662109375,197.0224609375
3020,41,1359.5029296875,197.0322265625
3021,41,1359.6298828125,197.00390625
3022,41,1359.5341796875,196.9853515625
3023,41,1359.3271484375,197.1123046875
3024,41,1359.4111328125,197.0654296875
3025,41,1358.53125,196.865234375
3026,41,1358.609375,196.7421875
3027,41,1358.5244140625,196.76953125
3028,41,1358.5595703125,196.701171875
3029,41,1358.240234375,196.685546875
3030,41,1358.2255859375,196.658203125
3031,41,1357.912109375,196.68359375
3032,41,1357.5712890625,196.5791015625
3033,41,1357.544921875,196.5537109375
3034,41,1357.3671875,196.513671875
3035,41,1357.3173828125,196.5263671875
3036,41,1357.072265625,196.474609375
3037,41,1356.8603515625,196.4638671875
3038,41,1356.7548828125,196.4091796875
3039,41,1356.5126953125,196.3740234375
3040,41,1356.4140625,196.40625
3041,41,1320.23828125,195.6611328125
3042,41,1320.5283203125,195.6015625
3043,41,1320.6982421875,195.607421875
3044,41,1320.931640625,195.6875
3045,41,1320.8505859375,195.6611328125
3046,41,1320.759765625,195.6494140625
3047,41,1320.703125,195.5986328125
3048,41,1320.83203125,195.595703125
3049,41,1321.0498046875,195.548828125
3050,41,1321.234375,195.708984375
3051,41,1321.28125,195.6748046875
3052,41,1321.771484375,195.6904296875
3053,41,1321.90625,195.7666015625
3054,41,1322.0341796875,195.794921875
3055,41,1322.646484375,195.853515625
3056,41,1323.080078125,195.8369140625
3057,41,1326.306640625,195.8779296875
3058,41,1327.3271484375,195.9482421875
3059,41,1327.529296875,195.8828125
3060,41,1327.7431640625,195.9453125
3061,41,1327.55859375,195.990234375
3062,41,1327.78515625,195.9404296875
3063,41,1327.6728515625,195.953125
3064,41,1327.6748046875,195.8974609375
3065,41,1327.4765625,195.9072265625
3066,41,1327.39453125,195.900390625
3067,41,1327.5986328125,195.91015625
3068,41,1327.849609375,195.9599609375
3069,41,1328.4130859375,196.0439453125
3070,41,1329.0966796875,196.0341796875
3071,41,1331.462890625,196.259765625
3072,41,1333.2177734375,196.470703125
3073,41,1337.541015625,195.5576171875
3074,41,1339.0244140625,195.443359375
3075,41,1340.048828125,195.416015625
3076,41,1340.4892578125,195.33203125
3077,41,1340.4658203125,195.3896484375
3078,41,1340.5478515625,195.3232421875
3079,41,1340.560546875,195.2568359375
3080,41,1340.2802734375,195.220703125
3081,41,1339.951171875,195.21484375
3082,41,1339.9443359375,195.1884765625
3083,41,1339.9111328125,195.2109375
3084,41,1339.982421875,195.1513671875
3085,41,1339.763671875,195.1787109375
3086,41,1339.7451171875,195.1611328125
3087,41,1339.4775390625,195.14453125
3088,41,1339.359375,195.1240234375
3089,41,1338.9853515625,194.759765625
3090,41,1339.3828125,194.80078125
3091,41,1340.2978515625,194.79296875
3092,41,1340.56640625,194.9111328125
3093,41,1340.6630859375,194.92578125
3094,41,1340.9833984375,194.91796875
3095,41,1341.0908203125,194.955078125
3096,41,1341.29296875,195.0341796875
3097,41,1341.5498046875,195.0087890625
3098,41,1342.185546875,195.1396484375
3099,41,1342.2919921875,195.2236328125
3100,41,1342.82421875,195.4306640625
3101,41,1343.3984375,195.505859375
3102,41,1343.712890625,195.6318359375
3103,41,1344.3623046875,195.7373046875
3104,41,1344.3798828125,195.677734375
3105,41,1346.296875,195.4541015625
3106,41,1347.2900390625,195.48046875
3107,41,1348.5009765625,195.458984375
3108,41,1348.84765625,195.46875
3109,41,1349.0048828125,195.4208984375
3110,41,1349.1982421875,195.4892578125
3111,41,1349.1943359375,195.4443359375
3112,41,1349.037109375,195.384765625
3113,41,1348.9580078125,195.3642578125
3114,41,1348.8486328125,195.3017578125
3115,41,1348.8876953125,195.3642578125
3116,41,1349.330078125,195.44921875
3117,41,1349.5048828125,195.58203125
3118,41,1349.759765625,195.6455078125
3119,41,1350.208984375,195.7392578125
3120,41,1350.7080078125,195.87890625
3121,41,1352.7138671875,195.84765625
3122,41,1353.4169921875,195.853515625
3123,41,1353.8642578125,195.9169921875
3124,41,1354.0439453125,195.9375
3125,41,1353.6083984375,195.890625
3126,41,1353.4267578125,195.8759765625
3127,41,1353.2783203125,195.83203125
3128,41,1353.15625,195.7373046875
3129,41,1353.1513671875,195.669921875
3130,41,1352.814453125,195.7431640625
3131,41,1352.9580078125,195.69921875
3132,41,1353.392578125,195.8583984375
3133,41,1353.4794921875,195.98046875
3134,41,1353.81640625,196.1689453125
3135,41,1353.9921875,196.158203125
3136,41,1354.4365234375,196.330078125
3137,41,1354.896484375,196.1015625
3138,41,1355.2890625,196.1328125
3139,41,1355.982421875,196.1494140625
3140,41,1356.40625,196.1494140625
3141,41,1356.447265625,196.3076171875
3142,41,1356.5966796875,196.2734375
3143,41,1356.421875,196.275390625
3144,41,1356.51171875,196.259765625
3145,41,1356.478515625,196.087890625
3146,41,1356.568359375,196.1103515625
3147,41,1356.60546875,196.064453125
3148,41,1356.443359375,196.107421875
3149,41,1356.443359375,196.154296875
3150,41,1356.4453125,196.1513671875
3151,41,1356.5517578125,196.09765625
3152,41,1356.7255859375,196.1025390625
3153,41,1356.1826171875,196.095703125
3154,41,1355.94140625,196.0400390625
3155,41,1356.427734375,196.154296875
3156,41,1357.259765625,196.2158203125
3157,41,1357.4775390625,196.3388671875
3158,41,1357.7822265625,196.44921875
3159,41,1358.154296875,196.48046875
3160,41,1357.9501953125,196.6533203125
3161,41,1358.2861328125,196.7216796875
3162,41,1358.3896484375,196.8056640625
3163,41,1358.412109375,196.8525390625
3164,41,1358.6953125,196.873046875
3165,41,1358.8701171875,196.9794921875
3166,41,1359.04296875,196.9296875
3167,41,1359.248046875,197.0615234375
3168,41,1359.162109375,197.0458984375
3169,41,1358.703125,196.859375
3170,41,1359.5361328125,196.90625
3171,41,1359.837890625,196.923828125
3172,41,1360.2822265625,196.9248046875
3173,41,1360.220703125,196.8720703125
3174,41,1360.1572265625,196.8564453125
3175,41,1360.4189453125,196.923828125
3176,41,1360.484375,196.8916015625
3177,41,1360.4111328125,196.91796875
3178,41,1360.59375,197.0400390625
3179,41,1360.384765625,197.0322265625
3180,41,1360.375,197.009765625
3181,41,1360.5390625,197.0859375
3182,41,1360.560546875,197.13671875
3183,41,1360.2666015625,197.2177734375
3184,41,1360.40625,197.18359375
3185,41,1359.6298828125,197.0908203125
3186,41,1358.5849609375,197.076171875
3187,41,1358.6279296875,197.1240234375
3188,41,1358.552734375,197.1181640625
3189,41,1358.216796875,197.12109375
3190,41,1358.2021484375,197.068359375
3191,41,1358.263671875,197.0791015625
3192,41,1358.1455078125,197.0419921875
3193,41,1358.0029296875,196.9765625
3194,41,1357.6806640625,196.8837890625
3195,41,1357.1728515625,196.822265625
3196,41,1356.9677734375,196.806640625
3197,41,1356.8515625,196.8154296875
3198,41,1356.5732421875,196.7451171875
3199,41,1356.2255859375,196.68359375
3200,41,1355.728515625,196.6572265625
3201,41,1304.7958984375,194.224609375
3202,41,1305.228515625,194.193359375
3203,41,1305.48046875,194.17578125
3204,41,1305.6015625,194.17578125
3205,41,1305.7490234375,194.17578125
3206,41,1306.1845703125,194.2392578125
3207,41,1306.2138671875,194.244140625
3208,41,1306.552734375,194.2724609375
3209,41,1306.77734375,194.3056640625
3210,41,1307.0595703125,194.3994140625
3211,41,1307.3193359375,194.3857421875
3212,41,1307.5146484375,194.3974609375
3213,41,1307.626953125,194.4306640625
3214,41,1307.9111328125,194.4189453125
3215,41,1308.3232421875,194.5859375
3216,41,1310.3701171875,194.841796875
3217,41,1317.6611328125,194.7119140625
3218,41,1319.291015625,194.7265625
3219,41,1320.7548828125,194.7021484375
3220,41,1321.3837890625,194.7783203125
3221,41,1321.5234375,194.8134765625
3222,41,1321.9609375,194.8505859375
3223,41,1322.279296875,194.8388671875
3224,41,1322.236328125,194.8134765625
3225,41,1321.9755859375,194.7451171875
3226,41,1322.083984375,194.7958984375
3227,41,1321.8662109375,194.705078125
3228,41,1321.912109375,194.7392578125
3229,41,1321.7724609375,194.712890625
3230,41,1321.7802734375,194.61328125
3231,41,1323.4306640625,194.7578125
3232,41,1324.30078125,194.947265625
3233,41,1325.6396484375,194.84765625
3234,41,1327.05859375,194.8271484375
3235,41,1328.802734375,194.9912109375
3236,41,1329.509765625,195.0595703125
3237,41,1330.4072265625,195.13671875
3238,41,1330.982421875,195.2744140625
3239,41,1331.75390625,195.4384765625
3240,41,1332.123046875,195.5341796875
3241,41,1332.677734375,195.54296875
3242,41,1332.708984375,195.6396484375
3243,41,1333.1552734375,195.673828125
3244,41,1333.69921875,195.814453125
3245,41,1334.345703125,195.822265625
3246,41,1334.5869140625,195.923828125
3247,41,1334.9345703125,196.0087890625
3248,41,1335.6962890625,196.111328125
3249,41,1337.3173828125,196.2509765625
3250,41,1338.6337890625,196.310546875
3251,41,1339.9619140625,196.4482421875
3252,41,1340.751953125,196.4814453125
3253,41,1341.447265625,196.5654296875
3254,41,1341.76171875,196.552734375
3255,41,1341.8681640625,196.6240234375
3256,41,1342.310546875,196.578125
3257,41,1342.6669921875,196.7451171875
3258,41,1343.0185546875,196.779296875
3259,41,1343.568359375,196.888671875
3260,41,1343.927734375,196.9794921875
3261,41,1345.03125,197.17578125
3262,41,1345.578125,197.17578125
3263,41,1346.5673828125,197.412109375
3264,41,1346.9208984375,197.498046875
3265,41,1348.2353515625,197.55859375
3266,41,1350.0546875,197.6689453125
3267,41,1351.357421875,197.76171875
3268,41,1352.4951171875,197.8076171875
3269,41,1352.763671875,197.8154296875
3270,41,1353.2431640625,197.91796875
3271,41,1353.4287109375,197.9287109375
3272,41,1353.8955078125,197.9228515625
3273,41,1354.2080078125,197.8681640625
3274,41,1353.951171875,197.76953125
3275,41,1354.2294921875,197.94921875
3276,41,1354.3837890625,198.037109375
3277,41,1354.76953125,198.0419921875
3278,41,1355.1396484375,198.0185546875
3279,41,1355.625,198.1640625
3280,41,1355.9267578125,198.220703125
3281,41,1355.126953125,197.92578125
3282,41,1355.4189453125,197.91796875
3283,41,1356.9130859375,198.0751953125
3284,41,1357.2822265625,198.103515625
3285,41,1357.5634765625,198.177734375
3286,41,1358.1767578125,198.1962890625
3287,41,1358.0361328125,198.2392578125
3288,41,1358.0126953125,198.2705078125
3289,41,1358.4248046875,198.11328125
3290,41,1358.8046875,198.1845703125
3291,41,1359.201171875,198.2421875
3292,41,1359.359375,198.3330078125
3293,41,1359.6181640625,198.3310546875
3294,41,1360.1435546875,198.515625
3295,41,1360.59765625,198.5078125
3296,41,1360.5654296875,198.65234375
3297,41,1359.0576171875,198.314453125
3298,41,1359.5849609375,198.33203125
3299,41,1360.685546875,198.548828125
3300,41,1361.66796875,198.474609375
3301,41,1361.814453125,198.44921875
3302,41,1361.771484375,198.4248046875
3303,41,1361.69921875,198.384765625
3304,41,1361.7353515625,198.31640625
3305,41,1361.3798828125,198.2470703125
3306,41,1360.9296875,198.17578125
3307,41,1360.9267578125,198.203125
3308,41,1360.8662109375,198.2265625
3309,41,1361.1474609375,198.2578125
3310,41,1361.3623046875,198.2822265625
3311,41,1361.810546875,198.349609375
3312,41,1361.857421875,198.4150390625
3313,41,1359.7392578125,198.125
3314,41,1360.3388671875,198.1015625
3315,41,1361.44140625,198.1826171875
3316,41,1361.45703125,198.1611328125
3317,41,1361.7578125,198.15625
3318,41,1361.9541015625,198.203125
3319,41,1361.759765625,198.2119140625
3320,41,1361.8291015625,198.1123046875
3321,41,1361.880859375,198.169921875
3322,41,1361.833984375,198.1474609375
3323,41,1361.5908203125,197.990234375
3324,41,1361.6318359375,198.0380859375
3325,41,1361.818359375,198.1865234375
3326,41,1362.1875,198.1279296875
3327,41,1362.5751953125,198.2568359375
3328,41,1362.8232421875,198.240234375
3329,41,1363.0908203125,198.16015625
3330,41,1363.154296875,198.2177734375
3331,41,1363.4365234375,198.2080078125
3332,41,1363.66796875,198.1953125
3333,41,1363.453125,198.166015625
3334,41,1363.4892578125,198.1015625
3335,41,1363.1728515625,198.1201171875
3336,41,1362.7685546875,198.072265625
3337,41,1362.439453125,197.947265625
3338,41,1362.28515625,197.9287109375
3339,41,1361.72265625,197.8828125
3340,41,1361.357421875,197.8134765625
3341,41,1361.208984375,197.7705078125
3342,41,1360.728515625,197.787109375
3343,41,1361.046875,197.7607421875
3344,41,1360.71875,197.8017578125
3345,41,1358.8603515625,197.6279296875
3346,41,1358.2578125,197.5810546875
3347,41,1358.3173828125,197.5302734375
3348,41,1357.96484375,197.517578125
3349,41,1358.0078125,197.4580078125
3350,41,1357.6259765625,197.455078125
3351,41,1357.4990234375,197.396484375
3352,41,1357.1298828125,197.4033203125
3353,41,1356.9345703125,197.353515625
3354,41,1356.5224609375,197.2685546875
3355,41,1356.404296875,197.240234375
3356,41,1356.1796875,197.2685546875
3357,41,1356.0048828125,197.2734375
3358,41,1355.912109375,197.251953125
3359,41,1355.966796875,197.23828125
3360,41,1356.0546875,197.2509765625
3361,41,1323.2265625,195.501953125
3362,41,1323.45703125,195.5107421875
3363,41,1323.5166015625,195.5009765625
3364,41,1323.5009765625,195.4736328125
3365,41,1323.431640625,195.4033203125
3366,41,1323.2783203125,195.3349609375
3367,41,1323.07421875,195.3115234375
3368,41,1323.0830078125,195.3125
3369,41,1322.958984375,195.2509765625
3370,41,1322.7978515625,195.265625
3371,41,1322.7763671875,195.2265625
3372,41,1322.802734375,195.3056640625
3373,41,1323.3984375,195.400390625
3374,41,1323.8359375,195.609375
3375,41,1324.486328125,195.6767578125
3376,41,1325.0986328125,195.8603515625
3377,41,1326.212890625,195.8310546875
3378,41,1327.7197265625,195.7890625
3379,41,1329.5673828125,196.0751953125
3380,41,1330.376953125,196.1611328125
3381,41,1331.30859375,196.2236328125
3382,41,1332.0732421875,196.2744140625
3383,41,1332.2392578125,196.154296875
3384,41,1332.4951171875,196.1748046875
3385,41,1332.646484375,196.2177734375
3386,41,1332.8486328125,196.2109375
3387,41,1332.7646484375,196.1689453125
3388,41,1332.912109375,196.1123046875
3389,41,1332.9814453125,196.255859375
3390,41,1333.2578125,196.2685546875
3391,41,1336.193359375,196.634765625
3392,41,1338.0556640625,196.93359375
3393,41,1342.7978515625,196.8525390625
3394,41,1345.15234375,196.9404296875
3395,41,1346.4560546875,197.1474609375
3396,41,1347.185546875,197.2158203125
3397,41,1347.81640625,197.103515625
3398,41,1348.154296875,197.09375
3399,41,1348.720703125,197.1552734375
3400,41,1348.7451171875,197.1259765625
3401,41,1348.9599609375,197.2158203125
3402,41,1349.087890625,197.1953125
3403,41,1349.2490234375,197.146484375
3404,41,1349.34375,197.2919921875
3405,41,1349.654296875,197.2646484375
3406,41,1350.2294921875,197.4873046875
3407,41,1350.6396484375,197.5302734375
3408,41,1350.9990234375,197.6728515625
3409,41,1352.8759765625,197.1982421875
3410,41,1353.8310546875,197.1640625
3411,41,1354.9296875,197.1884765625
3412,41,1355.13671875,197.1884765625
3413,41,1355.1025390625,197.1494140625
3414,41,1355.09375,197.05078125
3415,41,1355.0478515625,197.046875
3416,41,1354.9990234375,197.02734375
3417,41,1355.115234375,197.0400390625
3418,41,1354.859375,196.9501953125
3419,41,1355.015625,196.9755859375
3420,41,1354.9375,197.0078125
3421,41,1354.865234375,196.96484375
3422,41,1354.6806640625,196.96875
3423,41,1354.5048828125,196.8857421875
3424,41,1354.517578125,196.8662109375
3425,41,1353.9375,196.765625
3426,41,1354.5166015625,196.6552734375
3427,41,1354.5439453125,196.7080078125
3428,41,1354.533203125,196.7431640625
3429,41,1354.73828125,196.728515625
3430,41,1355.4052734375,196.9072265625
3431,41,1355.4658203125,196.9033203125
3432,41,1355.82421875,197.0712890625
3433,41,1356.1328125,197.2099609375
3434,41,1356.4921875,197.310546875
4347,46,512.572265625,56.296875
4348,51,510.1943359375,60.037109375
4349,56,512.3701171875,63.349609375
4350,61,515.3427734375,68.03515625
4351,66,515.6357421875,73.798828125
4352,71,517.220703125,79.9140625
4353,76,518.0654296875,88.150390625
4354,81,520.544921875,97.5068359375
4355,86,524.267578125,114.15234375
4356,91,520.0166015625,136.1650390625
4357,94,515.7529296875,171.431640625
4358,92,507.564453125,211.95703125
4359,95,504.2861328125,175.5947265625
4360,90,507.29296875,236.9951171875
4361,94,509.515625,161.333984375
4362,92,513.8828125,214.451171875
4363,94,518.33984375,179.6474609375
4364,91,519.9345703125,216.642578125
4365,94,520.2421875,172.21875
4366,91,516.1259765625,215.994140625
4367,94,514.923828125,170.8427734375
4368,92,513.20703125,213.90234375
4369,94,517.2646484375,179.9716796875
4370,91,515.98828125,216.6591796875
4371,94,517.3525390625,172.0146484375
4372,92,514.8037109375,215.0947265625
4373,94,514.4287109375,179.02734375
4374,89,573.30859375,240.779296875
4375,93,573.9365234375,168.8642578125
4376,90,581.7734375,220.033203125
4377,92,585.7822265625,182.34375
4378,91,587.0654296875,201.1904296875
4379,92,590.4189453125,190.9541015625
4380,91,590.7880859375,200.580078125
4381,92,590.9052734375,191.3037109375
4382,91,588.2666015625,200.8251953125
4383,92,592.09765625,191.154296875
4384,91,590.9541015625,200.154296875
4385,92,592.1982421875,191.232421875
4386,91,588.4677734375,200.3291015625
4387,92,591.78125,190.48828125
4388,92,591.2392578125,199.5869140625
4389,91,592.876953125,200.6494140625
4390,92,590.1904296875,190.59765625
4391,91,595.7734375,201.162109375
4392,92,592.0830078125,189.68359375
4393,92,590.4404296875,199.515625
4394,92,586.6650390625,199.0166015625
4395,92,590.537109375,198.3984375
4396,92,593.001953125,198.8916015625
4397,92,593.3603515625,199.7216796875
4398,92,588.7109375,199.517578125
4399,92,594.275390625,199.63671875
4400,92,594.8818359375,199.2119140625
4401,91,597.0869140625,200.513671875
4402,92,590.0,190.01171875
4403,91,598.4541015625,200.4267578125
4404,92,598.439453125,190.240234375
4405,91,600.6728515625,201.650390625
4406,92,592.8740234375,190.46875
4407,91,604.208984375,201.578125
4408,92,603.4833984375,190.806640625
4409,91,604.3486328125,202.0791015625
4410,92,591.4013671875,189.3720703125
4411,91,600.3603515625,200.5791015625
4412,92,597.5380859375,189.708984375
4413,91,600.6826171875,200.3037109375
4414,92,602.962890625,190.9091796875
4415,87,683.583984375,238.8994140625
4416,88,683.583984375,188.1015625
4417,88,714.1962890625,199.3408203125
4418,88,702.7978515625,195.009765625
4419,88,708.71875,195.1171875
4420,88,701.732421875,192.27734375
4421,88,696.3037109375,192.7705078125
4422,88,714.41796875,197.8662109375
4423,87,733.5849609375,203.2158203125
4424,87,734.7939453125,193.1640625
4425,88,726.380859375,190.5869140625
4426,87,735.5,204.0537109375
4427,87,744.9287109375,196.2734375
4428,87,756.9208984375,199.6103515625
4429,87,763.9140625,199.8212890625
4430,86,762.955078125,200.68359375
4431,86,773.6669921875,199.876953125
4432,86,754.6728515625,196.9853515625
4433,85,791.41796875,206.50390625
4434,85,795.533203125,198.9072265625
4435,84,813.509765625,203.4267578125
4436,84,792.2626953125,196.4560546875
4437,84,816.0205078125,196.685546875
4438,84,807.3583984375,194.9287109375
4439,84,807.9921875,194.8046875
4440,85,790.359375,191.6298828125
4441,84,806.7451171875,205.7373046875
4442,84,839.5546875,199.4794921875
4443,83,851.8955078125,204.3056640625
4444,83,852.5361328125,199.8759765625
4445,83,847.107421875,199.6376953125
4446,83,847.380859375,199.0634765625
4447,83,827.591796875,193.1923828125
4448,84,811.5078125,188.634765625
4449,85,783.7099609375,190.2861328125
4450,85,809.654296875,197.76171875
4451,85,815.201171875,198.5458984375
4452,85,809.7294921875,194.7392578125
4453,85,792.4765625,193.66796875
4454,85,813.83984375,196.2529296875
4455,85,815.41015625,197.7255859375
4456,85,812.037109375,197.05078125
4457,85,809.3486328125,196.771484375
4458,85,800.0078125,194.0654296875
4459,85,797.2705078125,193.3251953125
4460,85,793.197265625,192.9638671875
4461,85,796.2236328125,193.5283203125
4462,85,809.4052734375,197.111328125
4463,85,815.44140625,199.0771484375
4464,84,825.099609375,202.1591796875
4465,84,805.412109375,193.9599609375
4466,84,828.341796875,196.748046875
4467,84,830.974609375,198.1953125
4468,83,838.6376953125,200.810546875
4469,83,821.8193359375,193.3564453125
4470,83,831.0419921875,193.2646484375
4471,84,823.5439453125,190.6650390625
4472,84,825.330078125,197.05859375
4473,84,811.7802734375,196.14453125
4474,84,820.1279296875,194.7099609375
4475,85,800.578125,188.72265625
4476,85,809.4794921875,195.021484375
4477,85,823.759765625,199.0205078125
4478,84,843.0087890625,206.390625
4479,83,836.853515625,200.6767578125
4480,83,844.1689453125,194.876953125
4481,83,837.7294921875,192.462890625
4482,83,840.8134765625,193.666015625
4483,83,837.2578125,194.296875
4484,83,841.099609375,193.6396484375
4485,83,838.576171875,192.4169921875
4486,84,835.712890625,191.642578125
4487,84,828.70703125,197.5400390625
4488,84,837.478515625,198.109375
4489,84,820.1845703125,192.2841796875
4490,85,794.9462890625,185.119140625
4491,86,790.3671875,188.509765625
4492,86,791.2265625,198.5537109375
4493,86,786.61328125,196.587890625
4494,87,767.373046875,189.068359375
4495,87,766.8349609375,195.5390625
4496,86,787.7470703125,204.8291015625
4497,86,765.822265625,198.044921875
4498,85,793.0126953125,200.5517578125
4499,86,790.087890625,190.59765625
4500,87,764.37109375,190.474609375
4501,88,744.15625,188.6650390625
4502,88,730.548828125,195.6201171875
4503,88,726.8017578125,193.9765625
4504,88,723.4228515625,192.8125
4505,89,717.73828125,190.41796875
4506,89,711.4248046875,195.55078125
4507,89,714.8232421875,196.166015625
4508,89,722.259765625,198.8525390625
4509,88,730.0263671875,201.640625
4510,88,729.5703125,195.4736328125
4511,88,742.884765625,198.80859375
4512,87,752.384765625,202.9140625
4513,87,758.9140625,194.732421875
4514,88,731.1357421875,190.703125
4515,87,762.3017578125,207.0341796875
4516,87,764.6572265625,195.8994140625
4517,87,770.9970703125,197.25
4518,87,747.2177734375,193.615234375
4519,87,772.44921875,199.4248046875
4520,87,767.23046875,195.76953125
4521,88,751.943359375,191.0625
4522,88,740.2490234375,198.115234375
4523,88,729.7685546875,194.109375
4524,89,722.400390625,191.3466796875
4525,89,708.6572265625,194.796875
4526,90,701.32421875,191.951171875
4527,89,695.705078125,205.0478515625
4528,90,690.90625,188.685546875
4529,89,688.1328125,202.2177734375
4530,90,690.6640625,187.7939453125
4531,90,689.9423828125,199.3212890625
4532,90,669.060546875,192.4619140625
4533,91,666.8671875,190.4873046875
4534,91,664.41015625,198.6884765625
4535,91,660.1162109375,196.9951171875
4536,91,664.1630859375,197.345703125
4537,91,665.9755859375,197.41015625
4538,91,669.5888671875,197.828125
4539,91,670.4287109375,198.09375
4540,91,677.158203125,199.9912109375
4541,90,689.5751953125,201.4775390625
4542,90,701.6591796875,193.1083984375
4543,91,701.6171875,191.3359375
4544,91,694.65625,199.2548828125
4545,91,689.21875,197.6943359375
4546,91,692.2421875,198.439453125
4547,91,690.3642578125,199.3037109375
4548,90,714.3203125,206.830078125
4549,89,748.55078125,207.6953125
4550,84,865.6884765625,231.576171875
4551,85,812.431640625,185.419921875
4552,85,864.9716796875,196.53515625
4553,85,855.560546875,192.5283203125
4554,85,861.5927734375,195.4638671875
4555,85,834.869140625,198.0888671875
4556,86,841.5849609375,191.6533203125
4557,85,824.796875,200.978515625
4558,86,841.779296875,189.974609375
4559,85,853.890625,205.5703125
4560,85,825.50390625,193.6201171875
4561,83,837.578125,212.74609375
4562,83,874.84765625,192.474609375
4563,84,856.8798828125,191.6650390625
4564,84,865.298828125,196.16015625
4565,85,850.0576171875,189.037109375
4566,86,835.439453125,187.4443359375
4567,84,844.3388671875,209.5693359375
4568,86,831.7822265625,184.1630859375
4569,85,831.0283203125,204.552734375
4570,85,843.80078125,195.712890625
4571,84,851.1044921875,200.841796875
4572,84,833.3955078125,194.8310546875
4573,84,848.96484375,194.3955078125
4574,84,848.892578125,196.4873046875
4575,84,847.55859375,192.8896484375
4576,85,838.3740234375,189.8515625
4577,84,839.6728515625,201.4658203125
4578,86,816.4033203125,181.8837890625
4579,85,813.8466796875,200.4609375
4580,86,817.5498046875,186.8916015625
4581,85,824.9033203125,202.8447265625
4582,85,845.296875,195.716796875
4583,85,847.888671875,196.8623046875
4584,84,852.5634765625,200.1640625
4585,84,829.28515625,192.595703125
4586,85,842.462890625,188.8505859375
4587,85,833.3681640625,194.3525390625
4588,85,842.4111328125,194.4951171875
4589,85,850.6982421875,197.1396484375
4590,85,854.8740234375,196.376953125
4591,90,572.0029296875,142.5986328125
4592,92,572.3984375,179.890625
4593,91,605.984375,204.041015625
4594,91,630.4873046875,198.0498046875
4595,91,629.43359375,195.5458984375
4596,92,621.2734375,191.2626953125
4597,92,615.345703125,197.3916015625
4598,92,604.9228515625,194.060546875
4599,93,594.9794921875,190.609375
4600,91,591.1337890625,210.8798828125
4601,93,596.296875,182.24609375
4602,91,594.130859375,211.861328125
4603,93,598.4775390625,183.2919921875
4604,91,597.7607421875,214.568359375
4605,92,599.5439453125,184.935546875
4606,92,622.2490234375,196.9755859375
4607,92,591.0400390625,193.3369140625
4608,91,639.6025390625,204.1982421875
4609,91,632.2783203125,193.677734375
4610,91,630.2119140625,195.8359375
4611,92,591.7587890625,187.771484375
4612,91,620.1376953125,202.3056640625
4613,92,614.80859375,190.927734375
4614,91,617.5595703125,202.8017578125
4615,92,605.798828125,191.9072265625
4616,90,634.7548828125,208.3251953125
4617,91,642.9970703125,191.19921875
4618,90,645.8212890625,202.1240234375
4619,91,641.7421875,191.30078125
4620,90,649.2216796875,202.6796875
4621,90,647.54296875,192.322265625
4622,90,646.7236328125,192.4677734375
4623,91,641.9560546875,191.36328125
4624,90,648.26953125,201.73046875
4625,90,648.9306640625,192.7060546875
4626,90,647.8017578125,193.5556640625
4627,91,641.486328125,192.0537109375
4628,90,650.4423828125,203.8603515625
4629,90,650.1171875,192.8466796875
4630,91,644.427734375,191.0712890625
4631,91,635.7705078125,198.4150390625
4632,90,647.634765625,200.9296875
4633,90,653.0595703125,192.501953125
4634,90,653.4365234375,193.595703125
4635,90,647.0791015625,192.357421875
4636,90,655.154296875,193.783203125
4637,91,651.3017578125,192.0947265625
4638,90,650.33984375,203.123046875
4639,91,641.2548828125,190.8974609375
4640,90,648.0126953125,201.6162109375
4641,91,648.8779296875,191.51953125
4642,90,649.626953125,202.974609375
4643,91,637.8740234375,190.3388671875
4644,90,646.5712890625,201.90625
4645,91,648.0322265625,192.1748046875
4646,90,647.103515625,202.34375
4647,91,642.4482421875,191.27734375
4648,90,648.693359375,202.1513671875
4649,91,649.337890625,191.8984375
4650,90,648.8212890625,202.9208984375
4651,91,638.2314453125,190.5302734375
4652,91,641.4033203125,199.5537109375
4653,91,637.4892578125,197.4697265625
4654,91,640.1123046875,199.310546875
4655,91,630.091796875,197.1650390625
4656,90,646.6845703125,201.13671875
4657,90,652.54296875,192.5341796875
4658,90,651.44921875,192.8203125
4659,90,649.9853515625,192.3310546875
4660,95,387.630859375,120.08203125
4661,96,388.8056640625,189.2685546875
4662,93,404.1748046875,218.3330078125
4663,98,405.638671875,151.2900390625
4664,93,408.0224609375,282.5302734375
4665,98,418.810546875,155.20703125
4666,93,415.8798828125,286.037109375
4667,98,414.34765625,152.494140625
4668,93,412.080078125,284.9404296875
4669,98,419.5849609375,154.0087890625
4670,93,417.6376953125,286.611328125
4671,98,414.9345703125,152.029296875
4672,93,407.662109375,281.8583984375
4673,98,420.37890625,152.685546875
4674,93,419.255859375,287.798828125
4675,98,423.9853515625,154.88671875
4676,93,412.845703125,285.4541015625
4677,98,427.21484375,155.24609375
4678,93,428.31640625,293.4150390625
4679,98,430.5,156.458984375
4680,93,425.7666015625,292.94921875
4681,98,430.974609375,160.416015625
4682,93,450.75,304.267578125
4683,97,461.0859375,165.6533203125
4684,92,451.7880859375,269.759765625
4685,97,450.3798828125,145.73828125
4686,92,452.8369140625,270.5947265625
4687,97,460.798828125,146.6083984375
4688,92,458.5458984375,274.0673828125
4689,97,448.576171875,144.72265625
4690,92,452.15234375,270.337890625
4691,97,450.6083984375,143.4365234375
4692,92,451.9560546875,269.99609375
4693,97,446.47265625,143.572265625
4694,92,446.4580078125,267.6484375
4695,97,444.6103515625,142.0419921875
4696,92,443.2802734375,265.6015625
4697,97,435.6962890625,138.4345703125
4698,92,432.3359375,259.1533203125
4699,97,431.7001953125,137.1689453125
4700,92,433.015625,259.7646484375
4701,97,431.04296875,137.19140625
4702,92,430.8193359375,259.0380859375
4703,97,430.888671875,136.9970703125
4704,92,431.5771484375,259.2333984375
4705,97,438.916015625,139.005859375
4706,92,437.392578125,263.345703125
4707,97,435.697265625,139.8505859375
4708,92,422.7041015625,256.787109375
4709,97,440.76171875,142.09765625
4710,92,443.1552734375,267.3203125
4711,97,439.919921875,142.048828125
4712,92,428.431640625,260.5341796875
4713,97,443.333984375,142.95703125
4714,92,446.19921875,269.66796875
4715,97,447.23828125,145.1728515625
4716,92,434.265625,264.3515625
4717,97,443.275390625,143.6455078125
4718,92,446.0166015625,268.4072265625
4719,97,445.3056640625,144.2919921875
4720,92,438.1923828125,265.3974609375
4721,97,444.0712890625,143.3671875
4722,92,446.869140625,270.017578125
4723,97,448.029296875,145.3076171875
4724,92,440.912109375,266.859375
4725,97,447.4921875,144.46484375
4726,92,450.3134765625,271.9140625
4727,97,449.9677734375,146.583984375
4728,92,441.83203125,267.8916015625
4729,97,448.5166015625,145.2529296875
4730,92,444.4453125,268.390625
4731,97,445.3359375,144.4794921875
4732,92,435.1826171875,263.9013671875
4733,97,445.5888671875,143.5234375
4734,92,442.6630859375,267.4189453125
4735,97,444.5185546875,144.06640625
4736,92,436.8154296875,264.67578125
4737,97,444.0263671875,143.7216796875
4738,92,449.125,271.328125
4739,97,447.6455078125,145.9345703125
4740,92,442.04296875,268.6181640625
4741,97,448.1669921875,145.96484375
4742,92,448.1123046875,271.767578125
4743,97,443.431640625,143.671875
4744,92,437.791015625,265.6142578125
4745,97,442.42578125,143.8154296875
4746,92,443.3955078125,269.107421875
4747,97,453.513671875,145.861328125
4748,92,454.1494140625,276.66015625
4749,96,454.1494140625,162.4462890625
4750,91,485.4326171875,258.3125
4751,96,482.0185546875,157.552734375
4752,91,477.51953125,251.3173828125
4753,96,480.294921875,152.767578125
4754,91,473.9423828125,249.474609375
4755,96,483.3935546875,153.5654296875
4756,91,494.359375,257.853515625
4757,96,506.0595703125,160.470703125
4758,91,518.935546875,271.462890625
4759,94,536.513671875,171.8515625
4760,90,543.427734375,223.400390625
4761,94,534.224609375,163.9228515625
4762,91,527.5615234375,218.484375
4763,94,535.31640625,173.91796875
4764,90,552.7607421875,228.673828125
4765,93,560.583984375,171.3896484375
4766,91,569.646484375,211.3896484375
4767,93,571.515625,183.6787109375
4768,91,559.6669921875,210.626953125
4769,93,556.8173828125,180.642578125
4770,91,555.8447265625,207.8994140625
4771,93,565.4609375,182.7275390625
4772,91,569.4951171875,213.5166015625
4773,92,572.18359375,184.69140625
4774,93,552.9384765625,187.9443359375
4775,92,543.8583984375,205.3193359375
4776,93,561.3271484375,190.3623046875
4777,91,570.7958984375,213.7373046875
4778,93,559.978515625,179.7060546875
4779,94,506.744140625,187.5810546875
4780,93,494.8515625,202.591796875
4781,95,492.94921875,182.5595703125
4782,90,504.8818359375,235.283203125
4783,95,517.82421875,158.0849609375
4784,90,525.466796875,245.2734375
4785,95,521.2890625,157.9365234375
4786,90,517.7080078125,239.5224609375
4787,95,502.2734375,152.212890625
4788,90,505.0771484375,234.7958984375
4789,95,525.0703125,156.8505859375
4790,90,510.216796875,239.6201171875
4791,95,506.509765625,155.908203125
4792,90,514.1318359375,240.3662109375
4793,95,505.275390625,151.7158203125
4794,91,493.9541015625,229.0458984375
4795,96,497.8271484375,158.5146484375
4796,91,507.26953125,265.9521484375
4797,95,522.140625,165.287109375
4798,90,530.9306640625,245.3046875
