3830,35,1353.8974609375,158.958984375
3831,37,1353.671875,176.9404296875
3832,39,1353.4404296875,182.7509765625
3833,40,1353.109375,190.20703125
3834,41,1352.9267578125,191.728515625
3835,41,1352.8876953125,196.603515625
3836,41,1352.546875,196.51171875
3837,41,1352.55078125,196.572265625
3838,41,1352.40625,196.541015625
3839,41,1352.0556640625,196.48046875
3840,41,1351.8427734375,196.4970703125
3841,41,1322.716796875,195.5810546875
3842,41,1323.0546875,195.5556640625
3843,41,1322.9345703125,195.517578125
3844,41,1322.7041015625,195.4697265625
3845,41,1322.4501953125,195.3505859375
3846,41,1321.28515625,195.2587890625
3847,41,1321.5458984375,195.1767578125
3848,41,1321.896484375,195.240234375
3849,41,1320.392578125,194.89453125
3850,41,1320.3720703125,194.8564453125
3851,41,1321.341796875,195.00390625
3852,41,1321.1162109375,194.9697265625
3853,41,1321.4599609375,195.0068359375
3854,41,1322.046875,195.2314453125
3855,41,1322.60546875,195.271484375
3856,41,1323.0029296875,195.341796875
3857,41,1323.2353515625,195.109375
3858,41,1324.33203125,195.1455078125
3859,41,1326.3076171875,195.3125
3860,41,1327.2216796875,195.3828125
3861,41,1327.3349609375,195.40234375
3862,41,1327.4541015625,195.375
3863,41,1327.3349609375,195.3828125
3864,41,1327.490234375,195.404296875
3865,41,1327.919921875,195.5673828125
3866,41,1329.1259765625,195.6552734375
3867,41,1329.55078125,195.8095703125
3868,41,1330.19921875,196.0244140625
3869,41,1330.8017578125,196.0615234375
3870,41,1331.390625,196.08203125
3871,41,1333.9072265625,196.453125
3872,41,1335.09375,196.7626953125
3873,41,1332.9580078125,196.232421875
3874,41,1337.1884765625,195.9560546875
3875,41,1339.990234375,196.5205078125
3876,41,1341.25,196.3779296875
3877,41,1342.779296875,196.4658203125
3878,41,1341.5478515625,196.2802734375
3879,41,1341.7998046875,196.193359375
3880,41,1342.4736328125,196.3955078125
3881,41,1341.4462890625,196.087890625
3882,41,1341.49609375,196.0419921875
3883,41,1342.8369140625,196.3134765625
3884,41,1342.9326171875,196.265625
3885,41,1343.6015625,196.232421875
3886,41,1344.2548828125,196.52734375
3887,41,1344.8671875,196.734375
3888,41,1345.638671875,196.8544921875
3889,41,1348.6806640625,196.376953125
3890,41,1349.9091796875,196.583984375
3891,41,1350.7685546875,196.5283203125
3892,41,1351.078125,196.416015625
3893,41,1351.068359375,196.3447265625
3894,41,1351.1591796875,196.2744140625
3895,41,1351.01953125,196.193359375
3896,41,1350.7119140625,196.16796875
3897,41,1350.5361328125,196.1455078125
3898,41,1350.7490234375,196.181640625
3899,41,1350.9111328125,196.2177734375
3900,41,1351.322265625,196.2998046875
3901,41,1351.3095703125,196.306640625
3902,41,1352.0419921875,196.376953125
3903,41,1352.91015625,196.5927734375
3904,41,1352.78515625,196.7529296875
3905,41,1351.2568359375,196.111328125
3906,41,1353.0732421875,196.2275390625
3907,41,1353.876953125,196.2626953125
3908,41,1354.6767578125,196.369140625
3909,41,1354.845703125,196.30078125
3910,41,1353.708984375,196.052734375
3911,41,1353.263671875,195.9326171875
3912,41,1353.6904296875,196.1279296875
3913,41,1354.0205078125,196.162109375
3914,41,1354.2822265625,196.2421875
3915,41,1354.6904296875,196.3544921875
3916,41,1354.80078125,196.287109375
3917,41,1355.484375,196.55859375
3918,41,1356.2099609375,196.673828125
3919,41,1357.21484375,196.86328125
3920,41,1357.80859375,196.96875
3921,41,1355.443359375,196.521484375
3922,41,1356.44140625,196.4228515625
3923,41,1358.5478515625,196.814453125
3924,41,1357.5263671875,196.5947265625
3925,41,1357.8818359375,196.55859375
3926,41,1358.7236328125,196.787109375
3927,41,1357.787109375,196.5322265625
3928,41,1357.7265625,196.4248046875
3929,41,1358.4248046875,196.630859375
3930,41,1357.41015625,196.2998046875
3931,41,1357.734375,196.16796875
3932,41,1358.39453125,196.3857421875
3933,41,1358.708984375,196.5244140625
3934,41,1359.1044921875,196.580078125
3935,41,1359.4033203125,196.8046875
3936,41,1359.8603515625,196.94921875
3937,41,1357.439453125,196.59375
3938,41,1356.767578125,196.5390625
3939,41,1358.2607421875,196.96484375
3940,41,1357.224609375,196.6474609375
3941,41,1357.6123046875,196.6884765625
3942,41,1358.8837890625,196.9111328125
3943,41,1357.482421875,196.6484375
3944,41,1357.8583984375,196.638671875
3945,41,1359.1865234375,197.005859375
3946,41,1359.6591796875,197.1767578125
3947,41,1360.59375,197.298828125
3948,41,1361.3330078125,197.5048828125
3949,41,1361.673828125,197.6044921875
3950,41,1362.2275390625,197.66796875
3951,41,1363.1142578125,197.751953125
3952,41,1361.31640625,197.2666015625
3953,41,1362.3447265625,197.2333984375
3954,41,1365.1162109375,197.65234375
3955,41,1364.47265625,197.4697265625
3956,41,1364.7021484375,197.3349609375
3957,41,1366.2333984375,197.6416015625
3958,41,1365.1962890625,197.3203125
3959,41,1364.9404296875,197.3505859375
3960,41,1365.685546875,197.5166015625
3961,41,1364.4951171875,197.25
3962,41,1364.654296875,197.119140625
3963,41,1365.955078125,197.513671875
3964,41,1366.4130859375,197.5322265625
3965,41,1366.130859375,197.654296875
3966,41,1366.533203125,197.611328125
3967,41,1367.333984375,198.025390625
3968,41,1367.9765625,198.033203125
3969,41,1365.1572265625,197.60546875
3970,41,1363.9482421875,197.6455078125
3971,41,1365.962890625,198.0556640625
3972,41,1364.990234375,197.8203125
3973,41,1365.4267578125,197.8154296875
3974,41,1366.6611328125,198.0322265625
3975,41,1365.513671875,197.7705078125
3976,41,1365.8134765625,197.8154296875
3977,41,1367.0048828125,198.10546875
3978,41,1366.8828125,198.0751953125
3979,41,1367.119140625,198.3056640625
3980,41,1367.2451171875,198.4111328125
3981,41,1367.6083984375,198.4267578125
3982,41,1367.853515625,198.541015625
3983,41,1368.302734375,198.5986328125
3984,41,1365.927734375,198.0615234375
3985,41,1365.54296875,198.1708984375
3986,41,1366.6318359375,198.4658203125
3987,41,1365.806640625,198.189453125
3988,41,1366.2255859375,198.16796875
3989,41,1367.07421875,198.3740234375
3990,41,1365.9814453125,198.1005859375
3991,41,1366.029296875,198.0693359375
3992,41,1366.6796875,198.1865234375
3993,41,1365.021484375,197.8115234375
3994,41,1364.775390625,197.787109375
3995,41,1365.494140625,198.0546875
3996,41,1364.6357421875,197.8173828125
3997,41,1364.359375,197.7490234375
3998,41,1365.037109375,198.0361328125
3999,41,1364.24609375,197.865234375
4000,41,1364.5625,197.9384765625
4001,41,1335.806640625,198.5556640625
4002,41,1336.4482421875,198.3193359375
4003,41,1336.3095703125,198.2734375
4004,41,1336.55859375,198.4365234375
4005,41,1336.0712890625,198.220703125
4006,41,1336.3125,198.2138671875
4007,41,1336.451171875,198.3056640625
4008,41,1335.427734375,197.98828125
4009,41,1335.9267578125,198.025390625
4010,41,1336.6630859375,198.2646484375
4011,41,1337.421875,198.2578125
4012,41,1337.6376953125,198.48046875
4013,41,1338.2998046875,198.4013671875
4014,41,1338.6318359375,198.564453125
4015,41,1339.08984375,198.720703125
4016,41,1339.4384765625,198.7861328125
4017,41,1338.037109375,198.40625
4018,41,1340.6123046875,198.3388671875
4019,41,1341.89453125,198.650390625
4020,41,1340.94140625,198.4521484375
4021,41,1341.435546875,198.3681640625
4022,41,1341.673828125,198.4228515625
4023,41,1340.875,198.15234375
4024,41,1340.67578125,198.0048828125
4025,41,1340.802734375,198.056640625
4026,41,1339.7587890625,197.84765625
4027,41,1339.8994140625,197.6826171875
4028,41,1340.2529296875,197.970703125
4029,41,1340.37109375,198.001953125
4030,41,1340.50390625,198.0517578125
4031,41,1343.8857421875,198.421875
4032,41,1345.294921875,198.513671875
4033,41,1343.189453125,198.0048828125
4034,41,1347.0693359375,198.08984375
4035,41,1349.638671875,198.5654296875
4036,41,1348.220703125,198.140625
4037,41,1349.7451171875,198.1611328125
4038,41,1350.4267578125,198.37109375
4039,41,1351.65234375,198.3408203125
4040,41,1351.640625,198.3916015625
4041,41,1351.8681640625,198.5234375
4042,41,1351.2158203125,198.2939453125
4043,41,1351.5615234375,198.546875
4044,41,1352.3076171875,198.7392578125
4045,41,1353.2099609375,198.7294921875
4046,41,1353.5859375,198.7763671875
4047,41,1354.1630859375,198.857421875
4048,41,1354.7763671875,198.908203125
4049,41,1351.8876953125,198.259765625
4050,41,1355.876953125,198.1806640625
4051,41,1358.58203125,198.6396484375
4052,41,1359.8232421875,198.669921875
4053,41,1360.05078125,198.6201171875
4054,41,1359.640625,198.513671875
4055,41,1359.271484375,198.23046875
4056,41,1357.9697265625,198.0224609375
4057,41,1357.54296875,197.8935546875
4058,41,1358.240234375,198.11328125
4059,41,1356.6025390625,197.775390625
4060,41,1356.607421875,197.6201171875
4061,41,1357.072265625,197.828125
4062,41,1356.740234375,197.701171875
4063,41,1356.4189453125,197.6826171875
4064,41,1355.9140625,197.6669921875
4065,41,1353.3671875,197.0859375
4066,41,1353.4873046875,197.0
4067,41,1354.6650390625,197.1787109375
4068,41,1354.923828125,197.2783203125
4069,41,1355.8837890625,197.2802734375
4070,41,1355.6767578125,197.3935546875
4071,41,1355.994140625,197.49609375
4072,41,1356.25,197.525390625
4073,41,1356.962890625,197.58203125
4074,41,1357.2783203125,197.7861328125
4075,41,1357.345703125,197.7666015625
4076,41,1358.0107421875,197.8681640625
4077,41,1358.396484375,198.044921875
4078,41,1358.818359375,198.0390625
4079,41,1358.7763671875,198.0703125
4080,41,1358.431640625,197.82421875
4081,41,1355.2900390625,197.02734375
4082,41,1356.1826171875,197.076171875
4083,41,1359.5361328125,197.568359375
4084,41,1360.37890625,197.458984375
4085,41,1360.0458984375,197.33203125
4086,41,1359.46875,197.197265625
4087,41,1359.4853515625,197.107421875
4088,41,1358.96484375,196.974609375
4089,41,1358.751953125,196.8466796875
4090,41,1358.0078125,196.7783203125
4091,41,1357.919921875,196.685546875
4092,41,1357.0009765625,196.5048828125
4093,41,1356.54296875,196.5439453125
4094,41,1356.462890625,196.4560546875
4095,41,1356.958984375,196.7158203125
4096,41,1357.1318359375,196.783203125
4097,41,1355.6591796875,196.5537109375
4098,41,1355.666015625,196.427734375
4099,41,1356.38671875,196.580078125
4100,41,1356.2724609375,196.5654296875
4101,41,1355.8125,196.462890625
4102,41,1355.80859375,196.3671875
4103,41,1355.765625,196.3740234375
4104,41,1355.5283203125,196.3076171875
4105,41,1355.453125,196.3681640625
4106,41,1355.73046875,196.607421875
4107,41,1356.3740234375,196.828125
4108,41,1356.6298828125,196.923828125
4109,41,1357.1396484375,196.904296875
4110,41,1357.3525390625,197.0244140625
4111,41,1357.77734375,197.2109375
4112,41,1358.00390625,197.2880859375
4113,41,1359.7900390625,197.0498046875
4114,41,1360.2705078125,197.0478515625
4115,41,1360.3359375,196.8916015625
4116,41,1359.6484375,196.8095703125
4117,41,1360.2724609375,196.8779296875
4118,41,1360.3603515625,196.7919921875
4119,41,1358.5517578125,196.482421875
4120,41,1357.9951171875,196.3056640625
4121,41,1358.552734375,196.4287109375
4122,41,1357.9228515625,196.3515625
4123,41,1357.3212890625,196.2724609375
4124,41,1356.673828125,196.189453125
4125,41,1356.1552734375,196.0234375
4126,41,1355.5859375,195.9501953125
4127,41,1354.66796875,195.7919921875
4128,41,1354.3427734375,195.9482421875
4129,41,1351.2119140625,195.4365234375
4130,41,1350.2880859375,195.3662109375
4131,41,1350.361328125,195.3662109375
4132,41,1350.681640625,195.4033203125
4133,41,1350.5078125,195.4482421875
4134,41,1350.47265625,195.490234375
4135,41,1350.9833984375,195.6298828125
4136,41,1350.857421875,195.6640625
4137,41,1351.3623046875,195.8212890625
4138,41,1351.42578125,195.9140625
4139,41,1351.6162109375,195.974609375
4140,41,1351.7314453125,196.001953125
4141,41,1351.9287109375,195.9814453125
4142,41,1351.8720703125,196.0458984375
4143,41,1352.1103515625,196.0830078125
4144,41,1352.2744140625,196.1103515625
4145,41,1346.646484375,195.6005859375
4146,41,1344.9384765625,195.5185546875
4147,41,1344.466796875,195.4072265625
4148,41,1343.9111328125,195.21875
4149,41,1343.423828125,195.0849609375
4150,41,1342.912109375,194.9462890625
4151,41,1342.564453125,194.91796875
4152,41,1342.1767578125,194.7724609375
4153,41,1341.7373046875,194.73046875
4154,41,1341.3955078125,194.6669921875
4155,41,1340.9296875,194.4931640625
4156,41,1340.458984375,194.40625
4157,41,1340.1845703125,194.3486328125
4158,41,1339.7568359375,194.3515625
4159,41,1339.595703125,194.2958984375
4160,41,1339.2587890625,194.251953125
4161,41,1299.697265625,193.455078125
4162,41,1299.91015625,193.544921875
4163,41,1299.8779296875,193.33984375
4164,41,1299.6328125,193.2880859375
4165,41,1299.177734375,193.140625
4166,41,1298.880859375,192.9990234375
4167,41,1298.9228515625,192.8310546875
4168,41,1299.1240234375,192.9013671875
4169,41,1299.205078125,192.88671875
4170,41,1299.208984375,193.056640625
4171,41,1298.30859375,192.607421875
4172,41,1297.9501953125,192.439453125
4173,41,1297.0712890625,192.416015625
4174,42,1296.1728515625,192.240234375
4175,42,1296.021484375,194.654296875
4176,42,1296.2724609375,194.62109375
4177,42,1293.9248046875,193.365234375
4178,42,1295.140625,193.197265625
4179,42,1294.1591796875,192.9384765625
4180,42,1294.3017578125,192.6357421875
4181,42,1294.0947265625,192.49609375
4182,42,1293.978515625,192.55078125
4183,42,1293.6484375,192.421875
4184,42,1293.88671875,192.4453125
4185,43,1292.677734375,192.248046875
4186,43,1292.0908203125,194.375
4187,43,1291.984375,194.30078125
4188,43,1292.1318359375,194.2919921875
4189,43,1292.3828125,194.3369140625
4190,43,1292.435546875,194.2900390625
4191,43,1295.2275390625,194.5703125
4192,43,1294.6865234375,194.712890625
4193,43,1293.0048828125,193.8896484375
4194,43,1295.5068359375,193.66015625
4195,43,1298.2783203125,194.181640625
4196,43,1299.5244140625,194.2841796875
4197,43,1297.3212890625,193.76953125
4198,43,1297.4375,193.646484375
4199,43,1299.048828125,193.978515625
4200,43,1298.689453125,193.8203125
4201,43,1298.984375,193.8330078125
4202,43,1299.427734375,193.8857421875
4203,43,1299.8193359375,193.8125
4204,43,1299.66796875,193.78125
4205,43,1300.1533203125,193.9462890625
4206,43,1302.4609375,194.3251953125
4207,43,1303.234375,194.4345703125
4208,43,1303.7626953125,194.392578125
4209,43,1300.3125,193.6123046875
4210,43,1301.2451171875,193.390625
4211,43,1305.20703125,194.025390625
4212,43,1305.6650390625,194.044921875
4213,43,1306.2958984375,193.9462890625
4214,43,1303.748046875,193.375
4215,43,1303.39453125,193.275390625
4216,43,1304.466796875,193.5771484375
4217,43,1303.7626953125,193.39453125
4218,43,1303.671875,193.3759765625
4219,43,1303.087890625,193.2646484375
4220,43,1303.0,193.359375
4221,43,1303.5341796875,193.3994140625
4222,43,1301.470703125,192.953125
4223,43,1301.439453125,192.8779296875
4224,43,1303.591796875,193.2900390625
4225,43,1303.9404296875,192.896484375
4226,43,1304.404296875,192.8193359375
4227,43,1304.4130859375,192.77734375
4228,43,1304.1513671875,192.80078125
4229,43,1303.8095703125,192.7763671875
4230,43,1302.720703125,192.5654296875
4231,43,1303.0078125,192.5322265625
4232,43,1303.0732421875,192.6572265625
4233,43,1303.591796875,192.771484375
4234,43,1303.837890625,192.8193359375
4235,43,1304.0966796875,192.9111328125
4236,43,1305.7568359375,193.2685546875
4237,43,1306.8798828125,193.40625
4238,43,1307.7548828125,193.611328125
4239,43,1308.048828125,193.7041015625
4240,43,1307.9013671875,193.7958984375
4241,43,1304.091796875,193.087890625
4242,43,1303.6962890625,192.96484375
4243,43,1306.4306640625,193.3720703125
4244,43,1307.83984375,193.421875
4245,43,1307.9111328125,193.423828125
4246,43,1307.9892578125,193.3525390625
4247,43,1308.01953125,193.197265625
4248,43,1307.810546875,193.150390625
4249,43,1306.591796875,192.8564453125
4250,43,1306.5615234375,192.8798828125
4251,43,1307.7998046875,193.0361328125
4252,43,1307.537109375,193.005859375
4253,43,1307.5966796875,193.0732421875
4254,43,1308.0361328125,193.1953125
4255,43,1308.564453125,193.23828125
4256,43,1309.0634765625,193.3896484375
4257,43,1309.4892578125,193.080078125
4258,43,1309.61328125,193.0625
4259,43,1309.65625,193.0078125
4260,43,1309.6669921875,192.9697265625
4261,43,1309.80078125,192.966796875
4262,43,1309.728515625,192.9453125
4263,43,1309.6767578125,192.9931640625
4264,43,1309.0849609375,192.8583984375
4265,43,1308.8857421875,193.171875
4266,43,1309.482421875,193.33203125
4267,43,1309.4326171875,193.3076171875
4268,43,1309.0,193.3583984375
4269,43,1309.3291015625,193.4150390625
4270,43,1309.28515625,193.388671875
4271,43,1309.1337890625,193.4462890625
4272,43,1309.228515625,193.5458984375
4273,43,1306.408203125,193.2880859375
4274,43,1305.859375,193.259765625
4275,43,1306.384765625,193.3798828125
4276,43,1306.5859375,193.3466796875
4277,43,1305.162109375,193.1611328125
4278,43,1303.0009765625,193.0009765625
180,48,799.5732421875,78.7919921875
181,53,806.759765625,85.412109375
182,58,818.669921875,91.814453125
183,63,815.6240234375,99.595703125
184,68,818.326171875,107.7626953125
185,73,814.7705078125,118.6904296875
186,78,811.2373046875,129.935546875
187,83,807.8427734375,151.1943359375
188,86,806.3232421875,176.662109375
189,86,807.736328125,198.21484375
190,85,829.498046875,201.828125
191,85,827.9013671875,193.8486328125
192,85,823.58984375,192.4111328125
193,85,815.28515625,194.24609375
194,85,820.369140625,193.541015625
195,85,820.0419921875,196.1455078125
196,85,823.359375,195.77734375
197,85,831.205078125,198.5498046875
198,84,855.291015625,201.296875
199,84,859.2119140625,197.375
200,84,852.5595703125,196.302734375
201,84,860.2197265625,199.705078125
202,83,862.6845703125,201.0048828125
203,83,875.505859375,198.1123046875
204,83,874.2802734375,198.4306640625
205,83,873.7197265625,198.0625
206,82,888.890625,202.044921875
207,82,889.5302734375,193.615234375
208,82,892.9345703125,195.9111328125
209,82,920.59375,198.984375
210,82,917.0478515625,199.09765625
211,82,922.0166015625,199.1865234375
212,81,929.4462890625,202.017578125
213,81,931.8115234375,197.9150390625
214,81,928.3994140625,198.1962890625
215,80,936.9248046875,201.0283203125
216,80,935.787109375,194.45703125
217,80,947.8154296875,197.00390625
218,80,938.62109375,195.8994140625
219,80,948.74609375,198.47265625
220,80,938.1865234375,197.79296875
221,80,944.953125,199.4541015625
222,80,942.3515625,198.9375
223,79,951.884765625,202.298828125
224,79,939.203125,194.5634765625
225,79,951.482421875,197.689453125
226,79,948.9921875,197.4619140625
227,78,961.423828125,200.2763671875
228,78,953.9697265625,195.625
229,78,974.9931640625,199.328125
230,78,965.9931640625,197.8994140625
231,77,977.537109375,200.3681640625
232,78,966.8828125,191.9580078125
233,77,979.837890625,202.0439453125
234,77,970.0703125,194.3759765625
235,77,985.1728515625,197.3583984375
236,77,978.818359375,195.19921875
237,77,992.2255859375,197.96875
238,77,987.388671875,194.806640625
239,77,992.7236328125,195.732421875
240,77,1000.34765625,198.521484375
241,75,1065.353515625,211.7265625
242,75,1085.150390625,194.01171875
243,75,1103.4287109375,198.353515625
244,75,1078.001953125,194.6845703125
245,75,1082.7431640625,197.1552734375
246,75,1049.4140625,192.396484375
247,75,1067.650390625,196.4697265625
248,76,1036.3046875,190.53125
249,76,1058.552734375,199.2900390625
250,76,1036.74609375,194.8828125
251,76,1054.623046875,198.7900390625
252,76,1035.302734375,193.4208984375
253,76,1039.4609375,196.80078125
254,77,1018.1279296875,192.2255859375
255,76,1029.962890625,202.984375
256,77,1009.5439453125,189.8115234375
257,76,1023.28515625,201.69140625
258,77,1014.904296875,189.583984375
259,76,1037.599609375,202.1123046875
260,77,1015.923828125,188.580078125
261,76,1029.376953125,200.6240234375
262,77,1026.90625,190.54296875
263,76,1037.21484375,201.1904296875
264,77,1020.05078125,189.462890625
265,77,1033.9697265625,199.8818359375
266,77,1013.7109375,195.3994140625
267,77,1020.1015625,197.9931640625
268,77,999.7646484375,193.4833984375
269,77,1011.83203125,196.359375
270,77,1006.76953125,192.755859375
271,77,1011.56640625,195.498046875
272,78,992.970703125,189.33984375
273,78,998.974609375,199.2333984375
274,78,980.9990234375,192.3203125
275,78,993.9072265625,196.568359375
276,79,970.615234375,189.6611328125
277,79,978.1484375,196.6748046875
278,79,979.369140625,192.6171875
279,79,980.7353515625,194.900390625
280,81,949.1201171875,184.134765625
281,81,954.0419921875,198.5166015625
282,80,941.828125,200.58984375
283,81,929.6591796875,185.62109375
284,81,938.7705078125,197.3818359375
285,82,921.01171875,190.2236328125
286,82,924.701171875,199.833984375
287,83,908.0380859375,192.2119140625
288,82,909.4169921875,206.2783203125
289,83,901.46484375,190.7265625
290,82,897.2763671875,203.78125
291,83,893.9541015625,188.23046875
292,82,891.4150390625,200.89453125
293,84,880.42578125,184.400390625
294,83,878.818359375,203.603515625
295,84,870.349609375,190.8466796875
296,84,861.95703125,199.83203125
297,84,862.216796875,194.2158203125
298,84,857.220703125,198.1328125
299,84,857.1171875,194.1025390625
300,84,853.3701171875,198.0
301,84,862.5439453125,197.9140625
302,84,855.4140625,197.4951171875
303,84,853.021484375,196.517578125
304,84,851.2333984375,196.1259765625
305,84,855.84375,196.9501953125
306,84,854.75,196.958984375
307,84,854.3974609375,197.4013671875
308,84,855.1474609375,197.919921875
309,84,854.525390625,197.6806640625
310,84,852.1181640625,197.4912109375
311,84,847.2197265625,196.5693359375
312,84,843.7509765625,196.759765625
313,84,850.05078125,197.150390625
314,84,849.5361328125,196.970703125
315,84,844.6513671875,195.7802734375
316,84,835.666015625,195.3125
317,84,834.0556640625,194.091796875
318,84,830.267578125,193.5380859375
319,84,830.2138671875,192.740234375
320,85,828.31640625,191.83203125
321,85,820.7880859375,196.267578125
322,85,810.685546875,194.7841796875
323,85,798.427734375,192.4091796875
324,85,796.330078125,192.5009765625
325,86,794.2548828125,191.138671875
326,86,791.271484375,199.5771484375
327,86,787.8486328125,197.9453125
328,86,777.876953125,195.4755859375
329,86,770.3232421875,193.4091796875
330,87,761.6103515625,190.7890625
331,87,752.03515625,194.4287109375
332,87,746.34375,192.697265625
333,88,730.861328125,188.9013671875
334,88,719.7119140625,197.5751953125
335,88,711.4638671875,195.357421875
336,88,701.8486328125,192.369140625
337,89,693.953125,189.6787109375
338,89,685.833984375,193.49609375
339,90,672.6416015625,190.482421875
340,89,669.4140625,203.890625
341,90,656.978515625,186.1640625
342,90,651.4462890625,199.07421875
343,90,651.6669921875,198.7421875
344,90,654.1328125,199.3203125
345,89,658.6748046875,200.29296875
346,90,654.044921875,185.7021484375
347,89,661.001953125,201.65234375
348,90,672.2490234375,189.4228515625
349,89,667.0771484375,202.9365234375
350,90,662.779296875,187.56640625
351,89,662.3310546875,201.806640625
352,91,649.4169921875,183.494140625
353,90,647.810546875,205.9912109375
354,90,635.21484375,193.1455078125
355,90,638.7802734375,193.7353515625
356,90,640.4306640625,194.4111328125
357,90,636.6953125,193.9677734375
358,90,636.6123046875,194.50390625
359,90,642.5400390625,195.677734375
360,90,637.4677734375,194.884765625
361,88,747.6357421875,213.6181640625
362,90,674.8095703125,180.91796875
363,89,675.1904296875,202.103515625
364,90,676.2421875,189.0771484375
365,89,663.3388671875,202.1240234375
366,90,661.7177734375,185.78515625
367,90,637.30078125,198.0625
368,90,651.0517578125,198.3046875
369,90,631.7705078125,197.640625
370,90,651.10546875,199.037109375
371,90,627.740234375,197.0068359375
372,90,647.677734375,197.703125
373,90,639.66796875,197.5166015625
374,90,615.9541015625,194.744140625
375,89,657.83203125,200.09375
376,90,637.4951171875,184.5439453125
377,89,658.8916015625,202.501953125
378,90,656.8486328125,187.3837890625
379,89,654.0,201.6279296875
380,90,664.4150390625,188.97265625
381,89,653.6669921875,201.5302734375
382,90,658.78125,188.0869140625
383,89,674.8701171875,204.994140625
384,89,680.9208984375,192.408203125
385,89,681.150390625,193.74609375
386,89,693.5263671875,195.833984375
387,89,685.1201171875,194.43359375
388,89,698.5712890625,197.0126953125
389,89,707.9453125,198.6875
390,88,717.88671875,201.5947265625
391,88,721.626953125,196.7958984375
392,89,706.2158203125,191.76171875
393,88,716.8251953125,201.0126953125
394,88,720.6181640625,196.1005859375
395,88,727.2958984375,198.0927734375
396,88,718.9912109375,195.171875
397,88,715.0498046875,194.9208984375
398,88,701.7734375,196.158203125
399,88,711.84375,196.654296875
400,88,711.5703125,196.228515625
401,88,708.2060546875,197.353515625
402,88,720.142578125,198.3984375
403,87,722.6103515625,200.4072265625
404,88,740.056640625,189.7880859375
405,87,763.05078125,205.9072265625
406,87,782.1826171875,197.927734375
407,87,778.86328125,196.783203125
408,87,771.9462890625,194.482421875
409,87,767.4853515625,196.0224609375
410,88,757.02734375,192.24609375
411,86,763.3837890625,208.19140625
412,87,764.6650390625,188.8828125
413,87,776.259765625,197.3525390625
414,87,771.8916015625,198.076171875
415,87,768.130859375,196.5146484375
416,87,761.4775390625,192.8544921875
417,87,753.001953125,193.0498046875
418,88,739.8408203125,188.0625
419,87,742.890625,202.9521484375
420,88,750.0947265625,190.666015625
421,87,747.111328125,200.564453125
422,87,762.6064453125,193.1982421875
423,87,764.7158203125,193.255859375
424,87,765.8349609375,192.4814453125
425,87,773.5654296875,193.123046875
426,87,775.8994140625,194.21875
427,87,792.65234375,198.0625
428,87,796.958984375,198.935546875
429,87,786.9345703125,195.078125
430,87,802.587890625,199.77734375
431,87,799.25,198.7138671875
432,87,788.3056640625,198.21484375
433,87,783.8525390625,197.693359375
434,87,778.4833984375,197.5126953125
435,87,768.2880859375,196.0791015625
436,87,760.8759765625,195.28125
437,92,298.1201171875,78.2451171875
438,97,339.888671875,112.05078125
439,94,353.9482421875,215.5302734375
440,99,351.2109375,145.140625
441,94,359.7548828125,321.943359375
442,99,357.740234375,146.34765625
443,94,372.0107421875,332.3427734375
444,99,373.955078125,151.255859375
445,94,366.826171875,326.9091796875
446,99,372.046875,150.6904296875
447,94,369.830078125,328.4619140625
448,99,371.3193359375,149.7373046875
449,94,378.0078125,334.806640625
450,99,369.6533203125,149.7255859375
451,94,382.095703125,338.046875
452,99,381.9423828125,151.9599609375
453,94,378.00390625,335.5830078125
454,99,377.6435546875,152.78125
455,94,346.96484375,309.7353515625
456,99,361.765625,147.7978515625
457,94,367.6904296875,328.1376953125
458,99,357.228515625,147.1865234375
459,94,360.90625,320.986328125
460,99,357.724609375,147.2890625
461,94,367.69921875,326.48828125
462,99,379.2138671875,153.4912109375
463,94,367.296875,326.9365234375
464,99,381.4443359375,155.162109375
465,94,388.4072265625,344.8232421875
466,98,398.4951171875,161.8095703125
467,93,396.3818359375,270.1630859375
468,98,401.9833984375,143.349609375
469,93,405.189453125,274.87109375
470,98,401.9169921875,143.4169921875
471,93,407.3115234375,276.783203125
472,98,396.2421875,142.0107421875
473,93,406.6533203125,276.9384765625
474,98,418.2861328125,147.888671875
475,93,415.728515625,282.4638671875
476,98,409.2939453125,144.6611328125
477,93,405.974609375,275.8486328125
478,98,410.4599609375,144.353515625
479,93,411.845703125,278.390625
480,98,396.583984375,140.451171875
481,93,367.1826171875,254.5205078125
482,98,395.716796875,142.8125
483,93,390.693359375,267.931640625
484,98,409.1806640625,146.5390625
485,93,972.4208984375,647.1396484375
486,98,448.8525390625,151.556640625
487,93,338.6171875,243.4091796875
488,98,347.537109375,118.69140625
489,95,302.623046875,218.1943359375
490,99,345.5546875,164.2841796875
491,94,340.03125,315.4150390625
492,99,320.404296875,130.578125
493,94,322.298828125,300.2705078125
494,99,318.4287109375,131.4453125
495,94,303.0732421875,282.517578125
496,99,310.7294921875,131.10546875
497,94,297.6845703125,279.248046875
498,99,327.3193359375,137.12890625
499,94,327.6806640625,308.3359375
500,99,325.1044921875,135.6181640625
501,94,301.5068359375,283.4765625
502,99,301.0625,125.642578125
503,94,295.2255859375,277.7607421875
504,99,313.580078125,133.001953125
505,94,332.0576171875,313.3134765625
506,99,325.154296875,138.150390625
507,94,300.607421875,283.75
508,99,272.0888671875,117.193359375
509,94,279.408203125,263.759765625
510,99,306.5185546875,130.84765625
511,94,283.5634765625,267.9208984375
512,99,292.04296875,125.2900390625
513,94,288.0361328125,272.462890625
514,99,301.8994140625,128.67578125
515,94,258.7744140625,243.8740234375
516,99,295.3662109375,126.705078125
517,94,264.1083984375,249.49609375
518,99,309.2265625,131.4697265625
519,94,294.66015625,278.76953125
520,99,313.564453125,132.5029296875
521,94,311.912109375,294.7216796875
522,99,325.8916015625,136.7607421875
523,94,320.615234375,302.31640625
524,99,321.3857421875,133.94921875
525,94,321.5498046875,302.626953125
526,99,330.9873046875,137.4814453125
527,94,321.8271484375,303.0517578125
528,99,329.11328125,136.796875
529,94,339.35546875,320.2568359375
530,99,353.638671875,146.1025390625
531,94,294.1298828125,276.755859375
532,99,323.298828125,134.27734375
533,94,308.8662109375,290.4697265625
534,99,313.8095703125,130.6005859375
535,94,303.0517578125,284.7421875
536,99,316.783203125,131.34375
537,94,318.3251953125,300.0390625
538,99,328.796875,136.2880859375
539,94,337.1220703125,318.2587890625
540,99,357.26953125,151.3984375
541,94,365.5986328125,343.595703125
542,98,368.1435546875,163.744140625
543,93,429.748046875,322.29296875
544,95,460.8818359375,184.4267578125
545,90,479.3173828125,246.90234375
546,95,506.3681640625,160.2568359375
547,90,521.423828125,264.0244140625
548,94,542.0478515625,166.20703125
549,89,556.3173828125,236.8857421875
550,93,596.193359375,163.7470703125
551,91,561.3671875,210.513671875
552,91,619.099609375,194.896484375
553,93,586.1494140625,182.8505859375
554,90,590.4541015625,220.173828125
555,93,580.0166015625,169.599609375
556,90,581.7744140625,217.578125
557,93,614.966796875,174.158203125
558,89,627.564453125,225.787109375
559,92,647.080078125,170.55859375
560,91,643.412109375,206.06640625
561,91,650.8759765625,194.5732421875
562,89,695.2998046875,210.19140625
563,92,667.451171875,175.9072265625
564,88,707.3447265625,230.4814453125
565,92,655.56640625,166.75390625
566,89,672.939453125,221.0478515625
567,92,648.15625,171.181640625
568,89,666.9140625,216.115234375
569,92,629.2705078125,170.154296875
570,91,616.43359375,203.435546875
571,93,582.5732421875,184.208984375
572,91,568.14453125,213.7255859375
573,93,549.5693359375,176.912109375
574,90,574.314453125,215.9267578125
575,93,542.345703125,169.4560546875
576,92,536.2177734375,206.8466796875
577,94,535.015625,183.7041015625
578,90,529.1337890625,226.587890625
579,94,532.39453125,163.4375
580,90,540.7529296875,230.4384765625
581,94,536.4423828125,164.091796875
582,90,526.087890625,225.6015625
583,94,533.2958984375,164.0107421875
584,90,533.8662109375,228.4404296875
585,94,523.1279296875,162.0693359375
586,90,539.421875,229.546875
587,94,541.669921875,164.748046875
588,89,560.953125,236.0908203125
589,93,585.3369140625,163.2021484375
590,90,586.720703125,218.369140625
591,93,584.201171875,175.9130859375
592,90,588.81640625,219.5576171875
593,93,602.2998046875,176.4404296875
594,90,599.78125,222.7783203125
595,92,609.9384765625,181.1064453125
596,92,591.82421875,198.53515625
597,92,599.7080078125,199.20703125
598,92,561.6455078125,194.244140625
599,93,558.11328125,191.33984375
600,91,568.1142578125,215.44921875
601,86,975.9072265625,324.697265625
602,87,774.6806640625,188.140625
603,84,972.7314453125,222.1875
604,89,658.6484375,145.22265625
605,92,616.1689453125,174.173828125
606,92,543.32421875,192.578125
607,93,539.9013671875,191.5419921875
608,91,537.248046875,211.2685546875
609,94,518.8857421875,175.1982421875
610,91,504.5673828125,221.1552734375
611,92,553.529296875,184.8134765625
612,94,512.4833984375,182.2841796875
613,89,572.8154296875,242.677734375
614,93,574.0537109375,163.8427734375
615,91,574.517578125,215.462890625
616,93,569.486328125,181.57421875
617,91,570.56640625,214.2783203125
618,93,550.4130859375,181.3984375
619,91,562.587890625,212.8076171875
620,92,574.6162109375,186.4560546875
621,94,517.8974609375,181.453125
622,89,580.15234375,242.6689453125
623,94,578.716796875,157.9365234375
624,89,573.841796875,244.0283203125
625,94,567.162109375,157.4052734375
626,89,563.603515625,237.4345703125
627,94,567.96484375,158.861328125
628,89,568.7109375,239.9443359375
629,94,574.939453125,157.0625
630,89,570.6005859375,236.8076171875
