339,35,1275.1396484375,152.955078125
340,38,1275.416015625,170.1474609375
341,40,1276.2568359375,179.9912109375
342,42,1276.5498046875,184.330078125
343,43,1276.3564453125,191.2197265625
344,43,1275.982421875,193.2490234375
345,43,1275.2626953125,193.1318359375
346,43,1275.14453125,193.1220703125
347,43,1275.1875,193.1181640625
348,43,1275.7265625,193.291015625
349,43,1276.572265625,193.419921875
350,43,1277.015625,193.3466796875
351,43,1281.26171875,193.8720703125
352,43,1283.1513671875,194.00390625
353,43,1293.1796875,194.68359375
354,43,1295.15625,194.791015625
355,43,1296.11328125,194.8447265625
356,43,1295.9609375,194.8447265625
357,43,1296.5859375,194.859375
358,43,1296.884765625,194.9248046875
359,43,1298.068359375,195.0859375
360,43,1298.970703125,195.2431640625
361,43,1299.9794921875,195.51171875
362,43,1301.134765625,195.6240234375
363,43,1301.6640625,195.76953125
364,43,1302.4912109375,195.8359375
365,43,1303.533203125,196.0087890625
366,43,1304.2470703125,196.14453125
367,43,1304.9345703125,196.21875
368,43,1307.787109375,196.80078125
369,43,1314.0078125,196.51953125
370,43,1316.822265625,196.6494140625
371,43,1317.4462890625,196.6904296875
372,43,1318.22265625,196.6767578125
373,43,1318.421875,196.69921875
374,43,1319.1552734375,196.76171875
375,43,1319.1875,196.736328125
376,43,1319.4453125,196.68359375
377,43,1319.1298828125,196.6923828125
378,43,1319.5302734375,196.6396484375
379,43,1321.5859375,196.6943359375
380,43,1321.462890625,196.5517578125
381,43,1321.30859375,196.4921875
382,43,1321.486328125,196.5087890625
383,43,1321.7119140625,196.61328125
384,43,1322.234375,196.7216796875
385,43,1321.5712890625,196.5390625
386,43,1321.8349609375,196.5869140625
387,43,1322.7236328125,196.857421875
388,43,1321.5263671875,196.814453125
389,43,1321.958984375,196.8505859375
390,43,1322.12109375,197.00390625
391,43,1322.279296875,196.9775390625
392,43,1322.6162109375,197.056640625
393,43,1322.7294921875,197.1328125
394,43,1322.93359375,197.26953125
395,43,1323.3173828125,197.3212890625
396,43,1323.6826171875,197.337890625
397,43,1323.73046875,197.41015625
398,43,1323.7958984375,197.5244140625
399,43,1324.119140625,197.6689453125
400,43,1324.5361328125,197.6767578125
401,43,1323.423828125,197.2529296875
402,43,1324.3173828125,197.2802734375
403,43,1324.6875,197.248046875
404,43,1324.189453125,197.056640625
405,43,1323.048828125,196.6689453125
406,43,1322.498046875,196.5595703125
407,43,1322.466796875,196.666015625
408,43,1323.111328125,196.7783203125
409,43,1323.5595703125,196.8994140625
410,43,1323.3896484375,196.9375
411,43,1322.3388671875,196.9873046875
412,43,1322.48828125,196.9990234375
413,43,1323.00390625,197.056640625
414,43,1323.173828125,197.1318359375
415,43,1323.1337890625,197.2666015625
416,43,1323.1904296875,197.1962890625
417,43,1323.0068359375,196.8896484375
418,43,1324.1484375,196.8173828125
419,43,1324.3701171875,196.771484375
420,43,1324.9658203125,196.7119140625
421,43,1324.7421875,196.73828125
422,43,1324.8037109375,196.572265625
423,43,1324.2412109375,196.5556640625
424,43,1324.1669921875,196.57421875
425,43,1324.2470703125,196.5537109375
426,43,1324.564453125,196.6484375
427,43,1324.6328125,196.6787109375
428,43,1324.7822265625,196.73828125
429,43,1325.0048828125,196.8466796875
430,43,1325.703125,196.87109375
431,43,1325.6025390625,197.0791015625
432,43,1326.1669921875,197.1962890625
433,43,1327.9990234375,197.3623046875
434,43,1329.62890625,197.5732421875
435,43,1330.37109375,197.599609375
436,43,1330.0615234375,197.58203125
437,43,1330.509765625,197.6181640625
438,43,1330.4453125,197.6650390625
439,43,1330.748046875,197.5986328125
440,43,1330.931640625,197.6552734375
441,43,1331.134765625,197.7529296875
442,43,1331.4853515625,197.791015625
443,43,1332.0859375,197.962890625
444,43,1332.3798828125,197.9541015625
445,43,1332.6669921875,198.046875
446,43,1332.7470703125,198.111328125
447,43,1332.3671875,198.1552734375
448,43,1332.6689453125,198.2060546875
449,43,1333.064453125,198.201171875
450,43,1333.8798828125,198.154296875
451,43,1333.7900390625,198.2373046875
452,43,1333.451171875,198.0712890625
453,43,1333.5419921875,198.08203125
454,43,1332.7490234375,197.8876953125
455,43,1332.55078125,197.9013671875
456,43,1332.888671875,198.041015625
457,43,1332.0849609375,198.0029296875
458,43,1332.291015625,198.017578125
459,43,1332.35546875,198.080078125
460,43,1332.216796875,198.13671875
461,43,1332.2060546875,198.220703125
462,43,1332.048828125,198.267578125
463,43,1332.0361328125,198.22265625
464,43,1331.7451171875,198.2109375
465,43,1328.583984375,197.8173828125
466,43,1327.0009765625,197.7705078125
467,43,1327.455078125,197.8876953125
468,43,1327.5732421875,197.86328125
469,43,1327.29296875,197.775390625
470,43,1326.763671875,197.66796875
471,43,1326.0810546875,197.5166015625
472,43,1325.55078125,197.3798828125
473,43,1325.9189453125,197.51953125
474,43,1325.8330078125,197.4609375
475,43,1325.3544921875,197.3310546875
476,43,1325.1123046875,197.3369140625
477,43,1324.7578125,197.310546875
478,43,1324.5263671875,197.271484375
479,43,1323.6787109375,197.2109375
480,43,1323.8798828125,197.224609375
481,43,1296.0439453125,197.3603515625
482,43,1296.828125,197.294921875
483,43,1297.099609375,197.287109375
484,43,1296.2431640625,197.0908203125
485,43,1296.3466796875,197.0927734375
486,43,1296.6474609375,197.18359375
487,43,1296.4833984375,197.09765625
488,43,1296.5537109375,197.0224609375
489,43,1296.8759765625,197.0087890625
490,43,1296.96484375,197.111328125
491,43,1297.1376953125,197.1640625
492,43,1297.560546875,197.369140625
493,43,1297.9736328125,197.37890625
494,43,1298.40234375,197.5166015625
495,43,1298.7529296875,197.5166015625
496,43,1299.73828125,197.7294921875
497,43,1297.9462890625,197.21484375
498,43,1303.5400390625,197.2099609375
499,43,1306.2158203125,197.654296875
500,43,1308.2900390625,197.697265625
501,43,1309.1083984375,197.677734375
502,43,1309.3837890625,197.6826171875
503,43,1309.3759765625,197.6640625
504,43,1309.3251953125,197.5830078125
505,43,1309.0986328125,197.54296875
506,43,1309.0380859375,197.439453125
507,43,1309.0947265625,197.490234375
508,43,1309.08203125,197.4345703125
509,43,1309.0615234375,197.5029296875
510,43,1309.2978515625,197.623046875
511,43,1311.6025390625,197.75390625
512,43,1312.927734375,197.8984375
513,43,1316.8916015625,197.943359375
514,43,1317.6669921875,197.9580078125
515,43,1318.1923828125,198.0029296875
516,43,1318.673828125,198.009765625
517,43,1318.3583984375,197.974609375
518,43,1319.041015625,197.904296875
519,43,1318.876953125,197.9169921875
520,43,1318.7548828125,197.921875
521,43,1318.9892578125,197.908203125
522,43,1319.326171875,197.9658203125
523,43,1319.5791015625,198.1474609375
524,43,1320.1953125,198.271484375
525,43,1321.01953125,198.5068359375
526,43,1321.515625,198.619140625
527,43,1322.171875,198.6796875
528,43,1322.8701171875,198.83984375
529,43,1327.6552734375,198.869140625
530,43,1329.7294921875,198.9482421875
531,43,1330.4404296875,199.0185546875
532,43,1330.9365234375,199.001953125
533,43,1331.1826171875,199.0576171875
534,43,1331.291015625,199.046875
535,43,1331.3251953125,199.029296875
536,43,1331.0390625,198.9609375
537,43,1331.078125,198.9560546875
538,43,1331.2607421875,198.9423828125
539,43,1330.912109375,198.9716796875
540,43,1331.0869140625,198.923828125
541,43,1331.123046875,198.90234375
542,43,1331.3896484375,198.921875
543,43,1331.5703125,199.0263671875
544,43,1331.884765625,199.0625
545,43,1333.142578125,198.9169921875
546,43,1333.8095703125,198.9638671875
547,43,1334.2119140625,199.1142578125
548,43,1334.6875,199.0732421875
549,43,1334.693359375,199.1904296875
550,43,1334.8740234375,199.203125
551,43,1334.74609375,199.1796875
552,43,1334.853515625,199.1875
553,43,1334.8447265625,199.140625
554,43,1334.9697265625,199.1044921875
555,43,1334.7841796875,199.1142578125
556,43,1334.9921875,199.185546875
557,43,1335.048828125,199.3203125
558,43,1335.6455078125,199.4736328125
559,43,1336.0810546875,199.6728515625
560,43,1336.57421875,199.8994140625
561,43,1337.9140625,199.9638671875
562,42,1339.28515625,200.115234375
563,42,1340.4111328125,197.7587890625
564,42,1340.5595703125,197.6826171875
565,42,1340.771484375,197.705078125
566,42,1340.8330078125,197.7060546875
567,42,1340.83984375,197.73828125
568,42,1340.6962890625,197.65625
569,42,1340.7216796875,197.6640625
570,42,1340.4736328125,197.59765625
571,42,1340.5576171875,197.50390625
572,42,1340.3623046875,197.494140625
573,42,1340.3623046875,197.5556640625
574,42,1340.173828125,197.5546875
575,42,1340.4833984375,197.5625
576,42,1340.443359375,197.5791015625
577,42,1335.1845703125,196.9013671875
578,42,1335.537109375,196.87109375
579,42,1335.912109375,196.939453125
580,42,1336.26171875,196.8779296875
581,42,1336.478515625,196.9326171875
582,42,1336.580078125,196.8759765625
583,42,1337.0068359375,196.9921875
584,42,1336.8388671875,196.9755859375
585,42,1337.5146484375,197.0625
586,42,1337.7783203125,197.16015625
587,42,1338.240234375,197.220703125
588,42,1338.28125,197.314453125
589,42,1338.705078125,197.3330078125
590,42,1338.6796875,197.3447265625
591,42,1338.8896484375,197.419921875
592,42,1339.1669921875,197.5673828125
593,42,1339.68359375,197.5146484375
594,42,1339.740234375,197.421875
595,42,1340.458984375,197.5615234375
596,42,1340.4814453125,197.5859375
597,42,1340.7626953125,197.6015625
598,42,1340.8916015625,197.640625
599,42,1341.4208984375,197.845703125
600,42,1341.6259765625,197.890625
601,42,1341.8212890625,197.9619140625
602,42,1342.09375,198.0595703125
603,42,1342.0048828125,198.1533203125
604,42,1342.0517578125,198.1337890625
605,42,1342.337890625,198.2294921875
606,42,1342.60546875,198.234375
607,42,1342.3310546875,198.1650390625
608,42,1341.7373046875,198.037109375
609,42,1339.9755859375,197.4287109375
610,42,1340.5380859375,197.341796875
611,42,1340.6982421875,197.2666015625
612,42,1340.587890625,197.2099609375
613,42,1340.2978515625,197.236328125
614,42,1340.0517578125,197.2509765625
615,42,1340.0751953125,197.255859375
616,42,1340.056640625,197.228515625
617,42,1339.9189453125,197.26953125
618,42,1339.8642578125,197.3935546875
619,42,1339.9658203125,197.44140625
620,42,1340.212890625,197.4560546875
621,42,1339.9658203125,197.435546875
622,42,1340.2685546875,197.4814453125
623,42,1340.1533203125,197.5078125
624,42,1340.1142578125,197.478515625
625,42,1339.8916015625,197.2451171875
626,42,1340.1455078125,197.34375
627,42,1340.3798828125,197.375
628,42,1340.4228515625,197.4072265625
629,42,1340.3525390625,197.2734375
630,42,1340.1572265625,197.2998046875
631,42,1339.5546875,197.181640625
632,42,1339.6494140625,197.2392578125
633,42,1339.986328125,197.333984375
634,42,1340.166015625,197.4091796875
635,42,1340.2470703125,197.3701171875
636,42,1340.318359375,197.3486328125
637,42,1339.9091796875,197.2802734375
638,42,1339.8662109375,197.3740234375
639,42,1339.185546875,197.3486328125
640,42,1339.4765625,197.3515625
641,42,1319.25,198.74609375
642,42,1320.099609375,198.71484375
643,42,1320.6328125,198.7021484375
644,42,1320.7333984375,198.671875
645,42,1320.76171875,198.6923828125
646,42,1321.158203125,198.6318359375
647,42,1321.3984375,198.677734375
648,42,1321.884765625,198.8955078125
649,42,1322.1923828125,198.9150390625
650,42,1322.7802734375,199.08203125
651,42,1323.3310546875,199.1611328125
652,42,1324.0439453125,199.24609375
653,42,1324.7978515625,199.3720703125
654,42,1325.4736328125,199.4599609375
655,42,1326.193359375,199.591796875
656,42,1327.1376953125,199.76953125
657,42,1331.2646484375,199.625
658,42,1332.462890625,199.712890625
659,42,1333.2275390625,199.76171875
660,42,1333.7587890625,199.853515625
661,42,1334.2314453125,199.82421875
662,42,1333.421875,199.650390625
663,42,1333.810546875,199.7060546875
664,42,1333.830078125,199.9580078125
665,41,1334.5556640625,200.0068359375
666,41,1334.494140625,197.5234375
667,41,1334.7685546875,197.4873046875
668,41,1335.21875,197.615234375
669,41,1336.185546875,197.783203125
670,41,1336.7763671875,197.986328125
671,41,1340.1015625,198.283203125
672,41,1341.33984375,198.46875
673,41,1342.3310546875,198.0888671875
674,41,1344.1279296875,197.97265625
675,41,1346.3623046875,198.095703125
676,41,1345.525390625,197.7548828125
677,41,1345.783203125,197.6611328125
678,41,1346.6865234375,198.0390625
679,41,1346.0498046875,197.607421875
680,41,1346.2958984375,197.6142578125
681,41,1346.9306640625,197.90234375
682,41,1348.0234375,198.09375
683,41,1349.234375,198.228515625
684,41,1349.96875,198.3427734375
685,41,1350.69921875,198.4072265625
686,41,1351.9482421875,198.58984375
687,41,1352.71875,198.6552734375
688,41,1353.705078125,198.8017578125
689,41,1351.1689453125,198.0966796875
690,41,1353.884765625,198.1376953125
691,41,1355.9375,198.7080078125
692,41,1355.1279296875,198.2900390625
693,41,1355.7568359375,198.1796875
694,41,1356.7333984375,198.390625
695,41,1355.56640625,198.013671875
696,41,1355.3701171875,198.0390625
697,41,1356.4443359375,198.2880859375
698,41,1357.1884765625,198.287109375
699,41,1357.509765625,198.330078125
700,41,1358.208984375,198.2119140625
701,41,1358.513671875,198.3564453125
702,41,1359.48046875,198.4873046875
703,41,1360.083984375,198.6220703125
704,41,1360.1767578125,198.70703125
705,41,1356.8095703125,198.1103515625
706,41,1356.48046875,198.169921875
707,41,1358.6669921875,198.5556640625
708,41,1359.626953125,198.603515625
709,41,1358.3828125,198.2587890625
710,41,1358.677734375,198.1162109375
711,41,1359.3740234375,198.3896484375
712,41,1359.91796875,198.3251953125
713,41,1359.7880859375,198.3330078125
714,41,1360.3134765625,198.439453125
715,41,1360.34375,198.458984375
716,41,1361.1318359375,198.6640625
717,41,1361.515625,198.7333984375
718,41,1362.2548828125,198.8818359375
719,41,1362.865234375,199.0419921875
720,41,1363.0419921875,199.0244140625
721,41,1360.1943359375,198.2919921875
722,41,1360.45703125,198.2509765625
723,41,1362.8837890625,198.75
724,41,1361.513671875,198.4619140625
725,41,1360.8779296875,198.2216796875
726,41,1361.533203125,198.4755859375
727,41,1360.3212890625,198.1728515625
728,41,1359.4501953125,198.056640625
729,41,1359.6025390625,198.2158203125
730,41,1357.92578125,197.7275390625
731,41,1357.376953125,197.5869140625
732,41,1357.8564453125,197.876953125
733,41,1358.26171875,197.8447265625
734,41,1358.19140625,197.841796875
735,41,1357.7822265625,197.9794921875
736,41,1358.4951171875,198.2587890625
737,41,1356.345703125,197.814453125
738,41,1356.412109375,197.6708984375
739,41,1357.6845703125,197.7890625
740,41,1357.3681640625,197.8544921875
741,41,1356.9404296875,197.66796875
742,41,1356.7431640625,197.685546875
743,41,1356.328125,197.544921875
744,41,1355.2529296875,197.4697265625
745,41,1354.677734375,197.2802734375
746,41,1353.2470703125,197.2138671875
747,41,1352.0673828125,197.2060546875
748,41,1351.7421875,197.12109375
3488,46,657.736328125,59.85546875
3489,51,666.53125,66.197265625
3490,56,654.8505859375,69.47265625
3491,61,651.9921875,75.4892578125
3492,66,654.294921875,83.1484375
3493,71,662.8271484375,91.9765625
3494,76,659.892578125,103.34765625
3495,81,650.8173828125,114.6142578125
3496,86,644.544921875,134.6787109375
3497,90,652.072265625,166.95703125
3498,90,635.4833984375,198.3427734375
3499,90,622.044921875,192.5703125
3500,90,618.13671875,192.4462890625
3501,90,624.798828125,195.9140625
3502,91,613.73046875,191.3115234375
3503,91,606.2001953125,196.9638671875
3504,91,602.7197265625,195.353515625
3505,91,603.0244140625,197.603515625
3506,92,594.1875,191.9677734375
3507,91,592.3134765625,200.728515625
3508,92,593.1767578125,191.892578125
3509,91,592.8857421875,202.904296875
3510,92,584.9755859375,188.61328125
3511,92,584.990234375,197.7197265625
3512,92,586.5927734375,198.513671875
3513,92,586.0283203125,199.361328125
3514,92,584.5068359375,196.712890625
3515,92,586.462890625,196.974609375
3516,92,588.06640625,198.18359375
3517,92,589.4619140625,199.263671875
3518,92,583.0078125,196.708984375
3519,92,579.1015625,195.171875
3520,92,581.869140625,195.501953125
3521,92,586.3828125,197.478515625
3522,92,578.5615234375,194.2978515625
3523,92,575.8896484375,193.947265625
3524,92,578.6220703125,194.5517578125
3525,92,584.2900390625,196.39453125
3526,92,578.6181640625,194.4970703125
3527,92,577.134765625,193.6220703125
3528,92,578.107421875,194.30078125
3529,92,582.2880859375,195.451171875
3530,92,581.0986328125,195.36328125
3531,92,579.4345703125,194.7265625
3532,92,578.7353515625,194.435546875
3533,92,578.068359375,194.4140625
3534,92,577.447265625,194.162109375
3535,87,707.361328125,245.7880859375
3536,88,707.5390625,190.80859375
3537,87,707.4609375,201.9697265625
3538,88,707.3681640625,190.6591796875
3539,87,707.4697265625,201.8935546875
3540,88,707.4677734375,190.6728515625
3541,87,707.28515625,201.8203125
3542,88,707.5634765625,190.7421875
3543,87,707.7265625,201.923828125
3544,88,707.3515625,190.5966796875
3545,87,707.3349609375,201.94140625
3546,88,707.6455078125,190.6591796875
3547,87,707.8544921875,201.94140625
3548,88,707.62109375,190.642578125
3549,87,707.5693359375,201.8583984375
3550,88,709.1337890625,190.8759765625
3551,87,707.73046875,201.9267578125
3552,88,707.6640625,190.689453125
3553,87,707.935546875,202.1005859375
3554,88,708.01171875,190.845703125
3555,87,708.107421875,202.0244140625
3556,88,708.0107421875,190.7060546875
3557,87,707.908203125,201.7763671875
3558,88,707.8828125,190.5908203125
3559,87,707.8056640625,201.7607421875
3560,88,707.2197265625,190.44921875
3561,87,707.1171875,201.6015625
3562,88,706.7919921875,190.1279296875
3563,87,707.3271484375,201.5673828125
3564,88,706.42578125,189.9375
3565,87,705.8388671875,201.212890625
3566,88,706.390625,189.8896484375
3567,87,706.6474609375,201.275390625
3568,88,706.0458984375,189.7001953125
3569,87,706.361328125,201.0029296875
3570,88,706.7373046875,190.001953125
3571,87,706.736328125,201.2392578125
3572,88,706.4599609375,189.8017578125
3573,87,707.158203125,201.19140625
3574,88,706.71875,189.9150390625
3575,87,706.7021484375,201.150390625
3576,88,721.1318359375,191.2939453125
3577,87,736.8037109375,205.5234375
3578,87,748.427734375,195.0
3579,87,762.5302734375,197.2451171875
3580,87,772.7880859375,198.724609375
3581,88,756.744140625,188.45703125
3582,88,754.001953125,198.9501953125
3583,87,765.7197265625,203.8125
3584,90,681.9482421875,176.0634765625
3585,86,760.0400390625,224.8095703125
3586,87,763.177734375,184.7197265625
3587,88,768.3291015625,191.80078125
3588,87,764.5478515625,203.712890625
3589,88,758.5244140625,190.0048828125
3590,87,749.76953125,200.896484375
3591,88,747.228515625,187.7822265625
3592,88,732.9951171875,197.830078125
3593,88,734.6279296875,199.017578125
3594,87,746.9873046875,203.8095703125
3595,88,746.9794921875,192.1552734375
3596,87,745.123046875,203.4453125
3597,88,741.3876953125,190.990234375
3598,87,744.33984375,203.390625
3599,88,744.541015625,191.6123046875
3600,87,746.6904296875,203.8974609375
3601,85,797.802734375,208.7275390625
3602,85,803.76171875,193.271484375
3603,86,802.4853515625,192.0302734375
3604,86,796.923828125,199.841796875
3605,85,800.296875,200.2275390625
3606,86,795.96875,189.478515625
3607,86,793.3427734375,198.228515625
3608,86,793.9296875,198.6796875
3609,86,798.623046875,199.3857421875
3610,86,792.6953125,198.5849609375
3611,86,791.98046875,198.126953125
3612,86,792.5439453125,198.5087890625
3613,86,798.3193359375,199.3525390625
3614,86,792.0498046875,198.0595703125
3615,86,786.0556640625,196.6435546875
3616,86,786.337890625,196.90625
3617,86,790.611328125,198.529296875
3618,86,786.4541015625,197.193359375
3619,86,783.1201171875,196.3583984375
3620,86,786.2392578125,196.7578125
3621,86,785.634765625,196.91796875
3622,86,778.7373046875,194.595703125
3623,87,763.87109375,189.7451171875
3624,87,756.220703125,194.1484375
3625,87,761.5107421875,194.3017578125
3626,87,764.3125,193.8505859375
3627,87,767.5126953125,194.361328125
3628,87,765.912109375,192.841796875
3629,88,764.560546875,191.56640625
3630,87,760.9130859375,202.2197265625
3631,88,761.4169921875,188.6787109375
3632,88,757.4296875,199.2333984375
3633,88,749.6708984375,196.61328125
3634,88,741.0380859375,193.3212890625
3635,89,719.8984375,187.8369140625
3636,90,703.0966796875,189.8896484375
3637,89,693.1728515625,202.5400390625
3638,90,691.6884765625,187.1083984375
3639,89,690.2685546875,202.220703125
3640,90,685.859375,186.646484375
3641,89,679.533203125,200.802734375
3642,90,679.5087890625,186.306640625
3643,89,679.6328125,200.896484375
3644,90,679.73046875,186.41015625
3645,89,681.9306640625,201.6279296875
3646,90,681.765625,186.9326171875
3647,89,682.609375,201.8681640625
3648,90,683.9501953125,187.55078125
3649,89,684.158203125,202.15234375
3650,90,684.0595703125,187.421875
3651,89,684.455078125,202.109375
3652,90,685.021484375,187.6904296875
3653,89,685.2919921875,202.1875
3654,90,684.5703125,187.216796875
3655,89,684.1962890625,201.7578125
3656,90,683.09375,186.9072265625
3657,89,683.5048828125,201.42578125
3658,90,682.3642578125,186.5927734375
3659,89,682.2529296875,201.4638671875
3660,90,680.2080078125,186.2890625
3661,89,683.0478515625,201.66015625
3662,90,684.091796875,187.0263671875
3663,89,685.0576171875,202.1298828125
3664,90,685.8603515625,187.70703125
3665,89,686.8125,202.451171875
3666,90,686.5810546875,187.46875
3667,89,686.75390625,202.333984375
3668,90,684.6298828125,187.1806640625
3669,89,686.1083984375,201.708984375
3670,90,686.99609375,187.189453125
3671,89,686.43359375,201.8955078125
3672,90,682.6865234375,186.4541015625
3673,89,684.9560546875,201.8349609375
3674,90,685.095703125,186.9697265625
3675,89,685.4697265625,202.28515625
3676,90,683.0595703125,186.998046875
3677,89,687.2841796875,202.5810546875
3678,90,687.890625,187.9443359375
3679,89,689.865234375,203.3505859375
3680,90,689.6259765625,188.3662109375
3681,89,688.779296875,203.138671875
3682,90,689.3447265625,188.484375
3683,89,690.5634765625,203.521484375
3684,90,690.41015625,188.48046875
3685,89,689.955078125,203.43359375
3686,90,689.900390625,188.3154296875
3687,89,690.05078125,202.9794921875
3688,90,689.81640625,188.115234375
3689,89,688.06640625,202.134765625
3690,90,686.833984375,187.3388671875
3691,89,690.208984375,203.0068359375
3692,90,689.44921875,186.7578125
3693,89,693.556640625,202.236328125
3694,90,677.75390625,186.548828125
3695,89,690.3203125,201.0693359375
3696,91,684.7421875,183.2060546875
3697,89,690.8154296875,212.7119140625
3698,91,656.4931640625,181.5791015625
3699,89,681.7421875,211.3642578125
3700,90,691.1650390625,187.0556640625
3701,89,691.9833984375,202.1708984375
3702,90,684.361328125,184.685546875
3703,90,670.2841796875,195.9111328125
3704,91,644.623046875,189.4873046875
3705,91,640.4306640625,198.5673828125
3706,92,608.4404296875,189.984375
3707,92,593.888671875,196.166015625
3708,93,574.8837890625,191.7373046875
3709,91,562.1171875,208.861328125
3710,93,567.4189453125,181.220703125
3711,91,567.640625,210.87109375
3712,93,566.6015625,181.072265625
3713,91,560.1455078125,208.9345703125
3714,93,568.0634765625,181.123046875
3715,91,569.01171875,210.4189453125
3716,93,569.6552734375,181.7666015625
3717,91,564.0966796875,209.494140625
3718,93,568.5546875,181.150390625
3719,91,570.2314453125,210.72265625
3720,93,569.5751953125,181.2177734375
3721,88,642.0849609375,236.8603515625
3722,91,651.2412109375,174.1201171875
3723,90,646.4267578125,202.2421875
3724,90,646.984375,194.0810546875
3725,90,645.17578125,194.154296875
3726,90,647.5458984375,193.9833984375
3727,90,651.1064453125,194.62890625
3728,90,647.6357421875,193.59375
3729,90,651.080078125,194.9716796875
3730,90,648.0703125,194.052734375
3731,90,652.0908203125,195.087890625
3732,90,654.83203125,195.12890625
3733,90,654.9853515625,195.8701171875
3734,90,652.3623046875,194.89453125
3735,90,651.4716796875,194.7822265625
3736,90,653.8662109375,195.5068359375
3737,90,655.919921875,196.17578125
3738,90,655.4853515625,196.1845703125
3739,90,652.169921875,195.1845703125
3740,90,648.7978515625,194.201171875
3741,90,645.3515625,193.1162109375
3742,91,634.625,189.197265625
3743,91,631.791015625,197.1650390625
3744,91,636.2021484375,198.162109375
3745,91,629.326171875,196.884765625
3746,91,629.15625,196.8291015625
3747,91,626.2197265625,195.5537109375
3748,91,616.6337890625,192.6943359375
3749,92,610.845703125,190.6015625
3750,92,595.9482421875,196.0078125
3751,92,590.830078125,193.650390625
3752,93,575.96875,188.99609375
3753,92,567.6748046875,206.734375
3754,94,555.609375,182.296875
3755,92,537.3154296875,214.6591796875
3756,95,522.666015625,171.5078125
3757,91,463.873046875,223.6640625
3758,96,488.7294921875,153.8974609375
3759,91,496.5556640625,263.93359375
3760,96,469.982421875,152.0654296875
3761,91,469.189453125,252.76953125
3762,96,469.4189453125,151.94921875
3763,91,469.607421875,252.8671875
3764,96,470.0029296875,152.1259765625
3765,91,470.865234375,253.49609375
3766,96,472.2431640625,152.6201171875
3767,91,472.47265625,253.9091796875
3768,96,473.0654296875,152.853515625
3769,91,474.31640625,254.8935546875
3770,96,478.1875,153.7265625
3771,91,479.1259765625,255.8857421875
3772,96,479.66796875,153.658203125
3773,91,476.1171875,255.111328125
3774,96,480.5087890625,153.8076171875
3775,91,480.560546875,256.5615234375
3776,96,481.5625,154.3193359375
3777,91,477.9365234375,256.2001953125
3778,96,482.732421875,154.7919921875
3779,91,483.4287109375,257.736328125
3780,96,483.2470703125,154.9169921875
3781,91,482.6787109375,257.8515625
3782,96,482.931640625,154.736328125
3783,91,483.9287109375,258.2490234375
3784,96,484.7744140625,155.2333984375
3785,91,485.423828125,258.8310546875
3786,96,503.609375,158.3603515625
3787,91,507.3359375,268.8740234375
3788,96,490.4501953125,157.2529296875
3789,91,521.6943359375,275.51953125
3790,96,513.955078125,159.4697265625
3791,91,533.4228515625,283.9326171875
3792,95,504.2353515625,162.7509765625
3793,90,551.884765625,260.03515625
3794,95,538.205078125,159.8564453125
3795,90,568.087890625,269.498046875
3796,94,531.830078125,163.40234375
3797,89,610.5029296875,248.2705078125
3798,92,622.6435546875,170.375
3799,91,631.703125,206.3408203125
3800,91,624.533203125,195.94921875
3801,89,682.7880859375,212.314453125
3802,90,692.0478515625,189.166015625
3803,89,696.673828125,205.701171875
3804,89,715.6904296875,196.4208984375
3805,89,722.966796875,198.7109375
3806,85,811.5380859375,223.2607421875
3807,86,811.013671875,185.537109375
3808,86,810.9599609375,195.6630859375
3809,86,811.5009765625,195.6748046875
3810,86,810.0302734375,195.41796875
3811,86,810.3642578125,195.4638671875
3812,86,810.50390625,195.603515625
3813,86,811.91015625,195.7275390625
3814,86,809.7431640625,195.44921875
3815,86,810.2216796875,195.53125
3816,86,810.5703125,195.5693359375
3817,86,811.615234375,195.7138671875
3818,86,810.5537109375,195.412109375
3819,86,810.2724609375,195.390625
3820,86,810.55859375,195.509765625
3821,86,811.076171875,195.5556640625
3822,86,809.8798828125,195.4482421875
3823,86,809.1015625,195.310546875
3824,86,809.0986328125,195.37890625
3825,86,810.5185546875,195.609375
3826,86,808.8037109375,195.2880859375
3827,86,808.587890625,195.1904296875
3828,86,808.9404296875,195.3076171875
3829,86,810.009765625,195.4384765625
3830,86,808.599609375,195.1142578125
3831,86,808.5244140625,195.14453125
3832,86,809.09375,195.30078125
3833,86,809.439453125,195.4052734375
3834,86,808.5078125,195.0908203125
3835,86,808.35546875,195.0703125
3836,86,808.86328125,195.0625
3837,86,809.494140625,195.2412109375
3838,86,808.4599609375,195.1337890625
3839,86,808.70703125,195.068359375
3840,86,809.2216796875,195.2509765625
3841,86,751.6337890625,194.0888671875
3842,86,751.6328125,193.900390625
3843,86,751.7197265625,193.7607421875
3844,86,752.77734375,193.9755859375
3845,86,754.5361328125,194.2451171875
3846,86,753.615234375,194.2392578125
3847,86,753.2236328125,194.12890625
3848,86,752.7568359375,194.1005859375
3849,86,752.5048828125,193.9453125
3850,91,519.2998046875,143.7412109375
3851,93,519.9443359375,181.8154296875
3852,91,525.1083984375,210.578125
3853,93,525.626953125,181.240234375
3854,91,535.5380859375,213.447265625
3855,93,531.7451171875,183.25
3856,91,527.599609375,209.2431640625
3857,93,529.2607421875,180.712890625
3858,91,537.1220703125,212.8408203125
3859,93,532.5888671875,180.9365234375
3860,91,534.9501953125,211.1201171875
3861,93,536.8291015625,182.9423828125
3862,91,537.4775390625,212.890625
3863,93,525.83203125,178.5859375
3864,92,524.3466796875,206.6669921875
3865,94,517.8388671875,183.755859375
3866,91,513.0751953125,221.12109375
3867,94,515.9462890625,173.9140625
3868,91,508.6103515625,221.484375
3869,94,517.5888671875,174.5361328125
3870,90,518.9921875,224.662109375
3871,94,520.3017578125,167.099609375
3872,90,517.150390625,224.380859375
3873,94,518.4697265625,166.90234375
3874,90,521.2294921875,225.181640625
3875,94,520.451171875,167.0478515625
3876,90,522.357421875,225.69921875
3877,94,521.05859375,167.310546875
3878,90,521.6904296875,224.787109375
3879,94,521.9326171875,166.6650390625
3880,90,519.8603515625,224.263671875
3881,94,519.421875,166.3701171875
3882,90,522.6708984375,225.2998046875
3883,94,523.6435546875,168.1572265625
3884,90,523.3271484375,226.0341796875
3885,94,524.8037109375,168.4375
3886,90,525.8232421875,226.9130859375
3887,94,525.10546875,168.2333984375
3888,90,522.6318359375,225.1884765625
3889,94,517.314453125,165.138671875
3890,91,518.6044921875,223.103515625
3891,94,520.66796875,175.0556640625
3892,90,519.001953125,224.13671875
3893,94,521.0830078125,166.9892578125
3894,90,520.4853515625,224.51171875
3895,94,521.693359375,166.8876953125
3896,90,523.4423828125,225.3798828125
3897,94,522.6142578125,167.123046875
3898,90,524.130859375,225.322265625
3899,94,525.3076171875,167.9443359375
3900,90,525.2392578125,225.7412109375
3901,94,521.5302734375,166.8115234375
3902,90,522.76953125,224.8583984375
3903,94,524.720703125,167.421875
3904,90,526.23046875,225.939453125
3905,94,526.3525390625,167.9697265625
3906,90,526.306640625,225.982421875
3907,94,526.2822265625,167.9130859375
3908,93,480.15234375,201.0517578125
3909,95,480.72265625,180.30859375
3910,90,485.2158203125,231.3935546875
3911,95,489.25,146.03125
3912,90,498.0634765625,235.7177734375
3913,95,497.6279296875,147.376953125
3914,90,498.986328125,235.3955078125
3915,95,500.3828125,148.28125
3916,90,502.591796875,237.162109375
3917,95,502.10546875,148.3837890625
3918,90,500.552734375,235.849609375
3919,95,501.7646484375,148.2255859375
3920,90,502.3388671875,237.0693359375
3921,95,500.830078125,147.861328125
3922,90,500.03515625,235.6298828125
3923,95,499.5087890625,147.462890625
3924,90,498.541015625,235.296875
3925,95,497.8193359375,146.6455078125
3926,90,495.1474609375,232.416015625
3927,95,494.466796875,145.3740234375
3928,90,490.9296875,232.046875
3929,95,490.3818359375,144.087890625
3930,91,487.84375,229.791015625
3931,96,486.3291015625,150.2099609375
3932,91,480.2822265625,255.529296875
3933,96,488.9189453125,150.181640625
3934,91,488.3310546875,257.755859375
3935,96,486.953125,149.8408203125
3936,91,480.857421875,255.2421875
3937,96,483.9677734375,149.0458984375
3938,91,482.0576171875,254.9033203125
3939,96,482.2568359375,148.80859375
3940,91,479.4189453125,254.5927734375
3941,96,481.7080078125,148.6845703125
3942,91,479.1904296875,253.9111328125
3943,96,481.7216796875,148.537109375
3944,91,478.54296875,254.2431640625
3945,96,480.546875,148.375
3946,91,479.720703125,253.9755859375
3947,96,482.439453125,148.8310546875
3948,91,479.8564453125,254.4970703125
3949,96,488.29296875,150.3505859375
3950,91,486.3984375,257.4638671875
3951,96,489.8740234375,150.2060546875
3952,91,487.9326171875,258.5693359375
3953,96,490.8203125,150.314453125
3954,91,487.48046875,257.2685546875
3955,96,492.4580078125,150.4619140625
3956,91,485.73046875,256.978515625
3957,96,489.9013671875,149.509765625
3958,91,488.501953125,256.857421875
3959,96,494.0126953125,150.0478515625
3960,91,485.8759765625,256.392578125
3961,96,513.6455078125,154.0693359375
3962,91,513.1708984375,267.6416015625
3963,96,514.6904296875,153.75390625
3964,91,513.701171875,267.3310546875
3965,96,513.021484375,152.3359375
3966,91,494.06640625,273.26953125
3967,94,495.9140625,170.732421875
3968,90,526.8212890625,226.42578125
3969,94,527.2392578125,164.185546875
3970,91,525.4072265625,219.7060546875
3971,95,513.6494140625,164.0634765625
3972,90,501.978515625,235.4248046875
3973,95,487.0517578125,144.85546875
3974,92,465.5986328125,219.79296875
3975,97,450.384765625,150.3798828125
3976,92,453.8017578125,271.9248046875
3977,97,453.380859375,149.2001953125
