5689,33,1378.1630859375,172.373046875
5690,35,1371.814453125,182.8857421875
5691,36,1372.560546875,190.0712890625
5692,36,1376.3212890625,195.4599609375
5693,36,1372.5615234375,193.9951171875
5694,36,1371.728515625,194.0068359375
5695,36,1376.2373046875,195.02734375
5696,36,1369.7470703125,193.029296875
5697,36,1367.357421875,192.2958984375
5698,36,1374.1337890625,194.326171875
5699,36,1366.5517578125,192.2958984375
5700,36,1369.36328125,193.0341796875
5701,36,1374.216796875,194.6171875
5702,37,1362.6376953125,191.8955078125
5703,37,1367.8369140625,194.8671875
5704,37,1374.97265625,196.654296875
5705,37,1362.7861328125,194.3701171875
5706,37,1366.13671875,194.2373046875
5707,37,1375.373046875,196.7861328125
5708,37,1364.2607421875,194.1142578125
5709,37,1369.412109375,195.080078125
5710,37,1376.63671875,197.255859375
5711,37,1371.2109375,195.4794921875
5712,37,1375.8720703125,196.396484375
5713,37,1380.3505859375,197.880859375
5714,37,1371.3193359375,195.6875
5715,37,1373.1982421875,195.7333984375
5716,37,1379.8330078125,197.6064453125
5717,37,1369.6455078125,194.7568359375
5718,37,1371.6533203125,194.9814453125
5719,37,1378.119140625,197.3837890625
5720,37,1370.203125,195.1201171875
5721,37,1371.3359375,195.3818359375
5722,37,1374.212890625,196.8056640625
5723,37,1368.3359375,195.142578125
5724,37,1368.8564453125,195.0537109375
5725,37,1372.150390625,196.794921875
5726,37,1364.4453125,194.6865234375
5727,37,1362.125,194.4619140625
5728,37,1366.7138671875,196.3154296875
5729,37,1359.2177734375,193.947265625
5730,37,1357.6552734375,193.8955078125
5731,37,1365.2412109375,196.451171875
5732,37,1360.9775390625,194.9873046875
5733,37,1361.5341796875,195.0830078125
5734,37,1364.3623046875,196.16796875
5735,37,1352.5458984375,193.54296875
5736,37,1354.42578125,193.666015625
5737,37,1359.6181640625,195.1357421875
5738,37,1351.19140625,193.3369140625
5739,37,1351.552734375,193.3291015625
5740,37,1357.1845703125,194.978515625
5741,37,1349.982421875,193.1953125
5742,37,1352.580078125,193.3818359375
5743,37,1360.9189453125,195.525390625
5744,37,1355.9697265625,194.021484375
5745,37,1353.2822265625,193.5947265625
5746,37,1359.205078125,195.2041015625
5747,37,1349.84375,192.9326171875
5748,37,1348.232421875,192.6435546875
5749,37,1354.78515625,194.4892578125
5750,37,1352.1181640625,193.2666015625
5751,37,1349.5029296875,193.03515625
5752,37,1356.400390625,194.662109375
5753,37,1351.45703125,193.2666015625
5754,38,1345.2763671875,191.66796875
5755,38,1344.2294921875,196.6484375
5756,38,1349.52734375,197.9033203125
5757,38,1341.146484375,195.6025390625
5758,38,1339.857421875,194.6845703125
5759,38,1341.693359375,195.7021484375
5760,38,1334.078125,194.361328125
5761,37,1318.78125,202.05078125
5762,37,1317.1572265625,192.98046875
5763,37,1324.9384765625,194.04296875
5764,37,1333.162109375,195.666015625
5765,38,1316.271484375,192.0546875
5766,38,1313.0576171875,196.0029296875
5767,38,1314.3896484375,196.791015625
5768,38,1302.2880859375,194.2314453125
5769,38,1302.3115234375,194.490234375
5770,38,1304.5439453125,195.3369140625
5771,38,1300.4453125,194.3525390625
5772,38,1299.748046875,193.802734375
5773,38,1303.712890625,195.474609375
5774,38,1300.6708984375,194.291015625
5775,38,1302.4365234375,194.6748046875
5776,38,1306.1865234375,195.8056640625
5777,38,1296.88671875,193.1435546875
5778,38,1302.3876953125,194.376953125
5779,38,1305.033203125,195.4794921875
5780,38,1298.2470703125,193.013671875
5781,38,1296.5888671875,192.9453125
5782,38,1304.0126953125,194.919921875
5783,38,1297.6767578125,192.8603515625
5784,38,1296.6708984375,192.5986328125
5785,38,1303.7197265625,194.6015625
5786,39,1295.46484375,191.6376953125
5787,39,1299.63671875,195.103515625
5788,39,1305.9580078125,197.3896484375
5789,39,1300.5205078125,195.29296875
5790,39,1300.4716796875,196.0517578125
5791,39,1304.3662109375,197.3212890625
5792,39,1311.1689453125,197.0986328125
5793,39,1316.9560546875,196.73046875
5794,38,1339.2119140625,201.7607421875
5795,38,1329.421875,196.2734375
5796,38,1333.1640625,196.490234375
5797,38,1339.79296875,198.47265625
5798,38,1331.2822265625,196.8056640625
5799,38,1332.3837890625,196.486328125
5800,38,1341.5546875,198.783203125
5801,38,1333.123046875,196.5029296875
5802,38,1333.8759765625,196.2294921875
5803,38,1344.3095703125,198.9189453125
5804,38,1332.052734375,195.9091796875
5805,38,1341.9111328125,197.765625
5806,38,1346.1796875,199.2353515625
5807,38,1330.2021484375,195.494140625
5808,38,1337.115234375,196.72265625
5809,38,1344.3212890625,198.775390625
5810,38,1331.658203125,195.876953125
5811,38,1338.5322265625,197.2666015625
5812,38,1343.416015625,198.6875
5813,38,1337.552734375,197.1572265625
5814,38,1338.1875,197.3369140625
5815,38,1344.876953125,199.150390625
5816,38,1337.4091796875,197.2666015625
5817,38,1337.9248046875,197.1533203125
5818,37,1351.5615234375,200.923828125
5819,37,1345.146484375,194.171875
5820,37,1342.1650390625,194.271484375
5821,37,1351.3408203125,196.43359375
5822,37,1347.9677734375,194.8056640625
5823,37,1351.296875,195.8212890625
5824,37,1358.8232421875,197.685546875
5825,37,1351.6220703125,195.6259765625
5826,37,1353.7666015625,196.103515625
5827,37,1360.7177734375,197.9423828125
5828,37,1352.814453125,195.9228515625
5829,37,1352.9013671875,196.1962890625
5830,37,1363.048828125,198.427734375
5831,37,1355.2626953125,196.4404296875
5832,37,1355.740234375,196.318359375
5833,37,1367.7021484375,199.2958984375
5834,37,1362.578125,197.447265625
5835,37,1358.3876953125,196.77734375
5836,37,1368.6552734375,199.1455078125
5837,37,1363.1923828125,197.1259765625
5838,37,1363.7197265625,197.3896484375
5839,37,1372.26171875,199.6884765625
5840,37,1369.1455078125,198.2216796875
5841,37,1366.7021484375,197.2685546875
5842,37,1374.443359375,199.939453125
5843,37,1366.11328125,197.515625
5844,37,1366.400390625,197.0029296875
5845,37,1374.048828125,199.2958984375
5846,37,1365.83203125,196.7236328125
5847,37,1365.9267578125,197.1494140625
5848,36,1378.240234375,200.0302734375
5849,36,1373.2880859375,195.8154296875
5850,36,1367.4091796875,194.603515625
5851,36,1375.9658203125,197.1552734375
5852,36,1370.8134765625,195.1044921875
5853,36,1370.6513671875,195.0615234375
5854,36,1383.5234375,198.3583984375
5855,36,1375.3134765625,195.986328125
5856,36,1373.5947265625,195.5166015625
5857,36,1384.7880859375,198.2998046875
5858,36,1376.2568359375,196.533203125
5859,36,1374.5263671875,196.375
5860,36,1386.1142578125,199.0244140625
5861,36,1380.4033203125,197.0634765625
5862,36,1378.9990234375,197.2099609375
5863,35,1393.5859375,200.71484375
5864,35,1396.8642578125,196.55078125
5865,35,1392.591796875,195.1728515625
5866,35,1401.4853515625,198.1171875
5867,35,1394.62890625,195.3828125
5868,35,1395.1513671875,194.98046875
5869,35,1395.216796875,196.3095703125
5870,35,1386.8349609375,192.720703125
5871,36,1378.111328125,192.115234375
5872,36,1381.548828125,197.5048828125
5873,36,1371.51953125,194.2197265625
5874,36,1368.7138671875,193.310546875
5875,36,1374.560546875,195.5048828125
5876,36,1364.892578125,192.6943359375
5877,36,1364.1728515625,192.419921875
5878,36,1371.93359375,194.7802734375
5879,37,1363.8212890625,192.1337890625
5880,37,1365.44140625,194.0927734375
5881,37,1369.94921875,196.2353515625
5882,37,1360.2412109375,193.9130859375
5883,37,1363.078125,193.60546875
5884,37,1368.9521484375,195.662109375
5885,37,1358.435546875,192.8662109375
5886,37,1354.4208984375,193.1669921875
5887,37,1363.7568359375,195.36328125
5888,37,1357.3681640625,192.8466796875
5889,37,1350.095703125,192.5869140625
5890,37,1363.716796875,195.8525390625
5891,37,1354.279296875,193.572265625
5892,37,1350.41796875,193.296875
5893,37,1359.099609375,195.8095703125
5894,37,1349.462890625,192.9931640625
5895,37,1351.0556640625,193.6005859375
5896,37,1361.560546875,195.783203125
5897,37,1351.1279296875,192.853515625
5898,37,1352.513671875,193.45703125
5899,37,1359.3623046875,195.474609375
5900,37,1348.98046875,192.44921875
5901,37,1351.0322265625,192.8779296875
5902,37,1355.7880859375,194.958984375
5903,37,1346.93359375,192.39453125
5904,37,1348.033203125,193.3798828125
5905,37,1354.146484375,195.880859375
5906,37,1347.7373046875,192.912109375
5907,37,1346.1064453125,193.91015625
5908,37,1355.9013671875,196.7314453125
5909,37,1350.708984375,193.6298828125
5910,37,1354.4248046875,194.107421875
5911,37,1356.9423828125,196.625
5912,37,1351.869140625,194.248046875
5913,37,1355.40234375,194.3115234375
5914,37,1361.1220703125,196.26953125
5915,37,1352.5087890625,193.857421875
5916,37,1356.568359375,194.533203125
5917,37,1357.703125,195.5517578125
5918,37,1352.8994140625,193.7333984375
5919,37,1353.220703125,194.201171875
5920,37,1353.689453125,195.2783203125
5921,35,1368.8876953125,208.2119140625
5922,35,1382.5322265625,196.37890625
5923,35,1377.55078125,195.9140625
5924,35,1379.1494140625,198.791015625
5925,35,1375.7412109375,194.9287109375
5926,35,1368.59375,194.173828125
5927,35,1362.267578125,195.4345703125
5928,36,1352.115234375,191.43359375
5929,36,1348.6201171875,195.796875
5930,36,1351.6015625,197.4423828125
5931,36,1340.5361328125,193.9755859375
5932,36,1338.4501953125,194.22265625
5933,36,1342.427734375,195.822265625
5934,36,1328.9287109375,193.029296875
5935,36,1329.9912109375,192.9921875
5936,36,1336.07421875,194.8935546875
5937,37,1323.5791015625,192.01171875
5938,37,1330.01171875,194.8876953125
5939,37,1338.20703125,196.7578125
5940,37,1328.3310546875,193.94921875
5941,37,1327.0107421875,193.7744140625
5942,37,1335.7822265625,196.0498046875
5943,37,1333.4228515625,194.033203125
5944,37,1334.0244140625,194.353515625
5945,37,1340.833984375,196.712890625
5946,37,1337.412109375,194.2724609375
5947,37,1336.53515625,194.1044921875
5948,37,1345.76953125,197.4091796875
5949,37,1342.1494140625,194.8994140625
5950,37,1342.1416015625,195.2509765625
5951,37,1348.49609375,197.5947265625
5952,37,1360.6337890625,197.126953125
5953,37,1362.55078125,198.1220703125
5954,36,1375.9931640625,201.3896484375
5955,36,1364.6689453125,196.0595703125
5956,36,1368.6533203125,196.779296875
5957,36,1381.2001953125,199.7060546875
5958,36,1373.1474609375,197.7109375
5959,36,1374.2197265625,197.572265625
5960,36,1381.818359375,199.9599609375
5961,36,1369.3095703125,197.00390625
5962,36,1362.64453125,195.935546875
5963,36,1376.548828125,199.0673828125
5964,36,1367.185546875,196.6669921875
5965,36,1365.5419921875,196.1376953125
5966,36,1374.0751953125,198.3671875
5967,36,1360.94140625,194.935546875
5968,36,1359.50390625,195.421875
5969,36,1363.240234375,196.337890625
5970,36,1353.453125,193.6142578125
5971,36,1354.087890625,193.955078125
5972,36,1362.2666015625,196.4462890625
5973,36,1354.451171875,194.759765625
5974,36,1356.36328125,194.400390625
5975,36,1363.927734375,196.357421875
5976,36,1351.2509765625,193.27734375
5977,36,1355.671875,194.41015625
5978,36,1363.3505859375,196.2177734375
5979,36,1356.1953125,194.3359375
5980,36,1358.435546875,194.7861328125
5981,36,1366.291015625,196.71875
5982,36,1357.265625,194.4033203125
5983,36,1360.640625,194.6865234375
5984,36,1367.28515625,196.5595703125
5985,36,1356.986328125,194.0166015625
5986,36,1360.3232421875,194.54296875
5987,36,1368.39453125,196.5
5988,36,1360.322265625,195.109375
5989,36,1359.9052734375,194.29296875
5990,36,1366.5244140625,196.572265625
5991,36,1358.556640625,194.6357421875
5992,36,1361.052734375,194.7666015625
5993,36,1367.509765625,196.603515625
5994,36,1357.330078125,194.0576171875
5995,36,1357.1494140625,193.7744140625
5996,36,1363.4140625,195.94140625
5997,36,1355.7646484375,193.84765625
5998,36,1354.1279296875,193.2109375
5999,36,1363.53125,195.9365234375
6000,36,1355.009765625,193.2080078125
6001,36,1352.6552734375,192.8037109375
6002,36,1360.865234375,195.31640625
6003,36,1355.265625,193.306640625
6004,36,1352.484375,192.333984375
6005,36,1363.2021484375,195.6630859375
6006,36,1356.2529296875,193.53515625
6007,37,1352.181640625,192.2060546875
6008,37,1358.75390625,196.5791015625
6009,37,1352.7568359375,194.349609375
6010,37,1347.7060546875,193.2919921875
6011,37,1358.646484375,196.3583984375
6012,37,1355.3642578125,194.798828125
6013,37,1349.1044921875,193.5087890625
6014,37,1358.1005859375,196.2490234375
6015,37,1350.572265625,193.7470703125
6016,37,1344.6904296875,192.9072265625
6017,37,1352.4501953125,194.9931640625
6018,37,1345.9638671875,193.0830078125
6019,37,1344.4990234375,193.11328125
6020,37,1350.630859375,194.958984375
6021,37,1346.6396484375,193.619140625
6022,37,1346.3779296875,193.8203125
6023,37,1350.3681640625,195.1162109375
6024,37,1345.9580078125,193.6201171875
6025,37,1345.2451171875,193.4794921875
6026,37,1347.541015625,194.71484375
6027,38,1338.072265625,191.98046875
1394,43,694.06640625,53.01953125
1395,48,702.8505859375,59.02734375
1396,53,713.1728515625,66.494140625
1397,58,721.41796875,72.619140625
1398,63,720.693359375,78.2509765625
1399,68,724.099609375,84.962890625
1400,73,714.828125,91.248046875
1401,78,730.37890625,108.1025390625
1402,83,728.517578125,123.3779296875
1403,88,695.3125,137.962890625
1404,92,675.3193359375,165.373046875
1405,91,666.205078125,204.7392578125
1406,92,641.228515625,188.0302734375
1407,91,646.1435546875,200.7216796875
1408,90,679.6640625,200.474609375
1409,90,709.2236328125,197.5693359375
1410,89,725.9755859375,202.4697265625
1411,90,738.3330078125,189.861328125
1412,88,746.140625,208.2392578125
1413,89,750.060546875,186.7421875
1414,89,760.5341796875,196.7744140625
1415,89,764.400390625,198.6611328125
1416,88,780.447265625,204.3115234375
1417,87,788.8046875,200.453125
1418,88,794.6923828125,189.296875
1419,87,795.849609375,201.8544921875
1420,88,794.0849609375,189.3017578125
1421,87,797.673828125,202.693359375
1422,88,799.6396484375,190.9794921875
1423,87,804.9453125,204.658203125
1424,87,806.8251953125,194.138671875
1425,87,814.6591796875,196.5927734375
1426,87,808.787109375,197.583984375
1427,87,812.7216796875,195.5556640625
1428,87,802.69140625,192.8935546875
1429,87,813.609375,195.5947265625
1430,87,813.10546875,198.26171875
1431,87,816.3369140625,196.841796875
1432,87,819.0947265625,198.326171875
1433,86,830.06640625,201.7734375
1434,86,824.8359375,195.8173828125
1435,87,815.982421875,190.2744140625
1436,87,817.2412109375,195.818359375
1437,87,814.943359375,196.7548828125
1438,87,807.55078125,192.666015625
1439,87,811.9609375,194.56640625
1440,87,810.451171875,196.07421875
1441,86,803.0078125,205.265625
1442,86,798.8818359375,193.259765625
1443,87,784.8798828125,188.5068359375
1444,87,796.3896484375,198.5009765625
1445,87,789.26953125,197.619140625
1446,87,790.59765625,196.6259765625
1447,87,780.138671875,192.865234375
1448,87,796.8828125,197.978515625
1449,87,787.6416015625,196.6875
1450,87,798.4111328125,198.6123046875
1451,87,790.3056640625,196.3486328125
1452,86,807.169921875,201.96484375
1453,86,799.341796875,194.4326171875
1454,86,809.00390625,196.21484375
1455,86,799.2177734375,193.0888671875
1456,86,815.7509765625,198.662109375
1457,86,808.8544921875,197.2060546875
1458,86,816.7822265625,198.990234375
1459,86,812.69921875,198.1064453125
1460,91,569.43359375,147.333984375
1461,92,570.181640625,186.30859375
1462,91,603.4873046875,202.7734375
1463,91,612.4638671875,192.8876953125
1464,92,611.541015625,190.7900390625
1465,91,612.525390625,201.685546875
1466,92,598.3193359375,190.4013671875
1467,91,622.9443359375,202.7705078125
1468,91,623.5615234375,192.60546875
1469,91,629.25390625,195.7783203125
1470,91,614.302734375,193.505859375
1471,91,648.5244140625,197.2509765625
1472,91,643.6337890625,199.0771484375
1473,90,665.2744140625,201.9921875
1474,91,672.884765625,191.21875
1475,91,670.224609375,199.0849609375
1476,91,678.3154296875,198.7119140625
1477,91,675.66015625,197.8955078125
1478,91,663.96484375,195.5185546875
1479,91,677.998046875,197.4013671875
1480,91,665.4169921875,195.275390625
1481,91,659.767578125,192.5849609375
1482,91,644.5888671875,192.7919921875
1483,91,662.77734375,196.9208984375
1484,91,664.8603515625,198.302734375
1485,91,661.9033203125,199.4248046875
1486,91,636.9892578125,194.828125
1487,91,651.71484375,196.8212890625
1488,91,648.1767578125,195.384765625
1489,91,644.3310546875,196.125
1490,91,625.259765625,192.7099609375
1491,91,642.689453125,194.955078125
1492,91,640.7412109375,194.390625
1493,91,642.982421875,196.3359375
1494,91,622.2548828125,192.6220703125
1495,91,640.6240234375,194.9345703125
1496,91,641.740234375,194.591796875
1497,91,644.3095703125,196.5400390625
1498,91,634.365234375,194.3359375
1499,91,641.7783203125,194.2177734375
1500,91,641.73828125,194.1044921875
1501,91,647.59375,197.6318359375
1502,91,630.2783203125,194.6171875
1503,90,674.6259765625,204.81640625
1504,90,679.8369140625,195.59375
1505,90,671.9462890625,195.3203125
1506,90,677.189453125,194.943359375
1507,91,648.634765625,185.38671875
1508,93,591.0302734375,177.38671875
1509,93,564.34375,196.9892578125
1510,93,554.412109375,193.2841796875
1511,93,564.177734375,197.189453125
1512,93,554.4482421875,192.8828125
1513,93,559.1826171875,196.244140625
1514,91,609.1328125,213.2275390625
1515,91,638.359375,194.2666015625
1516,91,638.65625,195.9951171875
1517,92,601.5849609375,188.7353515625
1518,89,678.6171875,219.05859375
1519,90,697.8466796875,189.083984375
1520,89,698.806640625,205.4580078125
1521,90,679.1689453125,187.9775390625
1522,89,695.3212890625,205.0107421875
1523,90,704.7216796875,191.798828125
1524,85,949.7158203125,296.8759765625
1525,80,952.6015625,238.326171875
1526,80,961.0380859375,197.9228515625
1527,80,943.80859375,193.2216796875
1528,81,937.1279296875,191.3857421875
1529,81,948.9560546875,199.529296875
1530,81,944.6953125,196.4990234375
1531,80,971.125,204.951171875
1532,80,962.1728515625,196.5126953125
1533,79,1000.3388671875,201.7529296875
1534,79,995.78125,193.4150390625
1535,78,1027.1669921875,201.400390625
1536,77,1018.189453125,201.0166015625
1537,77,1039.787109375,192.8173828125
1538,78,1018.251953125,187.4013671875
1539,77,1048.7978515625,200.2744140625
1540,77,1035.3544921875,195.638671875
1541,78,1036.6171875,190.7314453125
1542,79,1004.458984375,189.01953125
1543,79,1027.171875,198.5068359375
1544,79,1013.5849609375,199.1279296875
1545,79,1017.552734375,196.4287109375
1546,80,993.4609375,189.3310546875
1547,79,1014.3642578125,201.931640625
1548,79,997.7705078125,194.0966796875
1549,79,997.939453125,193.0654296875
1550,80,979.4423828125,186.91796875
1551,79,1005.509765625,201.05859375
1552,79,1005.0224609375,194.5205078125
1553,79,1015.20703125,194.365234375
1554,80,999.3466796875,189.326171875
1555,79,1025.71484375,203.1845703125
1556,79,1008.4423828125,195.46484375
1557,79,1013.18359375,195.6484375
1558,80,996.005859375,189.552734375
1559,79,1018.90234375,203.185546875
1560,79,1011.15625,195.720703125
1561,78,995.3369140625,207.1806640625
1562,78,1011.1650390625,197.85546875
1563,79,966.6328125,184.916015625
1564,79,985.0234375,194.2548828125
1565,80,971.27734375,191.5615234375
1566,80,970.4306640625,196.474609375
1567,81,951.259765625,189.197265625
1568,80,968.3740234375,202.5888671875
1569,81,956.3173828125,191.9140625
1570,80,973.61328125,203.3349609375
1571,80,977.9892578125,196.771484375
1572,80,979.251953125,197.171875
1573,85,586.349609375,122.9736328125
1574,90,586.716796875,145.2490234375
1575,90,637.4892578125,194.8359375
1576,90,650.7470703125,194.748046875
1577,90,657.0322265625,196.208984375
1578,90,657.025390625,197.0478515625
1579,90,640.025390625,193.9130859375
1580,90,660.4619140625,195.865234375
1581,90,661.6875,195.5576171875
1582,90,663.015625,196.033203125
1583,90,647.6181640625,194.5634765625
1584,90,665.1513671875,195.943359375
1585,91,654.150390625,191.8427734375
1586,90,656.162109375,204.69140625
1587,91,630.7060546875,190.0703125
1588,89,672.4931640625,208.2421875
1589,90,681.3447265625,187.0546875
1590,89,685.9033203125,203.228515625
1591,90,664.486328125,185.8583984375
1592,89,680.2509765625,201.6171875
1593,90,684.431640625,188.4296875
1594,89,683.84765625,203.55078125
1595,90,676.9560546875,188.4267578125
1596,89,685.44921875,202.7666015625
1597,90,683.2333984375,187.0146484375
1598,89,681.94921875,200.6328125
1599,90,675.072265625,186.4814453125
1600,89,684.609375,201.212890625
1601,90,684.9638671875,186.1181640625
1602,89,697.9912109375,202.685546875
1603,91,679.857421875,182.3525390625
1604,91,654.177734375,199.6123046875
1605,91,656.0,199.7060546875
1606,90,658.9521484375,200.3203125
1607,91,659.35546875,189.720703125
1608,90,668.1357421875,203.4560546875
1609,90,673.12890625,193.0546875
1610,90,674.578125,195.4423828125
1611,91,660.443359375,191.4521484375
1612,92,608.63671875,187.08203125
1613,93,574.294921875,184.890625
1614,92,577.4033203125,202.615234375
1615,94,583.99609375,184.482421875
1616,90,572.5927734375,224.8388671875
1617,95,560.7802734375,159.16796875
1618,90,535.552734375,240.4765625
1619,95,547.06640625,157.087890625
1620,90,578.3447265625,257.2216796875
1621,85,788.65234375,250.453125
1622,85,789.1103515625,196.2724609375
1623,85,789.7529296875,196.19140625
1624,85,789.7177734375,195.8857421875
1625,85,792.583984375,196.396484375
1626,85,792.50390625,196.150390625
1627,85,792.8291015625,195.8486328125
1628,85,791.3232421875,195.0
1629,85,789.572265625,194.4345703125
1630,85,788.041015625,193.51171875
1631,85,788.3662109375,193.7236328125
1632,85,788.8330078125,193.83203125
1633,85,786.6044921875,193.4638671875
1634,85,789.419921875,193.66015625
1635,85,790.359375,193.9462890625
1636,85,790.76953125,194.2509765625
1637,85,787.5859375,193.55078125
1638,85,789.392578125,193.708984375
1639,85,788.5517578125,193.55859375
1640,85,790.833984375,193.9677734375
1641,85,788.5615234375,193.6669921875
1642,85,789.9755859375,193.744140625
1643,85,790.8125,193.8583984375
1644,85,793.03515625,194.611328125
1645,85,790.357421875,194.2958984375
1646,85,791.158203125,193.8828125
1647,85,791.0185546875,193.8603515625
1648,85,791.5810546875,194.3623046875
1649,85,792.125,194.4638671875
1650,85,791.9189453125,194.0693359375
1651,85,792.4873046875,194.236328125
1652,85,794.1396484375,194.6591796875
1653,85,794.314453125,194.7412109375
1654,85,792.4169921875,194.23828125
1655,85,792.7490234375,194.3857421875
1656,85,794.1181640625,194.6494140625
1657,85,794.8076171875,194.666015625
1658,85,792.8828125,194.259765625
1659,85,791.0166015625,193.619140625
1660,85,789.8251953125,193.078125
1661,85,789.3740234375,193.2216796875
1662,85,788.71484375,192.666015625
1663,86,786.380859375,192.005859375
1664,85,785.865234375,201.826171875
1665,86,780.5791015625,191.1474609375
1666,85,785.1474609375,201.4404296875
1667,86,783.1201171875,190.955078125
1668,85,781.2060546875,200.0263671875
1669,86,779.0380859375,189.50390625
1670,86,778.875,199.1015625
1671,86,782.1083984375,199.2802734375
1672,85,785.751953125,200.7568359375
1673,86,786.2275390625,191.306640625
1674,85,778.619140625,200.1357421875
1675,86,784.7802734375,191.12890625
1676,85,785.802734375,201.03125
1677,86,788.0234375,191.185546875
1678,86,781.279296875,199.984375
1679,86,781.0849609375,198.998046875
1680,86,776.43359375,198.2978515625
1681,82,926.12890625,230.9150390625
1682,82,928.2841796875,193.521484375
1683,82,928.1201171875,193.4794921875
1684,82,931.392578125,194.5654296875
1685,82,934.107421875,195.5
1686,82,931.1201171875,194.8515625
1687,82,932.4921875,194.73046875
1688,82,931.7255859375,194.671875
1689,82,933.4296875,195.171875
1690,82,933.3935546875,195.4296875
1691,82,931.9970703125,195.0693359375
1692,82,932.6142578125,194.974609375
1693,82,933.69140625,195.302734375
1694,82,933.3232421875,195.4443359375
1695,82,931.9072265625,195.25
1696,82,930.890625,194.939453125
1697,82,932.3662109375,195.4111328125
1698,82,933.416015625,195.8642578125
1699,82,932.53515625,195.7021484375
1700,82,931.8193359375,195.5732421875
1701,82,932.6572265625,195.720703125
1702,82,932.5810546875,195.8466796875
1703,82,933.9599609375,196.23046875
1704,82,934.0654296875,196.16015625
1705,87,603.787109375,132.2607421875
1706,92,604.017578125,160.5380859375
1707,90,645.78125,214.5908203125
1708,91,645.6005859375,191.244140625
1709,90,642.046875,202.66796875
1710,91,644.318359375,191.54296875
1711,91,635.59765625,197.9033203125
1712,91,633.6259765625,195.998046875
1713,91,630.6005859375,192.77734375
1714,92,616.91796875,187.1220703125
1715,92,607.4248046875,193.6767578125
1716,94,573.919921875,184.3818359375
1717,91,546.3701171875,218.3876953125
1718,96,512.5234375,156.494140625
1719,91,490.68359375,258.3603515625
1720,96,483.580078125,147.876953125
1721,91,497.8916015625,261.8662109375
1722,96,505.533203125,156.9443359375
1723,91,518.224609375,272.4912109375
1724,95,532.9189453125,165.560546875
1725,90,554.2880859375,255.9248046875
1726,93,589.0556640625,169.287109375
1727,91,597.1640625,212.1416015625
1728,93,600.1044921875,182.39453125
1729,92,566.9736328125,205.7998046875
1730,93,594.875,189.681640625
1731,91,599.5224609375,212.572265625
1732,93,602.146484375,181.53125
1733,91,588.83203125,210.9609375
1734,93,600.8984375,180.5849609375
1735,91,603.443359375,212.73828125
1736,93,609.943359375,182.201171875
1737,91,607.1181640625,214.4248046875
1738,93,607.68359375,181.5810546875
1739,91,608.50390625,213.505859375
1740,93,610.94140625,182.17578125
1741,91,611.1904296875,214.5693359375
1742,93,611.7978515625,182.0498046875
1743,91,613.4736328125,214.0615234375
1744,93,613.900390625,182.478515625
1745,91,612.951171875,214.7099609375
1746,93,613.326171875,182.8291015625
1747,91,615.044921875,215.1728515625
1748,96,396.5009765625,126.580078125
1749,93,401.919921875,218.76171875
1750,98,411.5771484375,153.8115234375
1751,93,429.46875,294.2412109375
1752,97,452.0341796875,164.2177734375
1753,92,452.7578125,271.0576171875
1754,97,453.3330078125,144.109375
1755,92,453.8349609375,271.025390625
1756,97,444.486328125,143.16796875
1757,92,456.8017578125,271.7666015625
1758,97,460.9150390625,144.732421875
1759,92,464.9521484375,275.9951171875
1760,97,459.9248046875,146.5390625
1761,92,460.76171875,275.5361328125
1762,97,462.0400390625,146.9970703125
1763,92,461.1171875,275.314453125
1764,97,459.3544921875,146.876953125
1765,92,464.9345703125,276.888671875
1766,97,464.0224609375,146.52734375
1767,92,464.1103515625,276.7783203125
1768,97,456.98046875,146.1865234375
1769,92,455.0947265625,272.775390625
1770,97,453.2490234375,145.6962890625
1771,92,420.478515625,255.0400390625
1772,97,413.2744140625,136.697265625
1773,92,416.0263671875,253.1171875
1774,97,411.0859375,136.3291015625
1775,92,405.169921875,247.439453125
1776,97,402.8251953125,132.7373046875
1777,92,404.4765625,244.892578125
1778,97,399.9462890625,131.193359375
1779,92,378.74609375,231.0244140625
1780,97,357.6669921875,115.24609375
1781,96,340.603515625,207.4736328125
1782,99,310.7509765625,170.861328125
1783,94,315.0615234375,282.0322265625
1784,99,322.93359375,133.865234375
1785,94,334.98046875,298.625
1786,99,343.6669921875,142.2587890625
1787,94,342.5068359375,305.6005859375
1788,99,342.314453125,141.9873046875
1789,94,335.0546875,302.19140625
1790,99,373.0009765625,151.96484375
1791,94,391.265625,350.8916015625
1792,98,398.8974609375,163.890625
1793,93,407.4306640625,284.33984375
1794,97,455.880859375,167.1083984375
1795,92,463.7236328125,284.158203125
1796,97,461.322265625,154.943359375
1797,92,444.9013671875,278.6376953125
1798,97,468.7724609375,156.0419921875
1799,92,484.857421875,298.0673828125
1800,97,482.916015625,160.0615234375
1801,92,445.8046875,272.1884765625
1802,97,452.8212890625,151.62109375
1803,92,462.525390625,280.7041015625
1804,97,460.603515625,153.125
1805,92,460.3115234375,279.9052734375
1806,97,459.658203125,152.8515625
1807,92,457.728515625,278.984375
1808,97,456.828125,152.146484375
1809,92,457.5361328125,278.744140625
1810,97,459.5498046875,152.4072265625
1811,92,457.1826171875,278.4833984375
1812,97,452.9443359375,150.0
1813,92,444.1708984375,271.6962890625
1814,97,437.84375,145.880859375
1815,92,437.69921875,268.67578125
1816,97,437.14453125,145.6044921875
1817,92,436.845703125,268.185546875
1818,97,436.44921875,145.484375
1819,92,436.6923828125,268.064453125
1820,97,436.7177734375,145.4697265625
1821,92,658.841796875,395.3310546875
1822,88,659.0615234375,229.48828125
1823,88,728.7216796875,197.2333984375
1824,89,714.9013671875,189.2109375
1825,89,708.109375,197.30078125
1826,90,706.62109375,191.650390625
1827,88,704.18359375,208.6142578125
1828,89,710.734375,185.361328125
1829,89,714.8369140625,195.2861328125
1830,89,719.9638671875,194.765625
1831,89,723.822265625,196.208984375
1832,89,729.779296875,199.99609375
1833,89,717.7197265625,199.8017578125
1834,89,728.0654296875,198.66796875
1835,89,719.7158203125,199.4248046875
1836,88,740.982421875,202.0302734375
1837,89,723.2001953125,189.015625
1838,89,731.4755859375,199.00390625
1839,89,708.25,196.470703125
1840,89,727.9951171875,197.9111328125
1841,89,729.7060546875,198.6240234375
1842,89,728.2880859375,199.662109375
1843,89,696.2685546875,194.521484375
1844,89,729.0341796875,198.3134765625
1845,88,719.13671875,200.00390625
1846,89,736.111328125,192.1669921875
1847,89,729.4404296875,199.0517578125
1848,89,737.6767578125,198.111328125
1849,89,728.1474609375,198.7412109375
1850,89,736.326171875,198.216796875
1851,89,734.765625,198.1806640625
1852,89,739.564453125,199.6787109375
1853,89,727.8427734375,198.5322265625
1854,89,742.484375,199.1171875
1855,89,734.220703125,197.4873046875
1856,89,738.8974609375,196.97265625
1857,89,712.291015625,193.4267578125
1858,89,728.7763671875,195.068359375
1859,89,737.6005859375,198.9248046875
1860,88,747.8291015625,202.984375
1861,88,738.5517578125,194.3857421875
1862,87,777.1123046875,201.8291015625
1863,87,792.990234375,194.052734375
1864,87,794.47265625,195.5107421875
1865,87,781.7431640625,194.6611328125
1866,87,784.6708984375,194.412109375
1867,87,784.6396484375,193.796875
1868,87,782.240234375,192.9658203125
1869,87,786.9091796875,193.5986328125
1870,88,775.017578125,189.830078125
1871,87,776.3505859375,203.07421875
1872,89,758.80078125,184.35546875
1873,89,741.3212890625,197.6318359375
1874,88,755.3359375,202.5927734375
1875,88,733.5224609375,193.0537109375
1876,89,747.5107421875,191.634765625
1877,89,732.2197265625,198.1181640625
1878,89,734.900390625,195.8486328125
1879,89,723.763671875,192.7431640625
1880,90,715.2763671875,189.9775390625
1881,89,723.3515625,203.59375
1882,90,718.6953125,190.8984375
1883,88,735.400390625,208.923828125
1884,89,728.6171875,186.7998046875
1885,89,739.3115234375,196.5302734375
1886,89,748.564453125,199.9140625
1887,88,757.90625,203.08984375
1888,88,757.580078125,193.1298828125
1889,89,741.513671875,188.3779296875
1890,90,724.8544921875,191.314453125
1891,89,713.8603515625,203.5400390625
1892,91,701.5654296875,183.6533203125
1893,89,683.875,208.2998046875
1894,90,701.6787109375,185.546875
1895,89,694.751953125,201.326171875
1896,91,695.7021484375,183.44921875
1897,89,690.93359375,210.4873046875
1898,91,700.0576171875,184.22265625
1899,89,691.1591796875,210.6767578125
1900,90,704.4599609375,185.5400390625
1901,89,704.10546875,201.78515625
1902,90,710.7392578125,185.15625
1903,89,708.5166015625,201.859375
1904,90,720.42578125,188.2587890625
1905,89,716.6904296875,204.3369140625
1906,90,725.322265625,189.42578125
1907,89,713.3740234375,203.482421875
1908,90,712.890625,185.603515625
1909,89,703.7451171875,200.625
1910,90,713.8427734375,185.7158203125
1911,89,705.35546875,201.25390625
1912,90,717.08203125,185.99609375
1913,89,711.7177734375,200.763671875
1914,91,711.7646484375,184.5166015625
1915,89,713.3779296875,213.0712890625
1916,90,722.4580078125,187.796875
1917,89,725.072265625,205.6318359375
1918,90,728.33203125,189.1611328125
1919,89,724.1982421875,202.8818359375
1920,90,715.1708984375,186.173828125
1921,89,694.314453125,205.2900390625
1922,90,741.119140625,190.138671875
1923,88,745.7451171875,209.1298828125
1924,90,737.2001953125,182.2783203125
1925,89,739.802734375,207.6044921875
1926,90,736.4892578125,188.828125
1927,89,738.4267578125,207.1708984375
1928,90,746.1767578125,192.1298828125
1929,89,744.0185546875,207.0146484375
1930,89,760.4072265625,198.7099609375
1931,89,745.7421875,196.2802734375
1932,88,771.9609375,202.3212890625
1933,88,782.5859375,197.41015625
1934,87,791.2041015625,200.0859375
1935,88,778.642578125,188.1650390625
1936,87,792.4482421875,201.0693359375
1937,88,783.2890625,186.1787109375
1938,88,773.533203125,195.8759765625
1939,88,771.0,194.5126953125
1940,88,769.0126953125,193.50390625
1941,89,764.611328125,192.1552734375
1942,89,754.50390625,196.119140625
1943,89,744.185546875,192.9423828125
1944,89,741.03125,193.8681640625
1945,89,736.7880859375,192.58984375
1946,89,738.5263671875,192.759765625
1947,91,682.4462890625,178.2666015625
1948,95,537.33984375,161.7802734375
1949,90,501.1396484375,232.9443359375
1950,95,512.5947265625,147.5048828125
1951,90,520.8486328125,242.787109375
1952,95,538.6357421875,159.048828125
1953,90,565.3984375,259.056640625
1954,94,578.3828125,168.2177734375
