5866,35,1262.0390625,125.0927734375
5867,40,1261.642578125,139.5146484375
5868,45,1261.6787109375,150.6865234375
5869,49,1260.1298828125,163.37109375
5870,52,1252.146484375,173.810546875
5871,54,1253.0322265625,178.8271484375
5872,56,1252.8349609375,183.1611328125
5873,57,1255.3037109375,187.9853515625
5874,58,1261.5380859375,191.6611328125
5875,58,1268.8681640625,196.013671875
5876,58,1268.2490234375,195.775390625
5877,58,1269.7685546875,195.9345703125
5878,58,1270.6484375,196.0224609375
5879,58,1272.099609375,196.029296875
5880,58,1271.205078125,195.775390625
5881,58,1271.1611328125,195.75
5882,58,1271.4677734375,195.919921875
5883,58,1270.67578125,195.6376953125
5884,58,1271.1044921875,195.6201171875
5885,58,1272.1767578125,195.814453125
5886,58,1271.0068359375,195.4677734375
5887,58,1270.7138671875,195.3916015625
5888,58,1272.0654296875,195.64453125
5889,58,1268.423828125,195.208984375
5890,58,1268.44140625,195.1611328125
5891,58,1269.6162109375,195.4189453125
5892,58,1266.908203125,194.8955078125
5893,58,1264.9697265625,194.6796875
5894,58,1267.4345703125,194.8828125
5895,58,1264.638671875,194.4326171875
5896,58,1264.7001953125,194.3505859375
5897,58,1265.1767578125,194.7763671875
5898,58,1263.251953125,194.396484375
5899,58,1263.34375,194.46484375
5900,58,1264.0537109375,194.7685546875
5901,58,1262.287109375,194.3837890625
5902,58,1261.7451171875,194.4306640625
5903,58,1262.744140625,194.65625
5904,58,1250.3466796875,194.212890625
5905,58,1246.3154296875,193.3310546875
5906,58,1246.9755859375,193.134765625
5907,58,1249.515625,193.64453125
5908,58,1248.9150390625,193.470703125
5909,58,1250.15625,193.595703125
5910,58,1250.3837890625,193.5908203125
5911,58,1250.373046875,193.5634765625
5912,58,1250.029296875,193.4140625
5913,58,1248.640625,193.2236328125
5914,58,1248.52734375,193.2763671875
5915,58,1249.8447265625,193.4267578125
5916,58,1248.0869140625,193.1728515625
5917,58,1247.8310546875,193.0205078125
5918,58,1248.8046875,193.251953125
5919,58,1247.357421875,192.9833984375
5920,58,1248.3798828125,193.19140625
5921,59,1202.2666015625,191.9267578125
5922,59,1202.0458984375,193.4951171875
5923,59,1203.3564453125,193.4619140625
5924,59,1204.7861328125,193.794921875
5925,59,1202.8203125,193.3837890625
5926,59,1203.62109375,193.3759765625
5927,59,1206.0615234375,194.048828125
5928,59,1207.478515625,193.9169921875
5929,59,1208.5849609375,193.84375
5930,59,1209.5693359375,194.0205078125
5931,59,1210.9091796875,194.12890625
5932,59,1211.599609375,194.0966796875
5933,59,1212.7333984375,194.3046875
5934,59,1213.615234375,194.2626953125
5935,59,1207.123046875,193.9462890625
5936,59,1208.0810546875,194.1435546875
5937,59,1204.3310546875,192.8408203125
5938,59,1211.2060546875,192.97265625
5939,59,1217.08203125,194.2412109375
5940,59,1220.4130859375,194.3828125
5941,59,1221.85546875,194.533203125
5942,59,1220.8798828125,194.3291015625
5943,59,1221.7373046875,194.287109375
5944,59,1223.271484375,194.4736328125
5945,59,1224.953125,194.6904296875
5946,59,1226.0029296875,194.6650390625
5947,59,1226.296875,194.650390625
5948,59,1224.9736328125,194.388671875
5949,59,1225.2705078125,194.2236328125
5950,59,1226.4052734375,194.5166015625
5951,59,1228.8076171875,194.6484375
5952,59,1229.4736328125,194.599609375
5953,59,1234.0576171875,194.7724609375
5954,59,1235.2373046875,194.7626953125
5955,59,1235.7998046875,194.7080078125
5956,59,1236.185546875,194.7958984375
5957,59,1237.0185546875,194.7841796875
5958,59,1237.6064453125,194.7919921875
5959,59,1238.2568359375,194.791015625
5960,59,1238.8486328125,194.9169921875
5961,59,1240.146484375,194.99609375
5962,59,1240.7861328125,195.0869140625
5963,59,1240.9189453125,195.08984375
5964,59,1241.244140625,195.1875
5965,59,1241.4462890625,195.21484375
5966,59,1233.5244140625,195.0537109375
5967,59,1234.537109375,195.1435546875
5968,59,1235.703125,195.2568359375
5969,59,1236.4873046875,194.5068359375
5970,59,1243.5927734375,194.8720703125
5971,59,1251.0927734375,196.0537109375
5972,59,1253.4482421875,196.2236328125
5973,59,1254.66015625,196.2900390625
5974,59,1255.38671875,196.3251953125
5975,59,1255.990234375,196.1318359375
5976,59,1256.3037109375,196.1611328125
5977,59,1256.53125,196.2158203125
5978,59,1255.4990234375,196.0419921875
5979,59,1255.5859375,195.9765625
5980,59,1256.3671875,196.0361328125
5981,59,1256.5888671875,195.9541015625
5982,59,1256.4970703125,195.8466796875
5983,59,1256.0859375,195.6435546875
5984,59,1256.0693359375,195.6953125
5985,59,1256.4169921875,195.642578125
5986,59,1255.623046875,195.6220703125
5987,59,1254.6396484375,195.4716796875
5988,59,1253.2353515625,195.18359375
5989,59,1251.7158203125,195.0302734375
5990,59,1251.337890625,195.044921875
5991,59,1251.017578125,195.015625
5992,59,1251.341796875,195.0322265625
5993,59,1251.0859375,195.0166015625
5994,59,1250.5302734375,194.912109375
5995,59,1250.140625,194.89453125
5996,59,1250.390625,194.970703125
5997,59,1250.5966796875,195.0888671875
5998,59,1240.6083984375,194.7763671875
5999,59,1240.8330078125,194.8125
6000,59,1241.328125,195.04296875
6001,59,1240.4169921875,194.0830078125
6002,59,1245.6630859375,194.1796875
6003,59,1253.0458984375,195.3076171875
6004,59,1255.6201171875,195.4931640625
6005,59,1254.6123046875,195.2421875
6006,59,1254.4443359375,195.0634765625
6007,59,1256.384765625,195.291015625
6008,59,1256.8720703125,195.291015625
6009,59,1256.9033203125,195.259765625
6010,59,1256.8720703125,195.3076171875
6011,59,1257.228515625,195.345703125
6012,59,1257.5625,195.306640625
6013,59,1257.953125,195.287109375
6014,59,1257.83203125,195.345703125
6015,59,1257.7666015625,195.3701171875
6016,59,1257.28125,195.2412109375
6017,59,1257.626953125,195.03515625
6018,59,1257.8525390625,195.0205078125
6019,59,1258.2919921875,195.0517578125
6020,59,1257.76171875,194.9814453125
6021,59,1257.8818359375,195.0751953125
6022,59,1258.13671875,195.0712890625
6023,59,1258.142578125,195.1279296875
6024,59,1258.0361328125,195.1669921875
6025,59,1258.1845703125,195.2822265625
6026,59,1258.1494140625,195.306640625
6027,59,1258.173828125,195.3701171875
6028,59,1258.2099609375,195.2978515625
6029,59,1248.4404296875,194.9482421875
6030,59,1249.0068359375,194.9541015625
6031,59,1248.3681640625,194.9482421875
6032,59,1248.80078125,195.099609375
6033,59,1248.37890625,194.4951171875
6034,59,1252.875,194.701171875
6035,59,1257.87890625,195.4384765625
6036,59,1260.9921875,195.640625
6037,59,1261.2607421875,195.6201171875
6038,59,1261.876953125,195.5712890625
6039,59,1262.14453125,195.56640625
6040,59,1262.29296875,195.5537109375
6041,59,1262.677734375,195.466796875
6042,59,1262.58984375,195.431640625
6043,59,1262.61328125,195.4404296875
6044,59,1262.9765625,195.5673828125
6045,59,1263.0615234375,195.451171875
6046,59,1262.921875,195.4287109375
6047,59,1262.62890625,195.40234375
6048,59,1262.5048828125,195.30078125
6049,59,1262.0927734375,195.173828125
6050,59,1262.1025390625,195.298828125
6051,59,1261.9482421875,195.25
6052,59,1261.5634765625,195.2392578125
6053,59,1261.3466796875,195.08984375
6054,59,1260.67578125,195.0537109375
6055,59,1260.2880859375,195.046875
6056,59,1259.3583984375,195.0830078125
6057,59,1258.669921875,194.9208984375
6058,59,1258.216796875,194.9501953125
6059,59,1257.9072265625,194.9560546875
6060,59,1244.744140625,194.232421875
6061,59,1243.865234375,194.2216796875
6062,59,1244.35546875,194.2109375
6063,59,1243.908203125,194.0927734375
6064,59,1244.037109375,194.078125
6065,59,1242.4013671875,193.623046875
6066,59,1244.1181640625,193.6552734375
6067,59,1244.701171875,193.78125
6068,59,1245.9404296875,193.8076171875
6069,59,1246.369140625,193.8076171875
6070,59,1246.1376953125,193.7060546875
6071,59,1246.3232421875,193.7509765625
6072,59,1246.1484375,193.6962890625
6073,59,1246.078125,193.6328125
6074,59,1245.9443359375,193.623046875
6075,59,1246.107421875,193.673828125
6076,59,1245.84375,193.6123046875
6077,59,1245.7158203125,193.5908203125
6078,59,1245.36328125,193.525390625
6079,59,1245.24609375,193.4677734375
6080,59,1245.0546875,193.4716796875
6081,59,1198.4853515625,192.884765625
6082,59,1199.546875,192.86328125
6083,59,1200.328125,192.8515625
6084,59,1201.2783203125,192.908203125
6085,59,1202.4296875,192.794921875
6086,59,1203.94921875,192.98828125
6087,59,1205.0302734375,193.1123046875
6088,59,1206.1953125,193.1767578125
6089,59,1206.62890625,193.2041015625
6090,59,1201.279296875,192.63671875
6091,59,1205.541015625,192.8828125
6092,59,1207.173828125,193.0595703125
6093,59,1208.5634765625,193.166015625
6094,59,1209.9775390625,193.2353515625
6095,59,1210.6796875,193.3564453125
6096,59,1210.91015625,193.4091796875
6097,59,1222.1591796875,193.6259765625
6098,59,1225.92578125,193.876953125
6099,59,1228.39453125,194.0263671875
6100,59,1229.30859375,194.017578125
6101,59,1229.8232421875,193.97265625
6102,59,1230.31640625,193.9248046875
6103,59,1230.7490234375,194.1083984375
6104,59,1231.1767578125,194.0830078125
6105,59,1231.951171875,194.1328125
6106,59,1232.1103515625,194.0849609375
6107,59,1232.3193359375,194.0498046875
6108,59,1232.365234375,194.029296875
6109,59,1232.2431640625,193.98046875
6110,59,1232.25,193.87109375
6111,59,1233.1455078125,194.068359375
6112,59,1233.7978515625,194.0234375
6113,59,1235.2880859375,194.0087890625
6114,59,1236.4658203125,194.111328125
6115,59,1237.5419921875,194.1328125
6116,59,1238.8193359375,194.1875
6117,59,1239.228515625,194.3154296875
6118,59,1239.4853515625,194.5625
6119,59,1239.3525390625,194.4853515625
6120,59,1238.7998046875,194.650390625
6121,59,1239.216796875,194.4716796875
6122,59,1234.32421875,194.4375
6123,59,1235.54296875,194.509765625
6124,59,1237.7890625,194.8857421875
6125,59,1239.263671875,195.0185546875
6126,59,1238.52734375,194.8349609375
6127,59,1239.2626953125,194.9140625
6128,59,1239.755859375,194.97265625
6129,59,1238.0234375,194.2177734375
6130,59,1243.1748046875,194.3505859375
6131,59,1248.5283203125,195.2265625
6132,59,1247.525390625,194.9462890625
6133,59,1248.3125,195.01171875
6134,59,1250.111328125,195.2666015625
6135,59,1251.091796875,195.263671875
6136,59,1249.453125,195.001953125
6137,59,1249.79296875,194.9931640625
6138,59,1251.0771484375,195.1474609375
6139,59,1249.365234375,194.7314453125
6140,59,1249.349609375,194.7841796875
6141,59,1250.9521484375,195.048828125
6142,59,1251.0947265625,195.1328125
6143,59,1251.45703125,195.185546875
6144,59,1251.1201171875,194.9833984375
6145,59,1250.29296875,194.876953125
6146,59,1250.720703125,194.8330078125
6147,59,1251.267578125,194.9658203125
6148,59,1251.435546875,194.919921875
6149,59,1251.796875,194.8876953125
6150,59,1252.2587890625,194.986328125
6151,59,1252.48828125,195.0888671875
6152,59,1252.486328125,195.1357421875
6153,59,1244.9892578125,194.98828125
6154,59,1245.8779296875,195.1416015625
6155,59,1246.884765625,195.171875
6156,59,1248.1591796875,195.4140625
6157,59,1247.23046875,195.3330078125
6158,59,1248.154296875,195.3681640625
6159,59,1248.98046875,195.4423828125
6160,59,1249.84375,195.5673828125
6161,59,1256.498046875,195.76171875
6162,59,1258.634765625,196.037109375
6163,59,1257.576171875,195.7578125
1681,64,926.12890625,105.4423828125
1682,69,928.2841796875,115.7958984375
1683,74,928.1201171875,131.2236328125
1684,79,931.392578125,153.4501953125
1685,82,934.107421875,175.3828125
1686,82,931.1201171875,194.8515625
1687,82,932.4921875,194.73046875
1688,82,931.7255859375,194.671875
1689,82,933.4296875,195.171875
1690,82,933.3935546875,195.4296875
1691,82,931.9970703125,195.0693359375
1692,82,932.6142578125,194.974609375
1693,82,933.69140625,195.302734375
1694,82,933.3232421875,195.4443359375
1695,82,931.9072265625,195.25
1696,82,930.890625,194.939453125
1697,82,932.3662109375,195.4111328125
1698,82,933.416015625,195.8642578125
1699,82,932.53515625,195.7021484375
1700,82,931.8193359375,195.5732421875
1701,82,932.6572265625,195.720703125
1702,82,932.5810546875,195.8466796875
1703,82,933.9599609375,196.23046875
1704,82,934.0654296875,196.16015625
1705,87,603.787109375,132.2607421875
1706,92,604.017578125,160.5380859375
1707,90,645.78125,214.5908203125
1708,91,645.6005859375,191.244140625
1709,90,642.046875,202.66796875
1710,91,644.318359375,191.54296875
1711,91,635.59765625,197.9033203125
1712,91,633.6259765625,195.998046875
1713,91,630.6005859375,192.77734375
1714,92,616.91796875,187.1220703125
1715,92,607.4248046875,193.6767578125
1716,94,573.919921875,184.3818359375
1717,91,546.3701171875,218.3876953125
1718,96,512.5234375,156.494140625
1719,91,490.68359375,258.3603515625
1720,96,483.580078125,147.876953125
1721,91,497.8916015625,261.8662109375
1722,96,505.533203125,156.9443359375
1723,91,518.224609375,272.4912109375
1724,95,532.9189453125,165.560546875
1725,90,554.2880859375,255.9248046875
1726,93,589.0556640625,169.287109375
1727,91,597.1640625,212.1416015625
1728,93,600.1044921875,182.39453125
1729,92,566.9736328125,205.7998046875
1730,93,594.875,189.681640625
1731,91,599.5224609375,212.572265625
1732,93,602.146484375,181.53125
1733,91,588.83203125,210.9609375
1734,93,600.8984375,180.5849609375
1735,91,603.443359375,212.73828125
1736,93,609.943359375,182.201171875
1737,91,607.1181640625,214.4248046875
1738,93,607.68359375,181.5810546875
1739,91,608.50390625,213.505859375
1740,93,610.94140625,182.17578125
1741,91,611.1904296875,214.5693359375
1742,93,611.7978515625,182.0498046875
1743,91,613.4736328125,214.0615234375
1744,93,613.900390625,182.478515625
1745,91,612.951171875,214.7099609375
1746,93,613.326171875,182.8291015625
1747,91,615.044921875,215.1728515625
1748,96,396.5009765625,126.580078125
1749,93,401.919921875,218.76171875
1750,98,411.5771484375,153.8115234375
1751,93,429.46875,294.2412109375
1752,97,452.0341796875,164.2177734375
1753,92,452.7578125,271.0576171875
1754,97,453.3330078125,144.109375
1755,92,453.8349609375,271.025390625
1756,97,444.486328125,143.16796875
1757,92,456.8017578125,271.7666015625
1758,97,460.9150390625,144.732421875
1759,92,464.9521484375,275.9951171875
1760,97,459.9248046875,146.5390625
1761,92,460.76171875,275.5361328125
1762,97,462.0400390625,146.9970703125
1763,92,461.1171875,275.314453125
1764,97,459.3544921875,146.876953125
1765,92,464.9345703125,276.888671875
1766,97,464.0224609375,146.52734375
1767,92,464.1103515625,276.7783203125
1768,97,456.98046875,146.1865234375
1769,92,455.0947265625,272.775390625
1770,97,453.2490234375,145.6962890625
1771,92,420.478515625,255.0400390625
1772,97,413.2744140625,136.697265625
1773,92,416.0263671875,253.1171875
1774,97,411.0859375,136.3291015625
1775,92,405.169921875,247.439453125
1776,97,402.8251953125,132.7373046875
1777,92,404.4765625,244.892578125
1778,97,399.9462890625,131.193359375
1779,92,378.74609375,231.0244140625
1780,97,357.6669921875,115.24609375
1781,96,340.603515625,207.4736328125
1782,99,310.7509765625,170.861328125
1783,94,315.0615234375,282.0322265625
1784,99,322.93359375,133.865234375
1785,94,334.98046875,298.625
1786,99,343.6669921875,142.2587890625
1787,94,342.5068359375,305.6005859375
1788,99,342.314453125,141.9873046875
1789,94,335.0546875,302.19140625
1790,99,373.0009765625,151.96484375
1791,94,391.265625,350.8916015625
1792,98,398.8974609375,163.890625
1793,93,407.4306640625,284.33984375
1794,97,455.880859375,167.1083984375
1795,92,463.7236328125,284.158203125
1796,97,461.322265625,154.943359375
1797,92,444.9013671875,278.6376953125
1798,97,468.7724609375,156.0419921875
1799,92,484.857421875,298.0673828125
1800,97,482.916015625,160.0615234375
1801,92,445.8046875,272.1884765625
1802,97,452.8212890625,151.62109375
1803,92,462.525390625,280.7041015625
1804,97,460.603515625,153.125
1805,92,460.3115234375,279.9052734375
1806,97,459.658203125,152.8515625
1807,92,457.728515625,278.984375
1808,97,456.828125,152.146484375
1809,92,457.5361328125,278.744140625
1810,97,459.5498046875,152.4072265625
1811,92,457.1826171875,278.4833984375
1812,97,452.9443359375,150.0
1813,92,444.1708984375,271.6962890625
1814,97,437.84375,145.880859375
1815,92,437.69921875,268.67578125
1816,97,437.14453125,145.6044921875
1817,92,436.845703125,268.185546875
1818,97,436.44921875,145.484375
1819,92,436.6923828125,268.064453125
1820,97,436.7177734375,145.4697265625
1821,92,658.841796875,395.3310546875
1822,88,659.0615234375,229.48828125
1823,88,728.7216796875,197.2333984375
1824,89,714.9013671875,189.2109375
1825,89,708.109375,197.30078125
1826,90,706.62109375,191.650390625
1827,88,704.18359375,208.6142578125
1828,89,710.734375,185.361328125
1829,89,714.8369140625,195.2861328125
1830,89,719.9638671875,194.765625
1831,89,723.822265625,196.208984375
1832,89,729.779296875,199.99609375
1833,89,717.7197265625,199.8017578125
1834,89,728.0654296875,198.66796875
1835,89,719.7158203125,199.4248046875
1836,88,740.982421875,202.0302734375
1837,89,723.2001953125,189.015625
1838,89,731.4755859375,199.00390625
1839,89,708.25,196.470703125
1840,89,727.9951171875,197.9111328125
1841,89,729.7060546875,198.6240234375
1842,89,728.2880859375,199.662109375
1843,89,696.2685546875,194.521484375
1844,89,729.0341796875,198.3134765625
1845,88,719.13671875,200.00390625
1846,89,736.111328125,192.1669921875
1847,89,729.4404296875,199.0517578125
1848,89,737.6767578125,198.111328125
1849,89,728.1474609375,198.7412109375
1850,89,736.326171875,198.216796875
1851,89,734.765625,198.1806640625
1852,89,739.564453125,199.6787109375
1853,89,727.8427734375,198.5322265625
1854,89,742.484375,199.1171875
1855,89,734.220703125,197.4873046875
1856,89,738.8974609375,196.97265625
1857,89,712.291015625,193.4267578125
1858,89,728.7763671875,195.068359375
1859,89,737.6005859375,198.9248046875
1860,88,747.8291015625,202.984375
1861,88,738.5517578125,194.3857421875
1862,87,777.1123046875,201.8291015625
1863,87,792.990234375,194.052734375
1864,87,794.47265625,195.5107421875
1865,87,781.7431640625,194.6611328125
1866,87,784.6708984375,194.412109375
1867,87,784.6396484375,193.796875
1868,87,782.240234375,192.9658203125
1869,87,786.9091796875,193.5986328125
1870,88,775.017578125,189.830078125
1871,87,776.3505859375,203.07421875
1872,89,758.80078125,184.35546875
1873,89,741.3212890625,197.6318359375
1874,88,755.3359375,202.5927734375
1875,88,733.5224609375,193.0537109375
1876,89,747.5107421875,191.634765625
1877,89,732.2197265625,198.1181640625
1878,89,734.900390625,195.8486328125
1879,89,723.763671875,192.7431640625
1880,90,715.2763671875,189.9775390625
1881,89,723.3515625,203.59375
1882,90,718.6953125,190.8984375
1883,88,735.400390625,208.923828125
1884,89,728.6171875,186.7998046875
1885,89,739.3115234375,196.5302734375
1886,89,748.564453125,199.9140625
1887,88,757.90625,203.08984375
1888,88,757.580078125,193.1298828125
1889,89,741.513671875,188.3779296875
1890,90,724.8544921875,191.314453125
1891,89,713.8603515625,203.5400390625
1892,91,701.5654296875,183.6533203125
1893,89,683.875,208.2998046875
1894,90,701.6787109375,185.546875
1895,89,694.751953125,201.326171875
1896,91,695.7021484375,183.44921875
1897,89,690.93359375,210.4873046875
1898,91,700.0576171875,184.22265625
1899,89,691.1591796875,210.6767578125
1900,90,704.4599609375,185.5400390625
1901,89,704.10546875,201.78515625
1902,90,710.7392578125,185.15625
1903,89,708.5166015625,201.859375
1904,90,720.42578125,188.2587890625
1905,89,716.6904296875,204.3369140625
1906,90,725.322265625,189.42578125
1907,89,713.3740234375,203.482421875
1908,90,712.890625,185.603515625
1909,89,703.7451171875,200.625
1910,90,713.8427734375,185.7158203125
1911,89,705.35546875,201.25390625
1912,90,717.08203125,185.99609375
1913,89,711.7177734375,200.763671875
1914,91,711.7646484375,184.5166015625
1915,89,713.3779296875,213.0712890625
1916,90,722.4580078125,187.796875
1917,89,725.072265625,205.6318359375
1918,90,728.33203125,189.1611328125
1919,89,724.1982421875,202.8818359375
1920,90,715.1708984375,186.173828125
1921,89,694.314453125,205.2900390625
1922,90,741.119140625,190.138671875
1923,88,745.7451171875,209.1298828125
1924,90,737.2001953125,182.2783203125
1925,89,739.802734375,207.6044921875
1926,90,736.4892578125,188.828125
1927,89,738.4267578125,207.1708984375
1928,90,746.1767578125,192.1298828125
1929,89,744.0185546875,207.0146484375
1930,89,760.4072265625,198.7099609375
1931,89,745.7421875,196.2802734375
1932,88,771.9609375,202.3212890625
1933,88,782.5859375,197.41015625
1934,87,791.2041015625,200.0859375
1935,88,778.642578125,188.1650390625
1936,87,792.4482421875,201.0693359375
1937,88,783.2890625,186.1787109375
1938,88,773.533203125,195.8759765625
1939,88,771.0,194.5126953125
1940,88,769.0126953125,193.50390625
1941,89,764.611328125,192.1552734375
1942,89,754.50390625,196.119140625
1943,89,744.185546875,192.9423828125
1944,89,741.03125,193.8681640625
1945,89,736.7880859375,192.58984375
1946,89,738.5263671875,192.759765625
1947,91,682.4462890625,178.2666015625
1948,95,537.33984375,161.7802734375
1949,90,501.1396484375,232.9443359375
1950,95,512.5947265625,147.5048828125
1951,90,520.8486328125,242.787109375
1952,95,538.6357421875,159.048828125
1953,90,565.3984375,259.056640625
1954,94,578.3828125,168.2177734375
1955,89,601.890625,237.650390625
1956,93,629.2802734375,167.4609375
1957,88,656.220703125,233.3037109375
1958,90,694.888671875,177.60546875
1959,89,695.3974609375,200.7607421875
1960,90,699.2373046875,188.2353515625
1961,90,671.1015625,198.2646484375
1962,87,754.5166015625,220.1201171875
1963,88,744.673828125,185.90625
1964,88,760.8857421875,197.1630859375
1965,88,759.1064453125,197.408203125
1966,89,739.1767578125,188.619140625
1967,89,740.4345703125,199.6083984375
1968,89,748.69140625,199.22265625
1969,88,752.65625,201.19140625
1970,88,757.5595703125,195.7099609375
1971,88,739.9599609375,193.8681640625
1972,88,752.345703125,193.6357421875
1973,88,753.5908203125,193.4150390625
1974,88,757.7197265625,194.5361328125
1975,88,745.7998046875,193.8564453125
1976,89,743.671875,189.8544921875
1977,89,744.830078125,196.5791015625
1978,89,745.8330078125,197.1220703125
1979,89,734.01953125,197.0771484375
1980,89,744.7841796875,196.3720703125
1981,89,739.251953125,194.072265625
1982,89,745.2177734375,196.1357421875
1983,89,746.876953125,198.76953125
1984,89,754.861328125,198.0380859375
1985,89,756.712890625,198.884765625
1986,88,776.66796875,204.8623046875
1987,88,765.6005859375,197.9775390625
1988,88,776.1201171875,197.7412109375
1989,88,775.2060546875,196.759765625
1990,88,768.2763671875,196.15234375
1991,89,755.6904296875,190.82421875
1992,88,757.3671875,201.96484375
1993,89,746.7919921875,188.8359375
1994,88,761.03515625,201.400390625
1995,89,754.779296875,189.8154296875
1996,89,759.8212890625,199.3447265625
1997,88,757.31640625,200.9267578125
1998,88,768.052734375,194.2744140625
1999,88,774.923828125,196.927734375
2000,87,787.1611328125,200.751953125
2001,88,776.97265625,188.1181640625
2002,88,774.50390625,197.3447265625
2003,88,758.1669921875,192.755859375
2004,89,753.49609375,191.091796875
2005,88,748.3564453125,200.158203125
2006,89,748.3671875,190.8583984375
2007,89,749.6025390625,196.97265625
2008,89,740.107421875,194.2529296875
2009,90,718.47265625,188.0087890625
2010,88,736.7529296875,208.4677734375
2011,89,731.5791015625,186.3291015625
2012,90,726.677734375,190.873046875
2013,89,715.470703125,204.650390625
2014,90,718.5751953125,189.87109375
2015,89,701.93359375,202.857421875
2016,90,694.8759765625,186.4248046875
2017,88,723.689453125,210.4375
2018,88,746.5244140625,196.287109375
2019,88,731.8603515625,194.73828125
2020,87,785.7392578125,205.43359375
2021,87,804.6220703125,197.0927734375
2022,86,816.5751953125,201.119140625
2023,86,801.80859375,193.62890625
2024,87,805.23828125,192.2578125
2025,87,804.564453125,198.466796875
2026,86,813.8916015625,200.8193359375
2027,86,818.95703125,195.5771484375
2028,86,811.4423828125,194.3935546875
2029,86,816.44140625,195.2470703125
2030,86,820.046875,195.4482421875
2031,86,825.177734375,196.5751953125
2032,86,820.7734375,195.408203125
2033,86,813.3603515625,193.5107421875
2034,87,792.2587890625,188.443359375
2035,88,767.5625,186.767578125
2036,88,762.640625,196.919921875
2037,88,773.5107421875,197.162109375
2038,88,778.2158203125,199.494140625
2039,87,783.6708984375,201.3173828125
2040,88,765.505859375,186.986328125
2041,86,747.9951171875,209.2724609375
2042,87,765.9912109375,191.451171875
2043,87,767.2646484375,198.09375
2044,87,773.8798828125,199.345703125
2045,86,776.6318359375,200.4970703125
2046,86,774.751953125,194.6259765625
2047,86,773.482421875,193.8154296875
2048,86,776.048828125,194.818359375
2049,86,776.5458984375,195.13671875
2050,86,776.21875,195.080078125
2051,86,774.6748046875,194.7470703125
2052,86,773.47265625,194.49609375
2053,91,548.646484375,135.1474609375
2054,94,548.9130859375,174.541015625
2055,90,559.037109375,230.2939453125
2056,94,560.625,168.060546875
2057,90,560.2451171875,230.8203125
2058,93,567.265625,169.482421875
2059,91,568.04296875,208.7109375
2060,94,565.478515625,176.5068359375
2061,90,555.6416015625,228.056640625
2062,94,565.568359375,167.5556640625
2063,90,565.6123046875,230.32421875
2064,94,568.3125,168.7939453125
2065,89,563.98828125,231.591796875
2066,94,576.9306640625,157.6533203125
2067,89,577.3447265625,235.4501953125
2068,94,579.220703125,158.5322265625
2069,89,572.390625,234.421875
2070,94,578.2412109375,158.087890625
2071,89,578.69921875,235.732421875
2072,94,580.7314453125,158.5615234375
2073,89,576.8046875,235.7353515625
2074,94,583.0986328125,159.1044921875
2075,89,581.8369140625,236.64453125
2076,94,581.572265625,158.6650390625
2077,89,578.650390625,236.1728515625
2078,94,589.1640625,159.0712890625
2079,89,587.89453125,237.021484375
2080,94,593.9072265625,159.9111328125
2081,89,598.9501953125,241.830078125
2082,93,623.8818359375,162.0625
2083,90,625.865234375,218.8046875
2084,92,637.2392578125,179.0517578125
2085,91,644.328125,201.7861328125
2086,92,646.5869140625,189.259765625
2087,92,645.9072265625,199.33203125
2088,91,650.8466796875,202.150390625
2089,92,650.9384765625,191.958984375
2090,91,652.46484375,200.853515625
2091,92,651.009765625,188.7099609375
2092,91,654.3896484375,201.3994140625
2093,92,652.9990234375,191.158203125
2094,91,654.9580078125,200.458984375
2095,92,657.1357421875,188.8935546875
2096,91,660.4951171875,201.5107421875
2097,92,660.3193359375,191.666015625
2098,92,658.5126953125,199.298828125
2099,92,661.4716796875,199.083984375
2100,91,666.47265625,201.5322265625
2101,92,663.7275390625,190.7734375
2102,92,662.990234375,199.6552734375
2103,92,663.6767578125,198.1025390625
2104,91,673.75,201.6943359375
2105,92,672.5595703125,191.474609375
2106,91,668.2216796875,200.0029296875
2107,92,667.5390625,187.734375
2108,91,670.1474609375,200.4736328125
2109,92,669.787109375,190.419921875
2110,92,666.951171875,198.6962890625
2111,92,662.7900390625,197.2724609375
2112,91,672.388671875,200.1708984375
2113,92,665.3427734375,189.17578125
2114,92,664.45703125,198.22265625
2115,92,664.3203125,196.7958984375
2116,92,669.490234375,198.921875
2117,92,667.890625,199.685546875
2118,92,663.6435546875,196.7568359375
2119,92,663.123046875,195.8037109375
2120,92,671.537109375,198.6025390625
2121,92,670.013671875,199.3798828125
2122,92,673.56640625,199.703125
2123,92,672.814453125,199.55078125
2124,92,675.8115234375,199.984375
2125,90,617.7109375,211.29296875
2126,91,618.201171875,191.427734375
2127,90,629.419921875,201.638671875
2128,91,634.02734375,191.80859375
2129,90,646.0078125,204.078125
2130,91,640.486328125,190.8955078125
2131,91,632.62109375,197.6044921875
2132,91,636.0244140625,198.5166015625
2133,91,634.0166015625,198.501953125
2134,91,632.4033203125,196.4345703125
2135,91,628.6552734375,194.6767578125
2136,91,628.005859375,194.5166015625
2137,91,626.7041015625,194.9365234375
2138,91,631.2822265625,193.681640625
2139,91,630.826171875,193.6220703125
2140,91,632.59765625,194.71875
2141,91,631.4912109375,194.8544921875
2142,91,638.1875,195.8125
2143,91,641.9560546875,197.158203125
2144,91,643.591796875,198.0478515625
2145,91,639.8408203125,197.2412109375
2146,91,641.45703125,196.771484375
2147,91,641.6787109375,196.8203125
2148,91,646.3515625,197.912109375
2149,91,650.66015625,199.2353515625
2150,91,646.7353515625,197.681640625
2151,91,646.0849609375,196.9833984375
2152,91,648.2783203125,197.845703125
2153,91,654.9189453125,199.498046875
2154,91,649.572265625,197.931640625
2155,91,649.50390625,197.7333984375
2156,91,651.591796875,198.0673828125
2157,91,650.2333984375,197.626953125
2158,91,640.0498046875,194.517578125
2159,91,637.365234375,193.5390625
2160,91,633.90234375,193.62890625
2161,90,643.0654296875,204.34375
2162,90,655.9677734375,194.3720703125
2163,91,646.4912109375,191.2314453125
2164,91,642.2890625,198.5849609375
2165,91,636.861328125,197.2138671875
2166,91,630.3193359375,194.09765625
2167,91,625.30078125,193.236328125
2168,91,635.06640625,196.7822265625
2169,91,644.146484375,199.451171875
2170,91,641.365234375,198.287109375
2171,91,642.1435546875,198.7802734375
2172,90,647.9990234375,200.662109375
2173,91,652.408203125,191.80078125
2174,90,647.9716796875,200.3720703125
2175,91,640.1806640625,188.208984375
2176,90,647.1572265625,200.1982421875
2177,91,654.9931640625,192.0107421875
2178,91,646.4072265625,199.22265625
2179,91,639.8603515625,197.2626953125
2180,91,647.3154296875,199.7939453125
2181,90,658.3095703125,202.5166015625
2182,91,656.9130859375,191.68359375
2183,90,663.0341796875,202.84765625
2184,91,662.876953125,191.9765625
2185,86,794.3857421875,267.0
2186,84,795.0283203125,209.7685546875
2187,84,795.2294921875,193.376953125
2188,84,794.373046875,192.9287109375
2189,84,796.4736328125,192.779296875
2190,85,801.0546875,191.587890625
2191,85,798.5322265625,196.2646484375
2192,85,809.423828125,197.8974609375
2193,84,826.904296875,200.775390625
2194,84,824.669921875,193.7587890625
2195,85,817.9208984375,192.2109375
2196,84,831.9658203125,200.78125
2197,84,841.5078125,196.4443359375
2198,84,829.7607421875,194.021484375
2199,84,824.87890625,193.1669921875
2200,84,836.474609375,194.9091796875
2201,84,844.5185546875,196.0234375
2202,84,835.9443359375,194.4677734375
2203,84,830.2177734375,193.44140625
2204,84,837.3046875,194.5263671875
2205,84,844.5380859375,195.55859375
2206,84,834.6875,193.67578125
2207,84,834.263671875,193.580078125
2208,84,844.634765625,195.10546875
2209,84,850.662109375,195.9072265625
2210,84,842.53125,194.5205078125
2211,84,839.328125,193.8662109375
2212,84,844.9306640625,194.6787109375
2213,84,851.078125,195.650390625
2214,84,841.2314453125,194.2021484375
2215,84,839.6201171875,193.810546875
2216,84,842.861328125,194.3740234375
2217,84,848.1689453125,194.8671875
2218,84,846.7236328125,194.8076171875
2219,84,847.306640625,194.875
2220,84,850.11328125,195.474609375
2221,84,852.08984375,195.572265625
2222,84,851.5849609375,195.548828125
2223,89,37.5673828125,16.517578125
2224,94,37.505859375,18.0224609375
2225,99,49.279296875,27.2783203125
2226,100,98.2939453125,88.91015625
2227,100,117.0615234375,120.66015625
2228,100,135.1982421875,139.369140625
2229,100,159.7626953125,164.6796875
2230,100,181.337890625,186.3974609375
2231,97,212.6640625,218.666015625
2232,100,269.2861328125,169.46875
2233,95,303.4384765625,311.759765625
2234,99,341.431640625,166.828125
2235,94,379.154296875,336.345703125
2236,97,411.876953125,174.5
2237,92,450.07421875,272.775390625
2238,97,476.4873046875,160.3955078125
2239,92,489.30859375,294.5888671875
2240,96,501.5263671875,167.4765625
2241,91,502.48046875,266.09375
2242,96,502.2060546875,159.33984375
2243,91,508.458984375,267.5654296875
2244,96,501.396484375,158.8603515625
2245,91,509.60546875,267.9755859375
2246,96,511.853515625,160.90625
2247,91,512.4482421875,269.9892578125
2248,96,504.119140625,160.158203125
2249,91,515.3125,271.1630859375
2250,95,519.267578125,163.6669921875
2251,90,524.6572265625,244.9326171875
2252,95,523.38671875,157.3466796875
2253,90,529.498046875,246.640625
2254,95,528.44921875,157.9912109375
2255,90,528.5087890625,246.771484375
2256,95,521.4453125,156.923828125
2257,90,528.154296875,246.33984375
2258,95,527.67578125,157.900390625
2259,90,531.8701171875,248.099609375
2260,95,521.4248046875,157.984375
2261,90,531.255859375,247.908203125
2262,95,529.3974609375,158.763671875
2263,90,529.41015625,247.744140625
2264,95,513.9658203125,156.615234375
2265,90,529.5146484375,247.7353515625
2266,95,530.7685546875,159.0947265625
2267,90,533.7578125,248.4931640625
2268,95,530.6025390625,158.5927734375
2269,90,535.0234375,248.5107421875
2270,95,535.8857421875,158.671875
2271,90,533.07421875,246.7236328125
2272,95,524.48828125,155.5302734375
2273,90,523.6220703125,242.44140625
2274,95,518.5458984375,152.4755859375
2275,90,508.109375,236.126953125
2276,95,501.7705078125,148.759765625
2277,90,502.6572265625,233.8701171875
2278,95,502.8671875,147.97265625
2279,91,496.869140625,230.8876953125
2280,96,499.6630859375,154.9169921875
2281,91,499.5126953125,261.1640625
2282,96,511.29296875,160.4716796875
