4858,35,1248.4345703125,122.826171875
4859,40,1247.8740234375,136.9990234375
4860,45,1247.970703125,147.9921875
4861,50,1247.36328125,160.5908203125
4862,53,1246.73046875,171.3642578125
4863,55,1244.82421875,178.9228515625
4864,57,1243.6201171875,182.455078125
4865,58,1236.5107421875,188.673828125
4866,59,1238.78515625,192.171875
4867,59,1233.9599609375,193.140625
4868,59,1232.6806640625,192.97265625
4869,59,1234.4560546875,193.392578125
4870,59,1230.0224609375,192.3349609375
4871,60,1228.8291015625,191.9404296875
4872,60,1231.1142578125,194.576171875
4873,60,1230.322265625,194.1640625
4874,60,1230.63671875,194.28125
4875,60,1232.466796875,194.4111328125
4876,60,1230.6259765625,193.9775390625
4877,60,1229.521484375,193.6259765625
4878,60,1229.0625,193.5224609375
4879,60,1229.1376953125,193.6005859375
4880,60,1229.73046875,193.6806640625
4881,60,1229.943359375,193.0869140625
4882,60,1229.5517578125,192.943359375
4883,60,1227.2197265625,192.4072265625
4884,60,1228.1318359375,192.3828125
4885,60,1229.017578125,192.5595703125
4886,60,1229.4287109375,192.7431640625
4887,60,1229.4912109375,192.935546875
4888,60,1227.5830078125,192.904296875
4889,60,1228.1162109375,192.91015625
4890,60,1228.16796875,193.123046875
4891,60,1228.888671875,193.3525390625
4892,60,1230.712890625,193.71875
4893,60,1229.6318359375,193.708984375
4894,60,1231.4326171875,193.7470703125
4895,60,1231.287109375,194.025390625
4896,60,1223.806640625,194.3359375
4897,60,1232.6416015625,195.669921875
4898,60,1235.2412109375,196.060546875
4899,60,1235.14453125,195.9736328125
4900,60,1235.2412109375,195.9755859375
4901,60,1234.2724609375,195.8974609375
4902,60,1234.0263671875,195.794921875
4903,60,1234.7802734375,196.0947265625
4904,60,1234.85546875,196.052734375
4905,60,1234.130859375,195.744140625
4906,60,1235.1318359375,195.8330078125
4907,60,1236.4970703125,195.96875
4908,60,1237.041015625,196.1083984375
4909,60,1237.302734375,195.8798828125
4910,60,1234.2783203125,195.2958984375
4911,60,1234.3193359375,195.2021484375
4912,60,1236.4814453125,195.7763671875
4913,60,1238.380859375,195.537109375
4914,60,1239.466796875,195.509765625
4915,60,1237.34765625,194.8544921875
4916,60,1235.759765625,194.603515625
4917,60,1235.955078125,194.6650390625
4918,60,1236.7939453125,194.7080078125
4919,60,1235.9833984375,194.6455078125
4920,60,1233.5634765625,194.3828125
4921,60,1228.873046875,193.9736328125
4922,60,1230.2392578125,194.2412109375
4923,60,1232.2998046875,194.5205078125
4924,60,1232.2861328125,194.5771484375
4925,60,1230.7109375,194.3671875
4926,60,1230.998046875,194.666015625
4927,60,1221.6201171875,193.2080078125
4928,60,1212.544921875,192.7314453125
4929,60,1214.8994140625,194.451171875
4930,60,1215.0107421875,194.5556640625
4931,60,1214.34765625,194.2265625
4932,60,1215.0615234375,194.400390625
4933,60,1216.244140625,194.525390625
4934,60,1218.5517578125,194.8037109375
4935,60,1220.38671875,194.97265625
4936,60,1219.1669921875,194.513671875
4937,60,1221.1494140625,194.5927734375
4938,60,1219.7548828125,194.3056640625
4939,60,1219.7626953125,194.2578125
4940,60,1222.01171875,194.708984375
4941,60,1221.4541015625,194.416015625
4942,60,1220.837890625,194.3779296875
4943,60,1220.7939453125,194.427734375
4944,60,1220.607421875,194.5048828125
4945,60,1222.9287109375,194.5771484375
4946,60,1224.603515625,194.5654296875
4947,60,1223.2109375,194.244140625
4948,60,1222.1103515625,193.9794921875
4949,60,1222.712890625,194.2314453125
4950,60,1217.9365234375,193.3173828125
4951,60,1217.78515625,193.3603515625
4952,60,1219.2431640625,194.0673828125
4953,60,1218.23046875,194.0341796875
4954,60,1217.59375,193.818359375
4955,60,1216.994140625,193.8740234375
4956,60,1216.7109375,193.990234375
4957,60,1215.25,193.7685546875
4958,60,1212.5048828125,193.2412109375
4959,60,1204.1572265625,192.61328125
4960,60,1204.2080078125,192.7294921875
4961,60,1191.6201171875,198.97265625
4962,60,1194.341796875,198.74609375
4963,60,1189.8125,197.6376953125
4964,60,1188.232421875,197.294921875
4965,60,1189.0517578125,197.4189453125
4966,60,1190.5009765625,197.4853515625
4967,60,1187.40234375,196.94921875
4968,60,1188.8056640625,196.6904296875
4969,60,1190.9951171875,197.0498046875
4970,60,1191.9921875,196.7431640625
4971,60,1189.125,196.2685546875
4972,60,1189.587890625,196.361328125
4973,60,1190.9580078125,196.5625
4974,60,1191.1259765625,196.6435546875
4975,60,1191.080078125,196.369140625
4976,60,1190.7353515625,196.3291015625
4977,60,1184.5751953125,195.298828125
4978,60,1188.1494140625,194.85546875
4979,60,1190.9375,195.4169921875
4980,60,1190.302734375,194.916015625
4981,60,1190.296875,194.9755859375
4982,60,1190.095703125,194.9541015625
4983,60,1189.6484375,194.8466796875
4984,60,1189.775390625,194.921875
4985,60,1189.2509765625,194.767578125
4986,60,1188.884765625,194.5556640625
4987,60,1189.9345703125,194.6650390625
4988,60,1181.70703125,193.345703125
4989,60,1178.9755859375,193.0458984375
4990,60,1181.1455078125,194.3759765625
4991,60,1188.9306640625,195.40234375
4992,60,1190.9658203125,195.71875
4993,60,1190.1005859375,194.4697265625
4994,60,1198.52734375,194.8515625
4995,60,1208.857421875,196.521484375
4996,60,1211.4677734375,196.82421875
4997,60,1211.912109375,196.9541015625
4998,60,1212.4296875,197.115234375
4999,60,1210.095703125,196.2138671875
5000,60,1208.0166015625,196.0888671875
5001,60,1207.724609375,195.7294921875
5002,60,1210.2373046875,196.333984375
5003,60,1210.7451171875,196.1181640625
5004,60,1210.828125,195.814453125
5005,60,1210.78125,195.8525390625
5006,60,1211.1015625,196.2509765625
5007,60,1210.3046875,195.7431640625
5008,60,1208.0849609375,195.390625
5009,60,1205.2353515625,194.6474609375
5010,60,1206.3623046875,194.7353515625
5011,60,1208.2685546875,195.2724609375
5012,60,1208.8427734375,195.171875
5013,60,1206.994140625,194.701171875
5014,60,1206.341796875,194.603515625
5015,60,1207.041015625,194.81640625
5016,60,1209.025390625,195.1162109375
5017,60,1211.8232421875,195.3798828125
5018,60,1211.8330078125,195.4599609375
5019,60,1211.0146484375,195.1435546875
5020,60,1206.8544921875,194.2666015625
5021,60,1206.3251953125,194.2353515625
5022,60,1208.880859375,195.2939453125
5023,60,1211.0556640625,195.5107421875
5024,60,1211.1455078125,195.4716796875
5025,60,1211.0947265625,195.5556640625
5026,60,1215.837890625,195.96875
5027,60,1218.283203125,196.193359375
5028,60,1220.43359375,196.396484375
5029,60,1222.015625,196.4619140625
5030,60,1219.478515625,195.8134765625
5031,60,1220.6923828125,196.0029296875
5032,60,1222.744140625,196.5712890625
5033,60,1221.4775390625,196.22265625
5034,60,1222.751953125,196.2099609375
5035,60,1224.7578125,196.6171875
5036,60,1222.4814453125,196.19140625
5037,60,1222.69921875,196.1533203125
5038,60,1224.794921875,196.728515625
5039,60,1225.5947265625,196.712890625
5040,60,1225.33203125,196.4951171875
5041,60,1220.669921875,195.9482421875
5042,60,1222.943359375,195.8798828125
5043,60,1226.0732421875,196.7275390625
5044,60,1222.529296875,196.130859375
5045,60,1222.849609375,195.931640625
5046,60,1226.279296875,196.85546875
5047,60,1227.408203125,197.1162109375
5048,60,1228.34765625,197.294921875
5049,60,1228.6806640625,197.32421875
5050,60,1228.4501953125,197.22265625
5051,60,1227.6376953125,197.1982421875
5052,60,1227.1474609375,197.43359375
5053,60,1220.69140625,196.32421875
5054,60,1218.3232421875,196.4970703125
5055,60,1221.19921875,197.6416015625
5056,60,1222.1064453125,197.2646484375
5057,60,1224.0498046875,196.7099609375
5058,60,1230.3134765625,197.2060546875
5059,60,1238.9765625,198.52734375
5060,60,1241.826171875,198.8017578125
5061,60,1239.0009765625,198.185546875
5062,60,1238.98046875,198.013671875
5063,60,1241.7685546875,198.4033203125
5064,60,1239.919921875,198.0849609375
5065,60,1240.380859375,198.03125
5066,60,1242.537109375,198.517578125
5067,60,1238.052734375,197.7724609375
5068,60,1237.4140625,197.5029296875
5069,60,1240.2158203125,197.966796875
5070,60,1240.826171875,197.8759765625
5071,60,1237.8408203125,197.2392578125
5072,60,1238.0361328125,197.2607421875
5073,60,1240.591796875,197.818359375
5074,60,1239.9228515625,197.7822265625
5075,60,1238.51953125,197.654296875
5076,60,1238.2099609375,197.8232421875
5077,60,1234.7578125,196.9169921875
5078,60,1235.185546875,197.13671875
5079,60,1238.1650390625,197.7470703125
5080,60,1237.181640625,197.5009765625
5081,60,1234.7646484375,196.953125
5082,60,1229.3115234375,196.263671875
5083,60,1228.13671875,196.2392578125
5084,60,1230.67578125,197.3427734375
5085,60,1232.03515625,197.65234375
5086,60,1232.455078125,197.486328125
5087,60,1233.1064453125,197.892578125
5088,60,1232.0986328125,197.0712890625
5089,60,1236.50390625,197.8720703125
5090,60,1243.724609375,199.162109375
5091,60,1246.2333984375,199.4365234375
5092,60,1246.8818359375,199.2177734375
5093,60,1245.2294921875,198.98046875
5094,60,1245.2314453125,198.7568359375
5095,60,1246.822265625,199.22265625
5096,60,1245.4521484375,198.8916015625
5097,60,1245.25390625,198.716796875
5098,60,1246.5146484375,199.00390625
5099,60,1244.587890625,198.4443359375
5100,60,1244.314453125,198.236328125
5101,60,1245.828125,198.5791015625
5102,60,1243.041015625,198.2470703125
2161,65,643.0654296875,77.5576171875
2162,70,655.9677734375,84.8017578125
2163,75,646.4912109375,93.2470703125
2164,80,642.2890625,102.2470703125
2165,85,636.861328125,119.62890625
2166,90,630.3193359375,141.142578125
2167,92,625.30078125,183.833984375
2168,91,635.06640625,207.53125
2169,91,644.146484375,199.451171875
2170,91,641.365234375,198.287109375
2171,91,642.1435546875,198.7802734375
2172,90,647.9990234375,200.662109375
2173,91,652.408203125,191.80078125
2174,90,647.9716796875,200.3720703125
2175,91,640.1806640625,188.208984375
2176,90,647.1572265625,200.1982421875
2177,91,654.9931640625,192.0107421875
2178,91,646.4072265625,199.22265625
2179,91,639.8603515625,197.2626953125
2180,91,647.3154296875,199.7939453125
2181,90,658.3095703125,202.5166015625
2182,91,656.9130859375,191.68359375
2183,90,663.0341796875,202.84765625
2184,91,662.876953125,191.9765625
2185,86,794.3857421875,267.0
2186,84,795.0283203125,209.7685546875
2187,84,795.2294921875,193.376953125
2188,84,794.373046875,192.9287109375
2189,84,796.4736328125,192.779296875
2190,85,801.0546875,191.587890625
2191,85,798.5322265625,196.2646484375
2192,85,809.423828125,197.8974609375
2193,84,826.904296875,200.775390625
2194,84,824.669921875,193.7587890625
2195,85,817.9208984375,192.2109375
2196,84,831.9658203125,200.78125
2197,84,841.5078125,196.4443359375
2198,84,829.7607421875,194.021484375
2199,84,824.87890625,193.1669921875
2200,84,836.474609375,194.9091796875
2201,84,844.5185546875,196.0234375
2202,84,835.9443359375,194.4677734375
2203,84,830.2177734375,193.44140625
2204,84,837.3046875,194.5263671875
2205,84,844.5380859375,195.55859375
2206,84,834.6875,193.67578125
2207,84,834.263671875,193.580078125
2208,84,844.634765625,195.10546875
2209,84,850.662109375,195.9072265625
2210,84,842.53125,194.5205078125
2211,84,839.328125,193.8662109375
2212,84,844.9306640625,194.6787109375
2213,84,851.078125,195.650390625
2214,84,841.2314453125,194.2021484375
2215,84,839.6201171875,193.810546875
2216,84,842.861328125,194.3740234375
2217,84,848.1689453125,194.8671875
2218,84,846.7236328125,194.8076171875
2219,84,847.306640625,194.875
2220,84,850.11328125,195.474609375
2221,84,852.08984375,195.572265625
2222,84,851.5849609375,195.548828125
2223,89,37.5673828125,16.517578125
2224,94,37.505859375,18.0224609375
2225,99,49.279296875,27.2783203125
2226,100,98.2939453125,88.91015625
2227,100,117.0615234375,120.66015625
2228,100,135.1982421875,139.369140625
2229,100,159.7626953125,164.6796875
2230,100,181.337890625,186.3974609375
2231,97,212.6640625,218.666015625
2232,100,269.2861328125,169.46875
2233,95,303.4384765625,311.759765625
2234,99,341.431640625,166.828125
2235,94,379.154296875,336.345703125
2236,97,411.876953125,174.5
2237,92,450.07421875,272.775390625
2238,97,476.4873046875,160.3955078125
2239,92,489.30859375,294.5888671875
2240,96,501.5263671875,167.4765625
2241,91,502.48046875,266.09375
2242,96,502.2060546875,159.33984375
2243,91,508.458984375,267.5654296875
2244,96,501.396484375,158.8603515625
2245,91,509.60546875,267.9755859375
2246,96,511.853515625,160.90625
2247,91,512.4482421875,269.9892578125
2248,96,504.119140625,160.158203125
2249,91,515.3125,271.1630859375
2250,95,519.267578125,163.6669921875
2251,90,524.6572265625,244.9326171875
2252,95,523.38671875,157.3466796875
2253,90,529.498046875,246.640625
2254,95,528.44921875,157.9912109375
2255,90,528.5087890625,246.771484375
2256,95,521.4453125,156.923828125
2257,90,528.154296875,246.33984375
2258,95,527.67578125,157.900390625
2259,90,531.8701171875,248.099609375
2260,95,521.4248046875,157.984375
2261,90,531.255859375,247.908203125
2262,95,529.3974609375,158.763671875
2263,90,529.41015625,247.744140625
2264,95,513.9658203125,156.615234375
2265,90,529.5146484375,247.7353515625
2266,95,530.7685546875,159.0947265625
2267,90,533.7578125,248.4931640625
2268,95,530.6025390625,158.5927734375
2269,90,535.0234375,248.5107421875
2270,95,535.8857421875,158.671875
2271,90,533.07421875,246.7236328125
2272,95,524.48828125,155.5302734375
2273,90,523.6220703125,242.44140625
2274,95,518.5458984375,152.4755859375
2275,90,508.109375,236.126953125
2276,95,501.7705078125,148.759765625
2277,90,502.6572265625,233.8701171875
2278,95,502.8671875,147.97265625
2279,91,496.869140625,230.8876953125
2280,96,499.6630859375,154.9169921875
2281,91,499.5126953125,261.1640625
2282,96,511.29296875,160.4716796875
2283,91,506.5654296875,263.4990234375
2284,96,501.3427734375,156.5927734375
2285,91,502.703125,262.072265625
2286,96,497.7373046875,154.92578125
2287,91,495.2998046875,258.7236328125
2288,96,495.3330078125,154.07421875
2289,91,496.7451171875,259.4501953125
2290,96,500.83984375,154.4189453125
2291,91,488.921875,256.1552734375
2292,96,504.7724609375,155.1279296875
2293,91,509.7177734375,264.5341796875
2294,96,510.7373046875,157.6962890625
2295,91,501.2919921875,261.7197265625
2296,96,515.2841796875,157.8486328125
2297,91,516.3046875,266.26171875
2298,96,519.34765625,158.7451171875
2299,91,517.31640625,267.953125
2300,96,526.251953125,161.0087890625
2301,91,524.14453125,270.0126953125
2302,96,522.3515625,159.603515625
2303,91,515.8115234375,266.091796875
2304,96,507.68359375,154.9365234375
2305,91,489.943359375,254.2734375
2306,96,487.3896484375,149.7265625
2307,91,493.0732421875,256.0791015625
2308,96,501.0234375,153.8154296875
2309,91,511.396484375,265.0595703125
2310,96,519.5234375,159.8896484375
2311,91,531.4462890625,273.7392578125
2312,95,538.771484375,164.828125
2313,90,544.7099609375,248.6787109375
2314,95,534.009765625,157.0361328125
2315,90,545.783203125,249.18359375
2316,95,550.2119140625,160.40234375
2317,90,550.666015625,251.0693359375
2318,95,548.916015625,160.302734375
2319,90,554.5927734375,252.7998046875
2320,94,558.6435546875,162.158203125
2321,91,559.9521484375,222.99609375
2322,94,563.1015625,171.220703125
2323,89,539.73046875,236.0361328125
2324,93,539.73046875,164.5595703125
2325,90,541.208984375,215.484375
2326,92,540.2060546875,176.8935546875
2327,92,541.599609375,194.6083984375
2328,92,542.9345703125,194.908203125
2329,92,544.01953125,195.4033203125
2330,92,543.47265625,195.2275390625
2331,92,545.12109375,195.27734375
2332,92,546.35546875,195.671875
2333,92,547.3125,195.8564453125
2334,92,545.4853515625,195.421875
2335,92,547.892578125,196.1220703125
2336,92,547.34375,196.0419921875
2337,92,547.1279296875,195.84765625
2338,92,544.470703125,194.9814453125
2339,92,545.513671875,195.2880859375
2340,92,543.8291015625,194.8798828125
2341,92,543.2490234375,194.7568359375
2342,92,541.931640625,194.376953125
2343,92,542.078125,194.216796875
2344,92,540.8671875,193.8369140625
2345,92,541.625,194.1982421875
2346,92,540.2470703125,193.78125
2347,92,541.7294921875,194.1181640625
2348,92,542.9521484375,194.783203125
2349,92,544.48046875,195.033203125
2350,92,544.2548828125,195.0048828125
2351,92,545.7421875,195.3974609375
2352,92,546.6337890625,195.7431640625
2353,92,548.2900390625,196.49609375
2354,92,547.310546875,196.380859375
2355,92,550.4453125,197.1640625
2356,92,551.8330078125,197.4912109375
2357,92,551.9228515625,197.58203125
2358,92,551.8642578125,197.49609375
2359,92,553.603515625,198.1279296875
2360,92,549.71484375,196.3134765625
2361,93,537.8125,191.9521484375
2362,91,533.7587890625,209.7138671875
2363,93,539.4189453125,181.380859375
2364,91,548.224609375,213.1953125
2365,92,557.4892578125,186.2705078125
2366,92,565.83984375,197.6982421875
2367,92,563.7958984375,197.2431640625
2368,92,569.8017578125,198.556640625
2369,92,572.142578125,198.96875
2370,92,574.7646484375,199.2861328125
2371,91,579.3037109375,200.8037109375
2372,92,577.796875,191.3544921875
2373,91,579.3544921875,201.2705078125
2374,91,582.91015625,192.919921875
2375,91,587.6142578125,193.951171875
2376,91,589.373046875,194.7607421875
2377,91,588.673828125,194.5146484375
2378,91,588.91015625,194.39453125
2379,91,590.5869140625,195.0009765625
2380,91,591.427734375,195.9482421875
2381,91,583.580078125,194.279296875
2382,91,594.7412109375,197.1650390625
2383,91,594.857421875,197.26171875
2384,91,594.203125,196.7958984375
2385,91,584.8984375,194.6328125
2386,91,588.8505859375,195.50390625
2387,91,591.0966796875,195.9765625
2388,91,591.06640625,196.23828125
2389,91,586.4814453125,195.0546875
2390,91,592.78515625,196.619140625
2391,91,597.64453125,197.7294921875
2392,91,598.4482421875,197.2529296875
2393,91,589.4189453125,194.2333984375
2394,91,590.888671875,194.939453125
2395,91,600.4375,197.9697265625
2396,91,600.6884765625,198.4873046875
2397,91,601.30859375,198.9072265625
2398,91,593.0068359375,197.0419921875
2399,91,595.5595703125,196.3623046875
2400,91,587.158203125,194.83203125
2401,86,695.81640625,231.025390625
2402,89,695.900390625,176.0244140625
2403,88,695.26171875,200.0166015625
2404,88,695.9873046875,192.4072265625
2405,88,697.4228515625,192.861328125
2406,89,693.86328125,191.400390625
2407,89,688.8017578125,197.853515625
2408,89,686.5166015625,197.6142578125
2409,89,683.9814453125,197.5048828125
2410,89,689.70703125,198.435546875
2411,89,690.59375,198.787109375
2412,89,691.2841796875,198.9501953125
2413,89,689.8603515625,198.951171875
2414,89,690.8056640625,199.1845703125
2415,89,690.3564453125,198.6513671875
2416,89,692.3837890625,199.1435546875
2417,89,692.2529296875,198.990234375
2418,89,691.78515625,198.4619140625
2419,89,692.2939453125,198.5615234375
2420,89,693.9716796875,199.1279296875
2421,89,693.91015625,199.1943359375
2422,89,695.4453125,198.9990234375
2423,89,695.4580078125,199.1826171875
2424,89,695.96484375,199.3740234375
2425,89,696.705078125,199.8125
2426,89,697.51171875,199.822265625
2427,89,695.98828125,199.064453125
2428,89,696.751953125,199.16015625
2429,89,695.470703125,199.1220703125
2430,89,697.6728515625,199.546875
2431,89,696.923828125,199.1396484375
2432,89,696.51171875,198.962890625
2433,89,690.5849609375,197.66015625
2434,89,692.7333984375,197.83203125
2435,89,690.7880859375,197.3798828125
2436,89,691.177734375,197.779296875
2437,89,684.6884765625,196.462890625
2438,89,688.1630859375,196.9716796875
2439,89,687.4775390625,196.609375
2440,89,688.572265625,197.0498046875
2441,89,686.671875,197.244140625
2442,89,691.3486328125,198.2236328125
2443,89,692.560546875,198.7041015625
2444,89,693.982421875,199.3525390625
2445,89,691.130859375,198.744140625
2446,89,694.8466796875,199.576171875
2447,89,696.076171875,199.8759765625
2448,88,697.7197265625,200.4453125
2449,88,695.9619140625,192.671875
2450,88,698.8154296875,193.07421875
2451,88,700.8046875,193.6650390625
2452,88,701.2890625,193.8720703125
2453,88,700.5966796875,193.69921875
2454,88,701.56640625,193.8115234375
2455,88,701.966796875,193.939453125
2456,88,702.88671875,194.029296875
2457,88,702.5556640625,194.0322265625
2458,88,702.548828125,193.9375
2459,88,702.6591796875,193.6767578125
2460,88,702.4033203125,193.5908203125
2461,88,700.66015625,193.5283203125
2462,88,701.5185546875,193.2626953125
2463,88,700.4013671875,192.9765625
2464,88,699.6630859375,193.05859375
2465,88,698.4951171875,192.8916015625
2466,88,699.1962890625,193.001953125
2467,88,698.27734375,192.650390625
2468,88,698.5,193.00390625
2469,88,696.7177734375,192.8955078125
2470,88,697.93359375,193.0478515625
2471,88,697.2451171875,192.9423828125
2472,88,699.076171875,193.318359375
2473,88,696.9287109375,193.025390625
2474,88,698.708984375,193.248046875
2475,88,696.490234375,192.7294921875
2476,88,695.6591796875,192.55078125
2477,89,692.642578125,192.154296875
2478,89,695.126953125,199.9921875
2479,88,695.8330078125,200.052734375
2480,88,695.7021484375,192.44921875
2481,89,693.76953125,192.1435546875
2482,88,696.21484375,200.009765625
2483,88,696.939453125,192.4111328125
2484,88,697.3232421875,192.375
2485,93,478.197265625,135.701171875
2486,95,478.69140625,184.2353515625
2487,90,497.5654296875,234.09765625
2488,95,494.2041015625,149.91796875
2489,91,486.4501953125,230.0791015625
2490,96,494.099609375,157.994140625
2491,91,496.9248046875,263.326171875
2492,96,501.4345703125,160.044921875
2493,91,505.8896484375,266.6162109375
2494,96,509.533203125,160.5078125
2495,91,506.1669921875,264.7392578125
2496,96,502.853515625,155.890625
2497,91,486.564453125,253.8916015625
2498,96,476.4833984375,147.1875
2499,91,453.8994140625,239.130859375
2500,96,436.265625,137.2548828125
2501,91,434.939453125,232.419921875
2502,96,448.1875,141.4365234375
2503,91,458.4248046875,243.12890625
2504,96,472.21484375,148.3583984375
2505,91,481.94921875,253.4619140625
2506,96,480.060546875,150.7216796875
2507,91,477.7490234375,251.6787109375
2508,96,480.181640625,152.533203125
2509,91,483.9609375,256.580078125
2510,96,484.322265625,155.0576171875
2511,91,483.4111328125,256.580078125
2512,96,480.4814453125,154.3173828125
2513,91,473.6943359375,252.7080078125
2514,96,477.0341796875,153.572265625
2515,91,480.2109375,255.603515625
2516,96,492.564453125,157.8662109375
2517,91,497.208984375,262.7451171875
2518,96,488.2294921875,156.833984375
2519,91,490.326171875,260.5595703125
2520,96,500.146484375,160.7119140625
2521,91,565.740234375,295.0361328125
2522,93,580.3486328125,182.8935546875
2523,91,576.0634765625,210.3935546875
2524,93,578.9140625,181.86328125
2525,91,579.3935546875,211.3662109375
2526,93,580.177734375,183.025390625
2527,91,585.638671875,213.6201171875
2528,92,590.4501953125,184.9248046875
2529,92,597.5478515625,196.81640625
2530,91,608.0986328125,200.9228515625
2531,91,615.3994140625,193.0458984375
2532,92,603.716796875,189.5263671875
2533,92,597.4404296875,197.166015625
2534,92,590.95703125,194.900390625
2535,92,585.0986328125,193.150390625
2536,92,585.21484375,193.013671875
2537,93,584.818359375,191.552734375
2538,91,578.4169921875,209.8388671875
2539,93,583.1064453125,183.541015625
2540,91,570.732421875,209.6181640625
2541,92,588.1396484375,184.7880859375
2542,92,595.650390625,197.1171875
2543,92,599.2646484375,198.5234375
2544,92,595.498046875,197.8134765625
2545,92,603.431640625,199.5625
2546,92,602.9521484375,199.0283203125
2547,91,609.90625,202.1708984375
2548,92,602.728515625,190.634765625
2549,91,609.5478515625,201.5556640625
2550,92,605.677734375,190.421875
2551,91,609.19140625,201.6435546875
2552,92,596.96875,189.01171875
2553,91,608.3515625,200.87109375
2554,92,605.478515625,190.080078125
2555,91,606.537109375,200.6728515625
2556,92,591.6474609375,187.5107421875
2557,91,609.146484375,201.30859375
2558,91,612.6337890625,192.6025390625
2559,91,617.294921875,194.8115234375
2560,91,610.93359375,194.0849609375
2561,91,624.966796875,197.587890625
2562,91,626.892578125,198.525390625
2563,90,634.2685546875,201.232421875
2564,91,623.162109375,188.826171875
2565,90,635.62109375,201.44921875
2566,90,640.0498046875,192.9013671875
2567,90,643.0576171875,194.39453125
2568,90,634.07421875,192.4384765625
2569,90,639.607421875,193.4970703125
2570,90,640.5615234375,193.59375
2571,90,643.7109375,195.08203125
2572,90,640.6064453125,194.4462890625
2573,90,642.4326171875,194.6796875
2574,90,643.720703125,195.2109375
2575,90,643.48046875,195.2314453125
2576,90,638.234375,193.80078125
2577,90,638.82421875,193.5849609375
2578,90,643.1865234375,194.92578125
2579,90,644.361328125,195.525390625
2580,90,640.77734375,194.9658203125
2581,90,644.9326171875,195.908203125
2582,90,645.505859375,196.185546875
2583,90,646.52734375,196.560546875
2584,90,642.7802734375,196.041015625
2585,90,647.6328125,196.8251953125
2586,90,648.94140625,197.2978515625
2587,90,649.2578125,197.501953125
2588,90,648.5615234375,197.294921875
2589,90,648.2421875,197.19921875
2590,90,649.19140625,197.361328125
2591,90,649.923828125,197.630859375
2592,90,650.7568359375,197.7958984375
2593,90,649.6630859375,197.564453125
2594,90,649.1044921875,197.5517578125
2595,90,649.8125,197.705078125
2596,90,651.109375,197.880859375
2597,90,650.76171875,197.85546875
2598,90,651.251953125,198.0244140625
2599,90,651.3916015625,198.015625
2600,95,449.5361328125,142.509765625
2601,92,449.8486328125,217.1875
2602,96,474.2431640625,161.5595703125
2603,91,471.8212890625,249.9677734375
2604,96,465.109375,150.2548828125
2605,91,475.0712890625,251.4677734375
2606,96,467.7939453125,148.806640625
2607,91,469.3125,249.0234375
2608,96,455.986328125,147.1279296875
2609,91,473.3720703125,250.3681640625
2610,96,473.81640625,149.1025390625
2611,91,465.9443359375,246.564453125
2612,96,461.638671875,144.9462890625
2613,91,457.349609375,241.494140625
2614,96,456.4873046875,141.4736328125
2615,91,457.005859375,241.3515625
2616,96,463.6865234375,145.076171875
2617,91,446.6064453125,238.77734375
2618,96,466.65234375,145.740234375
2619,91,468.029296875,246.5927734375
2620,96,467.505859375,145.7802734375
2621,91,463.7783203125,245.1767578125
2622,96,469.4765625,145.873046875
2623,91,470.3046875,246.4150390625
2624,96,466.9423828125,143.94140625
2625,91,459.2783203125,242.6396484375
2626,96,462.4345703125,143.6943359375
2627,91,454.5810546875,239.4853515625
2628,96,426.9033203125,132.7939453125
2629,92,423.1650390625,225.9208984375
2630,97,431.1142578125,141.9013671875
2631,92,444.685546875,265.537109375
2632,97,428.9326171875,138.3486328125
2633,92,433.0068359375,260.4169921875
2634,97,448.7890625,146.3486328125
2635,92,467.234375,280.263671875
2636,97,480.75390625,158.314453125
2637,92,497.0537109375,295.7373046875
2638,96,510.2841796875,164.4970703125
2639,91,504.517578125,262.056640625
2640,96,507.447265625,155.890625
2641,91,467.92578125,247.3994140625
2642,96,452.8720703125,142.669921875
2643,91,445.1337890625,236.6328125
2644,96,417.5,128.904296875
2645,93,414.5234375,222.078125
2646,98,372.8583984375,139.703125
2647,93,350.587890625,250.5712890625
2648,98,374.4072265625,140.720703125
2649,93,446.1640625,312.05078125
2650,93,534.701171875,197.2373046875
2651,90,606.859375,217.78125
2652,93,584.8779296875,174.9638671875
2653,90,621.7080078125,222.908203125
2654,92,620.251953125,182.9970703125
2655,90,650.763671875,212.3896484375
2656,90,664.6650390625,195.7255859375
2657,89,673.5498046875,200.1376953125
2658,91,653.0107421875,181.875
2659,89,661.3974609375,208.021484375
2660,91,665.3916015625,184.03125
2661,89,664.6923828125,208.5185546875
2662,90,669.7958984375,185.4912109375
2663,89,672.138671875,200.3427734375
2664,90,666.7607421875,184.78515625
2665,93,537.0478515625,174.40234375
2666,91,537.326171875,211.3095703125
2667,93,540.4384765625,182.521484375
2668,91,537.1904296875,209.677734375
2669,93,534.9677734375,180.2236328125
2670,91,537.2734375,209.4697265625
2671,93,536.517578125,180.0947265625
2672,91,535.5302734375,208.7744140625
2673,93,530.4443359375,178.4287109375
2674,92,531.072265625,206.6943359375
2675,93,530.08203125,186.3505859375
2676,92,530.623046875,206.2919921875
2677,93,526.3681640625,185.4970703125
2678,92,530.388671875,206.1796875
2679,93,533.40234375,187.9248046875
2680,91,534.828125,208.1220703125
2681,93,534.50390625,179.375
2682,91,539.24609375,209.7236328125
2683,93,542.357421875,181.9892578125
2684,91,543.775390625,211.5986328125
2685,93,539.236328125,181.3271484375
2686,91,539.3876953125,210.001953125
2687,93,539.4130859375,180.7001953125
2688,91,541.30859375,210.6357421875
2689,93,539.421875,181.078125
2690,91,540.4296875,209.85546875
2691,93,537.6396484375,179.857421875
2692,91,538.15625,209.0556640625
2693,93,534.6484375,179.361328125
2694,91,536.4462890625,208.447265625
2695,93,533.3994140625,178.3310546875
2696,92,533.5263671875,207.01953125
2697,93,530.2587890625,186.638671875
2698,92,534.673828125,207.65625
2699,93,534.970703125,187.6259765625
2700,91,537.3798828125,208.029296875
2701,93,534.5390625,178.9775390625
2702,92,533.5869140625,206.7314453125
2703,93,534.330078125,187.8779296875
2704,92,534.564453125,207.35546875
2705,93,532.779296875,187.2509765625
2706,91,536.1923828125,207.9755859375
2707,93,538.154296875,179.3974609375
2708,92,535.7041015625,207.25
2709,93,533.12109375,187.2080078125
2710,91,537.3125,208.3134765625
2711,93,537.8671875,179.4658203125
2712,98,283.6572265625,112.7822265625
2713,97,283.6572265625,200.75
2714,99,295.59375,183.353515625
2715,94,296.8486328125,265.6962890625
2716,99,293.642578125,125.9287109375
2717,94,294.89453125,263.677734375
2718,99,294.55859375,125.890625
2719,94,297.359375,265.2470703125
2720,99,297.9248046875,127.2060546875
2721,94,297.9267578125,266.1884765625
2722,99,290.09375,125.2470703125
2723,94,297.6650390625,265.6982421875
2724,99,299.375,127.8935546875
2725,94,302.4912109375,270.0693359375
2726,99,301.1962890625,128.8896484375
2727,94,302.4423828125,269.9140625
2728,99,302.56640625,129.330078125
2729,94,302.966796875,270.3232421875
2730,99,303.427734375,129.5732421875
2731,94,303.99609375,270.955078125
2732,99,304.8720703125,129.908203125
2733,94,305.32421875,272.451171875
2734,99,306.2373046875,130.537109375
2735,94,307.986328125,274.7255859375
2736,99,307.7109375,130.623046875
2737,94,308.8232421875,275.22265625
2738,99,308.232421875,131.345703125
2739,94,311.4814453125,277.06640625
2740,99,311.6630859375,131.451171875
2741,94,311.30859375,277.3427734375
2742,99,306.3515625,131.0732421875
2743,94,312.6806640625,278.4833984375
2744,99,312.12109375,132.27734375
2745,94,314.2421875,280.1455078125
2746,99,307.3349609375,132.1474609375
2747,94,319.3740234375,284.646484375
2748,99,321.02734375,136.5224609375
2749,94,321.7451171875,286.91796875
2750,99,319.54296875,136.50390625
2751,94,322.09765625,286.990234375
2752,99,322.5615234375,136.982421875
2753,94,323.8232421875,288.630859375
2754,99,323.951171875,137.6650390625
2755,94,323.8330078125,288.3740234375
2756,99,324.2900390625,137.5146484375
2757,94,325.421875,289.71484375
2758,99,326.0087890625,138.3134765625
2759,94,324.2900390625,288.783203125
2760,99,326.4169921875,138.2705078125
2761,94,306.3740234375,274.5947265625
2762,99,309.3271484375,134.9658203125
2763,94,311.994140625,279.431640625
2764,99,312.0810546875,135.7666015625
2765,94,541.939453125,477.5400390625
2766,89,542.8046875,235.5146484375
2767,93,542.638671875,168.1552734375
2768,91,542.1953125,214.6533203125
2769,92,548.4794921875,188.4375
2770,92,551.6044921875,197.2744140625
2771,92,550.599609375,196.7431640625
2772,92,557.0322265625,198.7353515625
2773,91,566.7607421875,201.283203125
2774,92,561.9814453125,190.60546875
2775,92,557.7099609375,198.4208984375
2776,92,561.1123046875,199.591796875
2777,91,567.328125,201.1396484375
2778,92,561.5576171875,190.603515625
2779,92,561.02734375,198.2939453125
2780,92,564.841796875,199.8134765625
2781,91,568.26953125,200.935546875
2782,92,564.5361328125,190.4384765625
2783,92,562.76171875,198.4150390625
2784,92,567.23828125,199.814453125
2785,92,564.0,197.4736328125
2786,92,562.1103515625,196.3486328125
2787,92,561.6982421875,195.0361328125
2788,92,554.876953125,194.0849609375
2789,92,564.12109375,193.9873046875
2790,93,568.9609375,191.857421875
2791,91,565.9033203125,209.462890625
2792,94,542.70703125,174.4423828125
2793,90,559.0654296875,229.19140625
2794,94,570.9208984375,168.234375
2795,90,562.9169921875,226.451171875
2796,94,555.1220703125,161.8876953125
2797,90,565.0361328125,224.92578125
2798,95,561.2158203125,161.1240234375
2799,90,556.861328125,253.34765625
2800,95,557.4345703125,160.0224609375
2801,90,559.5615234375,253.59765625
2802,94,565.65625,161.5791015625
2803,91,568.0576171875,223.1884765625
2804,94,562.8115234375,169.9228515625
2805,90,573.9736328125,226.0634765625
2806,94,578.236328125,164.349609375
2807,90,577.580078125,226.498046875
2808,94,587.9765625,166.45703125
2809,89,592.498046875,231.5234375
2810,94,597.2001953125,154.7783203125
2811,89,606.5126953125,235.4208984375
2812,94,612.4970703125,157.1708984375
2813,89,612.1318359375,235.9814453125
2814,94,611.775390625,153.591796875
2815,90,601.904296875,230.1669921875
