1240,35,1344.2265625,157.796875
1241,38,1344.685546875,175.6318359375
1242,39,1344.9111328125,185.841796875
1243,40,1344.734375,188.6962890625
1244,41,1344.8818359375,190.447265625
1245,41,1344.6787109375,195.2373046875
1246,41,1344.705078125,195.1787109375
1247,41,1344.87890625,195.33984375
1248,41,1345.3203125,195.39453125
1249,41,1340.6748046875,194.5732421875
1250,41,1339.4912109375,194.42578125
1251,41,1341.7294921875,194.6650390625
1252,41,1340.7158203125,194.455078125
1253,41,1340.9560546875,194.38671875
1254,41,1341.1455078125,194.458984375
1255,41,1341.255859375,194.4462890625
1256,41,1340.7236328125,194.3466796875
1257,41,1340.3837890625,194.2861328125
1258,41,1339.88671875,194.275390625
1259,41,1339.9599609375,194.294921875
1260,41,1339.84765625,194.3818359375
1261,41,1340.0263671875,194.38671875
1262,41,1339.8857421875,194.3671875
1263,41,1339.689453125,194.4375
1264,41,1339.3359375,194.4658203125
1265,41,1337.6064453125,194.1015625
1266,41,1338.0146484375,194.1484375
1267,41,1337.330078125,194.0986328125
1268,41,1336.5908203125,194.0380859375
1269,41,1336.41796875,194.03515625
1270,41,1335.3974609375,193.8125
1271,41,1334.64453125,193.8115234375
1272,41,1335.0546875,193.9384765625
1273,41,1335.0869140625,193.92578125
1274,41,1334.705078125,193.8994140625
1275,41,1334.873046875,193.8486328125
1276,41,1334.0966796875,193.8603515625
1277,41,1333.650390625,193.8046875
1278,41,1332.951171875,193.7705078125
1279,41,1332.232421875,193.5498046875
1280,41,1332.400390625,193.6259765625
1281,41,1299.8916015625,195.7646484375
1282,41,1301.2548828125,195.6376953125
1283,41,1301.126953125,195.5908203125
1284,41,1300.6826171875,195.4140625
1285,41,1300.29296875,195.232421875
1286,41,1300.1953125,195.2412109375
1287,41,1300.0732421875,195.0908203125
1288,41,1300.0185546875,195.0
1289,41,1300.369140625,195.1328125
1290,41,1301.021484375,195.162109375
1291,41,1300.892578125,195.2001953125
1292,41,1301.0595703125,195.2197265625
1293,41,1300.6572265625,195.3037109375
1294,41,1301.2724609375,195.474609375
1295,41,1301.712890625,195.55859375
1296,41,1301.8193359375,195.6416015625
1297,41,1300.302734375,194.990234375
1298,41,1301.630859375,194.9306640625
1299,41,1304.05078125,195.009765625
1300,41,1302.0986328125,194.740234375
1301,41,1302.3466796875,194.6943359375
1302,41,1303.7802734375,194.9443359375
1303,41,1304.4638671875,195.0009765625
1304,41,1304.529296875,194.84375
1305,41,1304.505859375,194.86328125
1306,41,1305.4560546875,194.9560546875
1307,41,1306.0419921875,195.1513671875
1308,41,1306.4677734375,195.142578125
1309,41,1306.50390625,195.1669921875
1310,41,1306.869140625,195.298828125
1311,41,1309.8232421875,195.673828125
1312,41,1310.4814453125,195.728515625
1313,41,1307.08984375,195.0888671875
1314,41,1308.7822265625,195.07421875
1315,41,1311.482421875,195.509765625
1316,41,1309.12890625,195.1044921875
1317,41,1309.2509765625,195.0869140625
1318,41,1310.9287109375,195.255859375
1319,41,1311.5859375,195.2998046875
1320,41,1311.8154296875,195.2236328125
1321,41,1311.8681640625,195.291015625
1322,41,1312.30859375,195.3544921875
1323,41,1312.578125,195.390625
1324,41,1312.2900390625,195.3359375
1325,41,1312.40625,195.283203125
1326,41,1312.8525390625,195.4404296875
1327,41,1311.5029296875,195.4482421875
1328,41,1310.9951171875,195.4130859375
1329,41,1306.1884765625,194.4111328125
1330,41,1306.466796875,194.1513671875
1331,41,1309.697265625,194.884765625
1332,41,1307.2294921875,194.2783203125
1333,41,1307.798828125,194.0517578125
1334,41,1309.6669921875,194.5283203125
1335,41,1309.73046875,194.5107421875
1336,41,1309.7890625,194.6123046875
1337,41,1309.8056640625,194.6611328125
1338,41,1310.0986328125,194.720703125
1339,41,1309.7724609375,194.7353515625
1340,41,1310.5595703125,194.8193359375
1341,41,1310.806640625,194.833984375
1342,41,1311.0986328125,194.962890625
1343,41,1311.2861328125,195.060546875
1344,41,1311.6513671875,195.1083984375
1345,41,1313.1181640625,194.8095703125
1346,41,1313.751953125,194.767578125
1347,41,1313.931640625,194.7470703125
1348,41,1313.7607421875,194.72265625
1349,41,1313.36328125,194.6591796875
1350,41,1313.3359375,194.568359375
1351,41,1312.689453125,194.421875
1352,41,1311.96484375,194.28125
1353,41,1311.498046875,194.17578125
1354,41,1311.3046875,194.091796875
1355,41,1310.87890625,193.9384765625
1356,41,1310.57421875,193.953125
1357,41,1310.1923828125,193.6787109375
1358,41,1310.369140625,193.7578125
1359,41,1310.36328125,193.841796875
1360,41,1311.1640625,193.94140625
1361,41,1311.83984375,193.9267578125
1362,41,1312.634765625,194.0419921875
1363,41,1313.16796875,194.1220703125
1364,41,1313.126953125,194.025390625
1365,41,1312.7529296875,193.99609375
1366,41,1311.853515625,193.826171875
1367,41,1311.93359375,193.880859375
1368,41,1311.5546875,193.900390625
1369,41,1311.306640625,193.7275390625
1370,41,1310.6044921875,193.5810546875
1371,41,1310.0419921875,193.3203125
1372,41,1310.220703125,193.4365234375
1373,41,1309.1708984375,193.40625
1374,41,1309.201171875,193.5185546875
1375,41,1308.8349609375,193.4111328125
1376,41,1308.20703125,193.1669921875
1377,42,1301.23828125,191.9775390625
1378,42,1301.8408203125,193.8564453125
1379,42,1304.962890625,194.3798828125
1380,42,1298.306640625,193.52734375
1381,42,1296.814453125,193.205078125
1382,42,1296.58984375,193.10546875
1383,42,1296.5087890625,192.9755859375
1384,42,1294.9912109375,192.7919921875
1385,43,1292.1787109375,192.18359375
1386,43,1290.5546875,194.390625
1387,43,1290.623046875,194.5107421875
1388,43,1288.3876953125,194.4208984375
1389,43,1284.26953125,193.5859375
1390,43,1284.599609375,193.4814453125
1391,43,1288.7978515625,194.2822265625
1392,43,1289.484375,194.4580078125
1393,43,1285.8994140625,193.869140625
1394,43,1285.013671875,193.7431640625
1395,43,1285.24609375,193.6845703125
1396,43,1286.189453125,193.83203125
1397,43,1286.0634765625,193.865234375
1398,43,1285.71875,193.69140625
1399,43,1286.4814453125,193.9560546875
1400,43,1286.20703125,193.8876953125
1401,43,1285.71875,193.8896484375
1402,43,1286.80859375,193.9267578125
1403,43,1287.5078125,194.216796875
1404,43,1287.8896484375,194.3955078125
1405,43,1287.8798828125,194.3037109375
1406,43,1288.41015625,194.595703125
1407,43,1284.0205078125,193.6298828125
1408,43,1285.90625,193.8955078125
1409,43,1292.5849609375,195.2216796875
1410,43,1288.970703125,194.5166015625
1411,43,1288.822265625,194.408203125
1412,43,1290.9296875,194.8134765625
1413,43,1290.0849609375,194.666015625
1414,43,1289.3115234375,194.4248046875
1415,43,1289.0185546875,194.5498046875
1416,43,1283.9140625,193.3330078125
1417,43,1284.544921875,193.6435546875
1418,43,1288.3583984375,194.2421875
1419,43,1287.9931640625,194.1923828125
1420,43,1287.0615234375,194.109375
1421,43,1287.6337890625,194.2705078125
1422,43,1288.1796875,194.35546875
1423,43,1288.2607421875,194.3681640625
1424,43,1288.8203125,194.6533203125
1425,43,1285.7490234375,194.294921875
1426,43,1285.7919921875,194.3271484375
1427,43,1284.9853515625,194.02734375
1428,43,1283.7451171875,193.80859375
1429,43,1283.154296875,193.7568359375
1430,43,1281.3818359375,193.4208984375
1431,43,1279.7265625,193.2197265625
1432,43,1277.90625,193.0361328125
1433,43,1277.94921875,193.1572265625
1434,43,1277.9248046875,193.146484375
1435,43,1277.3955078125,193.052734375
1436,43,1275.1171875,192.525390625
1437,43,1273.818359375,192.3828125
1438,43,1273.1484375,192.328125
1439,43,1272.9345703125,192.294921875
1440,44,1272.4150390625,192.1552734375
1441,43,1260.0888671875,200.7861328125
1442,43,1260.5419921875,196.099609375
1443,43,1259.8447265625,195.9052734375
1444,43,1259.3232421875,195.6259765625
1445,43,1258.650390625,195.4599609375
1446,43,1257.71875,195.1953125
1447,43,1255.2001953125,194.7216796875
1448,43,1254.8271484375,194.693359375
1449,43,1254.56640625,194.583984375
1450,43,1255.021484375,194.630859375
1451,43,1255.6640625,194.5927734375
1452,43,1255.123046875,194.474609375
1453,43,1254.7939453125,194.1826171875
1454,43,1255.32421875,194.2177734375
1455,43,1256.12109375,194.3291015625
1456,43,1257.228515625,194.482421875
1457,43,1261.859375,194.78515625
1458,43,1266.1240234375,194.78515625
1459,43,1264.8388671875,194.77734375
1460,43,1266.1552734375,194.390625
1461,43,1265.7666015625,194.18359375
1462,43,1265.376953125,194.2294921875
1463,43,1265.390625,194.119140625
1464,43,1265.25,194.1123046875
1465,43,1266.07421875,194.3125
1466,43,1266.4140625,194.328125
1467,43,1267.494140625,194.3740234375
1468,43,1267.4951171875,194.61328125
1469,43,1267.166015625,194.59375
1470,43,1270.251953125,194.685546875
1471,43,1275.986328125,195.626953125
1472,43,1276.4326171875,195.7373046875
1473,43,1280.7060546875,195.8779296875
1474,43,1282.6298828125,195.966796875
1475,43,1282.7490234375,196.044921875
1476,43,1283.8388671875,195.9443359375
1477,43,1283.6044921875,195.7001953125
1478,43,1284.1328125,195.6171875
1479,43,1284.7109375,195.7509765625
1480,43,1282.9873046875,195.71875
1481,43,1283.642578125,195.83984375
1482,43,1285.818359375,195.859375
1483,43,1284.59765625,195.8916015625
1484,43,1286.9375,196.00390625
1485,43,1285.3056640625,195.916015625
1486,43,1285.4228515625,195.837890625
1487,43,1286.0234375,196.00390625
1488,43,1286.4091796875,196.0673828125
1489,43,1288.20703125,195.8349609375
1490,43,1291.75,195.7685546875
1491,43,1291.8623046875,195.71484375
1492,43,1291.1728515625,195.5419921875
1493,43,1291.03125,195.4462890625
1494,43,1290.830078125,195.4541015625
1495,43,1290.57421875,195.3623046875
1496,43,1290.7158203125,195.3759765625
1497,43,1290.9853515625,195.3740234375
1498,43,1291.2666015625,195.619140625
1499,43,1291.7392578125,195.607421875
1500,43,1291.9736328125,195.7041015625
1501,43,1292.048828125,195.6806640625
1502,43,1291.765625,195.671875
1503,43,1291.130859375,195.513671875
1504,43,1289.6669921875,195.583984375
1505,43,1290.88671875,195.357421875
1506,43,1291.6435546875,195.4296875
1507,43,1289.4677734375,195.125
1508,43,1289.8662109375,194.884765625
1509,43,1288.919921875,194.6875
1510,43,1288.2451171875,194.41015625
1511,43,1287.912109375,194.2265625
1512,43,1287.677734375,194.26171875
1513,43,1286.1474609375,193.990234375
1514,43,1282.560546875,193.298828125
1515,43,1280.9990234375,193.0927734375
1516,43,1280.6357421875,193.037109375
1517,43,1279.951171875,193.0126953125
1518,43,1279.8720703125,192.96484375
1519,43,1278.4443359375,192.673828125
1520,43,1278.4296875,192.712890625
1521,44,1273.921875,191.791015625
1522,44,1273.8603515625,195.6083984375
1523,44,1271.3955078125,195.12109375
1524,44,1271.484375,194.9970703125
1525,44,1273.96484375,195.4091796875
1526,44,1274.287109375,195.46484375
1527,44,1274.8232421875,195.595703125
1528,44,1275.62109375,195.76953125
1529,44,1275.9287109375,195.93359375
1530,44,1276.267578125,195.94921875
1531,44,1276.3720703125,195.986328125
1532,44,1277.818359375,196.197265625
1533,44,1277.6220703125,196.228515625
1534,44,1277.30078125,196.154296875
1535,44,1278.25,196.2373046875
1536,44,1278.474609375,196.255859375
1537,44,1272.2080078125,195.5576171875
1538,44,1273.845703125,195.619140625
1539,44,1274.5615234375,195.6943359375
1540,44,1274.439453125,195.5068359375
1541,44,1273.8701171875,195.3837890625
1542,44,1273.6982421875,195.203125
1543,44,1273.103515625,195.048828125
1544,44,1272.6845703125,194.8330078125
1545,44,1272.775390625,194.818359375
1546,44,1269.3818359375,194.1669921875
1547,44,1270.00390625,194.33984375
1548,44,1273.18359375,194.9453125
1549,44,1273.4052734375,194.9619140625
1550,44,1272.5771484375,194.84375
1551,44,1272.5966796875,194.7822265625
1552,44,1272.50390625,194.7373046875
1553,44,1272.0947265625,194.46875
1554,44,1272.7236328125,194.4892578125
1555,44,1272.720703125,194.32421875
1556,44,1270.5966796875,193.9453125
1557,44,1269.189453125,193.7666015625
1558,44,1268.1279296875,193.6015625
1256,49,804.8583984375,85.767578125
1257,54,816.5400390625,95.4755859375
1258,59,824.8515625,102.70703125
1259,64,834.224609375,111.7998046875
1260,69,845.3984375,122.9033203125
1261,74,843.5908203125,134.666015625
1262,79,846.505859375,152.39453125
1263,82,850.20703125,171.0751953125
1264,83,850.376953125,189.111328125
1265,83,848.37109375,196.677734375
1266,83,833.6474609375,196.087890625
1267,83,823.111328125,194.423828125
1268,83,822.0654296875,192.6240234375
1269,84,812.099609375,190.69921875
1270,84,808.318359375,194.0517578125
1271,84,804.59375,194.3935546875
1272,84,808.31640625,194.173828125
1273,84,810.9501953125,195.4765625
1274,84,818.9345703125,198.5537109375
1275,83,824.9931640625,201.5517578125
1276,83,830.5185546875,196.720703125
1277,83,837.04296875,198.2236328125
1278,83,839.5927734375,198.404296875
1279,83,837.4365234375,198.3310546875
1280,83,846.150390625,199.708984375
1281,82,851.2353515625,200.537109375
1282,82,858.572265625,192.7587890625
1283,82,863.16796875,192.6103515625
1284,83,846.8994140625,191.1220703125
1285,82,860.3466796875,201.5009765625
1286,82,855.5400390625,193.0673828125
1287,82,875.6162109375,195.7646484375
1288,81,893.873046875,202.07421875
1289,81,874.4873046875,195.56640625
1290,80,909.84375,201.4384765625
1291,79,932.1953125,201.2197265625
1292,78,946.6943359375,200.0517578125
1293,78,923.9775390625,195.59765625
1294,78,954.4609375,198.7265625
1295,78,950.865234375,197.1884765625
1296,78,956.57421875,198.91796875
1297,78,937.138671875,197.509765625
1298,78,937.21875,197.49609375
1299,77,958.380859375,200.2041015625
1300,78,944.5703125,189.9970703125
1301,78,949.51953125,197.79296875
1302,78,945.8486328125,196.2255859375
1303,78,947.0751953125,198.298828125
1304,78,956.5751953125,199.935546875
1305,77,953.4697265625,200.1689453125
1306,77,947.6015625,194.392578125
1307,77,953.2177734375,195.3740234375
1308,77,957.1123046875,195.4658203125
1309,77,960.6962890625,195.8798828125
1310,77,955.2587890625,195.462890625
1311,77,963.7998046875,196.3916015625
1312,77,963.0361328125,195.28515625
1313,77,950.966796875,196.8212890625
1314,77,964.671875,196.9169921875
1315,77,961.2138671875,198.400390625
1316,77,978.595703125,199.9921875
1317,76,989.9345703125,203.1826171875
1318,76,1001.7412109375,199.2265625
1319,76,962.5283203125,195.3984375
1320,76,991.0361328125,198.423828125
1321,73,1065.3095703125,220.2216796875
1322,72,1099.3974609375,200.8828125
1323,72,1109.2294921875,198.9677734375
1324,72,1086.35546875,195.322265625
1325,72,1099.1796875,198.7919921875
1326,72,1077.5625,195.6884765625
1327,72,1090.029296875,199.009765625
1328,72,1086.59375,197.9853515625
1329,72,1090.25390625,198.05859375
1330,71,1099.1982421875,200.5693359375
1331,71,1088.0966796875,197.9619140625
1332,71,1076.60546875,194.9091796875
1333,71,1093.1962890625,198.677734375
1334,71,1092.859375,198.595703125
1335,71,1078.9296875,195.9970703125
1336,71,1087.5498046875,198.0439453125
1337,71,1084.9296875,198.701171875
1338,71,1069.671875,194.7939453125
1339,71,1084.0498046875,198.2529296875
1340,71,1066.185546875,194.2509765625
1341,71,1081.4384765625,197.935546875
1342,71,1068.6318359375,194.6416015625
1343,71,1081.9501953125,197.953125
1344,71,1071.0458984375,195.0771484375
1345,71,1085.77734375,198.44140625
1346,71,1065.4765625,194.7080078125
1347,71,1083.455078125,198.99609375
1348,71,1061.5400390625,194.2236328125
1349,71,1078.302734375,198.0400390625
1350,71,1060.2529296875,193.6162109375
1351,71,1075.1279296875,197.1494140625
1352,71,1060.83203125,194.16796875
1353,71,1077.07421875,197.626953125
1354,71,1061.541015625,194.107421875
1355,71,1076.767578125,197.8720703125
1356,71,1061.4052734375,194.0888671875
1357,71,1076.9052734375,198.0419921875
1358,71,1058.67578125,194.4716796875
1359,71,1070.25,197.8818359375
1360,71,1072.533203125,196.83984375
1361,71,1082.19921875,197.9462890625
1362,70,1096.39453125,201.205078125
1363,70,1081.9267578125,196.3583984375
1364,70,1092.70703125,196.1533203125
1365,70,1090.2216796875,195.607421875
1366,70,1102.5966796875,197.4990234375
1367,70,1094.2744140625,196.94140625
1368,70,1074.6025390625,192.646484375
1369,70,1094.8701171875,196.7373046875
1370,70,1093.5693359375,196.638671875
1371,70,1075.8955078125,193.458984375
1372,70,1081.9970703125,194.1171875
1373,70,1079.9541015625,194.7841796875
1374,70,1077.666015625,192.951171875
1375,71,1075.70703125,191.779296875
1376,71,1089.818359375,198.1201171875
1377,71,1078.068359375,197.91015625
1378,71,1082.228515625,196.458984375
1379,71,1076.642578125,195.2900390625
1380,71,1089.5595703125,198.203125
1381,71,1078.9931640625,197.7685546875
1382,71,1078.310546875,196.3056640625
1383,71,1073.732421875,194.966796875
1384,71,1089.3740234375,197.95703125
1385,71,1088.2236328125,198.6591796875
1386,71,1081.9775390625,197.078125
1387,71,1075.3203125,195.64453125
1388,71,1089.880859375,198.9365234375
1389,71,1087.94140625,199.7763671875
1390,71,1065.3671875,195.1201171875
1391,71,1084.091796875,198.8173828125
1392,71,1063.796875,195.4892578125
1393,71,1072.806640625,197.419921875
1394,71,1076.37109375,198.5478515625
1395,71,1069.1708984375,196.8408203125
1396,71,1060.9912109375,195.337890625
1397,71,1074.7080078125,198.8115234375
1398,71,1071.435546875,198.7119140625
1399,71,1054.8134765625,194.95703125
1400,71,1077.4443359375,199.7099609375
1401,71,1053.44921875,195.60546875
1402,71,1071.39453125,199.7919921875
1403,71,1054.2119140625,196.6396484375
1404,71,1070.5,199.7470703125
1405,71,1070.392578125,199.5859375
1406,71,1059.0751953125,197.123046875
1407,70,1075.51171875,200.189453125
1408,70,1056.86328125,192.9228515625
1409,70,1078.75390625,196.6015625
1410,70,1076.2255859375,195.064453125
1411,70,1085.359375,195.8662109375
1412,70,1098.8359375,198.845703125
1413,70,1101.9892578125,199.283203125
1414,70,1094.248046875,197.345703125
1415,70,1084.6845703125,195.2265625
1416,70,1098.3125,198.767578125
1417,70,1103.7783203125,199.5751953125
1418,70,1092.10546875,196.9404296875
1419,70,1085.3984375,194.587890625
1420,70,1100.1083984375,198.12109375
1421,70,1103.3916015625,198.4541015625
1422,70,1094.2861328125,196.4443359375
1423,70,1086.115234375,193.7080078125
1424,70,1101.49609375,197.5556640625
1425,70,1105.8857421875,198.5830078125
1426,70,1092.3896484375,195.3486328125
1427,70,1088.6201171875,195.0703125
1428,70,1101.0703125,198.1240234375
1429,70,1109.2763671875,199.4345703125
1430,70,1098.4921875,197.435546875
1431,70,1098.125,196.7900390625
1432,70,1109.0078125,198.685546875
1433,69,1117.1943359375,200.021484375
1434,69,1103.6796875,193.044921875
1435,70,1097.5556640625,191.1025390625
1436,70,1113.330078125,199.583984375
1437,69,1122.818359375,200.5419921875
1438,69,1100.33984375,193.32421875
1439,69,1096.736328125,192.9970703125
1440,69,1117.2939453125,195.390625
1441,68,1069.7314453125,203.955078125
1442,68,1096.939453125,192.443359375
1443,68,1136.435546875,197.51953125
1444,68,1114.244140625,194.1943359375
1445,69,1110.8046875,191.8837890625
1446,69,1124.5751953125,198.115234375
1447,69,1135.8232421875,199.4521484375
1448,69,1117.5615234375,197.33203125
1449,69,1104.19921875,194.48046875
1450,69,1115.7177734375,197.0185546875
1451,69,1122.31640625,198.2744140625
1452,69,1111.4716796875,196.41015625
1453,69,1096.5107421875,193.2041015625
1454,69,1094.1982421875,194.3486328125
1455,69,1106.068359375,196.16796875
1456,70,1070.5615234375,189.0517578125
1457,69,1104.357421875,200.310546875
1458,70,1083.185546875,191.2685546875
1459,70,1080.0888671875,195.314453125
1460,70,1093.71484375,199.1767578125
1461,70,1065.8193359375,192.4326171875
1462,70,1090.80078125,197.974609375
1463,71,1064.24609375,191.5146484375
1464,70,1085.921875,200.4873046875
1465,71,1061.658203125,190.275390625
1466,71,1080.982421875,199.4677734375
1467,71,1059.8369140625,194.142578125
1468,71,1073.19140625,198.9228515625
1469,71,1055.439453125,192.8447265625
1470,71,1070.58203125,198.09765625
1471,71,1050.3701171875,192.5546875
1472,71,1068.712890625,197.8310546875
1473,72,1048.6376953125,192.2421875
1474,72,1054.228515625,198.73046875
1475,72,1045.5244140625,193.1875
1476,72,1055.92578125,196.73828125
1477,72,1055.53125,196.66015625
1478,72,1053.3251953125,195.1259765625
1479,73,1032.9873046875,188.6708984375
1480,73,1034.552734375,196.0615234375
1481,74,1025.5205078125,191.2373046875
1482,73,1023.7568359375,200.533203125
1483,74,1018.818359375,189.7109375
1484,74,1022.291015625,197.076171875
1485,74,1006.806640625,197.5009765625
1486,74,1007.6787109375,192.990234375
1487,74,1011.8642578125,195.3447265625
1488,75,998.9150390625,189.7255859375
1489,76,1003.30078125,191.0068359375
1490,76,988.3857421875,194.6806640625
1491,77,989.6171875,191.119140625
1492,77,996.4638671875,199.1806640625
1493,77,984.7578125,198.9375
1494,77,987.5478515625,197.107421875
1495,77,976.8896484375,195.154296875
1496,77,976.5146484375,197.0869140625
1497,77,959.986328125,197.05859375
1498,77,961.0830078125,193.646484375
1499,77,972.9443359375,197.7724609375
1500,77,953.603515625,192.4697265625
1501,77,954.6513671875,195.134765625
1502,78,944.296875,189.6826171875
1503,78,949.099609375,198.5693359375
1504,78,950.09765625,198.044921875
1505,78,936.6220703125,196.5234375
1506,78,932.947265625,193.947265625
1507,79,919.748046875,191.5341796875
1508,80,906.8525390625,191.412109375
1509,80,893.369140625,195.9169921875
1510,80,892.3935546875,195.197265625
1511,80,892.130859375,195.373046875
1512,80,884.740234375,194.705078125
1513,80,885.5888671875,194.896484375
1514,80,872.7099609375,192.7265625
1515,81,864.541015625,191.5458984375
1516,81,864.306640625,198.154296875
1517,81,857.138671875,197.2626953125
1518,81,862.099609375,197.04296875
1519,81,842.5107421875,193.333984375
1520,82,831.9921875,190.0615234375
1521,83,811.7001953125,188.400390625
1522,83,799.57421875,194.6484375
1523,84,774.103515625,187.2490234375
1524,85,776.7421875,192.03515625
1525,85,781.333984375,198.083984375
1526,85,789.5390625,199.8525390625
1527,84,795.240234375,201.3349609375
1528,84,798.759765625,195.5966796875
1529,85,784.9619140625,191.7763671875
1530,86,756.3603515625,189.41015625
1531,86,736.9091796875,192.2978515625
1532,89,599.130859375,176.296875
1533,86,681.6875,217.5126953125
1534,88,645.802734375,182.361328125
1535,89,621.474609375,190.3310546875
1536,90,608.935546875,190.5068359375
1537,89,608.1943359375,203.1259765625
1538,90,593.779296875,186.10546875
1539,88,609.8525390625,208.6943359375
1540,88,628.6806640625,194.19140625
1541,89,623.94140625,189.09375
1542,89,625.900390625,195.8603515625
1543,89,632.6181640625,197.841796875
1544,89,636.14453125,199.6611328125
1545,88,648.5859375,202.6455078125
1546,87,669.3359375,200.91796875
1547,87,684.751953125,193.6796875
1548,87,701.0205078125,197.4541015625
1549,86,712.90625,201.4228515625
1550,85,733.1513671875,202.5556640625
1551,85,732.87109375,193.7861328125
1552,85,739.6494140625,194.3984375
1553,85,740.9970703125,194.28515625
1554,85,742.0888671875,194.630859375
1555,85,745.109375,196.9521484375
1556,85,753.568359375,199.7099609375
1557,84,759.689453125,203.1533203125
1558,84,757.96484375,198.826171875
1559,84,757.78515625,198.619140625
1560,84,746.9775390625,195.3427734375
1561,82,783.2021484375,208.3203125
1562,84,772.3984375,183.4384765625
1563,84,772.6796875,195.111328125
1564,85,759.8798828125,187.7236328125
1565,85,731.583984375,192.294921875
1566,86,743.189453125,190.3564453125
1567,86,728.0908203125,199.4580078125
1568,85,745.384765625,201.626953125
1569,86,723.1748046875,190.7919921875
1570,86,737.3125,198.40234375
1571,86,734.9052734375,199.357421875
1572,84,757.0703125,209.9853515625
1573,85,710.55078125,189.138671875
1574,85,748.89453125,199.158203125
1575,85,757.03125,199.556640625
1576,84,759.603515625,202.1796875
1577,84,718.9287109375,193.109375
1578,84,751.1767578125,195.56640625
1579,84,744.5830078125,192.630859375
1580,84,750.546875,195.1103515625
1581,85,714.34375,190.2177734375
1582,85,745.98046875,198.0419921875
1583,85,741.08984375,197.5947265625
1584,85,756.994140625,199.09375
1585,84,759.19921875,200.0146484375
1586,84,744.1796875,194.8154296875
1587,84,762.193359375,195.7548828125
1588,84,759.857421875,199.41796875
1589,84,771.5068359375,199.8076171875
1590,84,749.228515625,198.4853515625
1591,84,763.23828125,197.9658203125
1592,84,743.4521484375,196.6923828125
1593,84,758.4287109375,197.05859375
1594,84,749.1435546875,196.5556640625
1595,84,745.4609375,198.029296875
1596,84,695.6240234375,192.521484375
1597,84,733.6201171875,194.4970703125
1598,84,729.9111328125,192.9912109375
1599,84,737.1455078125,195.662109375
1600,84,702.279296875,193.509765625
1601,84,737.3134765625,194.9931640625
1602,84,736.1591796875,198.306640625
1603,84,751.6923828125,196.8759765625
1604,84,741.94140625,197.6875
1605,84,754.0908203125,194.869140625
1606,84,740.3583984375,195.900390625
1607,84,756.005859375,196.1123046875
1608,84,744.8056640625,198.3193359375
1609,84,760.181640625,198.5849609375
1610,84,758.9150390625,199.962890625
1611,83,758.6708984375,201.07421875
1612,84,709.4853515625,190.513671875
1613,84,749.33203125,198.38671875
1614,84,746.9755859375,196.2861328125
1615,84,717.798828125,192.947265625
1616,84,745.126953125,193.90234375
1617,85,735.3125,189.46875
1618,85,740.3701171875,198.0205078125
1619,85,697.3740234375,193.3125
1620,85,739.2412109375,199.37109375
1621,85,729.5771484375,195.9453125
1622,86,705.51171875,191.6044921875
1623,86,689.2998046875,197.37109375
1624,86,685.2890625,197.43359375
1625,86,684.333984375,197.849609375
1626,86,685.3798828125,198.8857421875
1627,86,683.16796875,197.396484375
1628,87,664.8955078125,190.55078125
1629,87,668.5048828125,197.9482421875
1630,87,676.578125,199.2587890625
1631,86,700.015625,204.8935546875
1632,85,705.833984375,200.6376953125
1633,85,713.5947265625,192.9951171875
1634,86,711.068359375,191.091796875
1635,86,708.7900390625,199.62109375
1636,87,678.58984375,189.7119140625
1637,89,632.470703125,179.75390625
1638,91,585.044921875,181.169921875
1639,90,587.890625,206.48046875
1640,89,601.4013671875,200.8505859375
1641,90,608.3271484375,189.080078125
1642,90,594.0712890625,198.6591796875
1643,90,593.578125,198.8115234375
1644,89,606.6552734375,203.837890625
1645,89,620.6591796875,193.650390625
1646,89,627.0322265625,197.095703125
1647,88,638.580078125,201.509765625
1648,88,641.443359375,196.9111328125
1649,85,711.80859375,216.0810546875
1650,87,656.4677734375,180.990234375
1651,86,698.4111328125,201.62890625
1652,87,681.67578125,191.8212890625
1653,86,689.2529296875,201.5263671875
1654,87,649.94921875,189.8369140625
1655,86,697.390625,200.9736328125
1656,86,691.8505859375,196.6171875
1657,86,703.5400390625,194.859375
1658,86,686.927734375,195.0517578125
1659,86,701.8828125,193.494140625
1660,86,684.4609375,192.6435546875
1661,86,708.9560546875,193.919921875
1662,86,689.35546875,194.9365234375
1663,86,708.625,194.6611328125
1664,86,695.4501953125,195.376953125
1665,86,719.46875,198.466796875
1666,86,699.962890625,197.5478515625
1667,86,722.037109375,197.90234375
1668,85,711.8681640625,200.146484375
1669,86,721.8271484375,190.828125
1670,86,713.1943359375,197.94140625
1671,86,681.82421875,196.4091796875
1672,91,332.86328125,99.0888671875
1673,96,336.166015625,119.57421875
1674,95,350.1083984375,203.125
1675,96,360.29296875,190.3876953125
1676,92,390.1162109375,228.5380859375
1677,95,435.37109375,170.3876953125
1678,90,477.7451171875,249.462890625
1679,91,524.4990234375,187.43359375
1680,89,560.4755859375,207.7763671875
1681,89,600.7255859375,197.912109375
1682,92,535.412109375,169.275390625
1683,94,489.3701171875,179.5625
1684,92,472.8896484375,208.80078125
1685,97,445.1962890625,159.109375
1686,92,456.4072265625,290.2900390625
1687,94,488.6328125,176.8896484375
1688,89,528.759765625,235.794921875
1689,92,543.576171875,173.8388671875
1690,90,555.654296875,207.9326171875
1691,90,562.6923828125,193.8447265625
1692,90,572.78515625,197.8984375
1693,89,580.6884765625,202.28125
1694,90,585.40625,191.7294921875
1695,90,571.7109375,196.93359375
1696,90,570.787109375,196.36328125
1697,91,564.6962890625,190.427734375
1698,90,582.39453125,205.7275390625
1699,95,341.822265625,120.86328125
1700,95,385.427734375,196.6015625
1701,93,418.5634765625,209.4873046875
1702,96,435.3369140625,170.2041015625
1703,91,442.2685546875,243.2900390625
1704,96,456.33984375,151.435546875
1705,91,452.0654296875,248.041015625
1706,96,462.8828125,155.1103515625
1707,91,467.392578125,255.73828125
1708,96,466.376953125,156.947265625
1709,91,476.404296875,258.9892578125
1710,96,454.7919921875,153.65234375
1711,91,447.74609375,244.685546875
1712,96,433.44921875,144.75390625
1713,91,437.4970703125,238.0458984375
1714,96,432.4072265625,143.443359375
1715,91,436.44140625,237.1494140625
1716,96,445.2333984375,148.0361328125
1717,91,438.28515625,238.1826171875
1718,96,434.8994140625,145.1494140625
1719,91,442.7177734375,240.611328125
1720,96,447.365234375,147.669921875
1721,91,451.27734375,245.0654296875
1722,96,470.1748046875,155.00390625
1723,91,478.75390625,258.833984375
1724,95,491.8134765625,162.0419921875
1725,90,515.6953125,245.646484375
1726,94,527.3212890625,164.0634765625
1727,90,541.5380859375,226.0341796875
1728,94,544.25390625,168.1162109375
1729,90,544.7158203125,226.6103515625
1730,93,545.314453125,169.068359375
1731,91,551.408203125,208.2041015625
1732,93,550.8330078125,178.7294921875
1733,92,542.9814453125,203.599609375
1734,94,540.5029296875,183.5078125
1735,91,535.1591796875,222.9970703125
1736,94,534.8681640625,173.3330078125
1737,91,527.4560546875,220.15234375
1738,94,529.1806640625,171.841796875
1739,90,537.265625,223.9130859375
1740,85,754.234375,278.3115234375
1741,80,834.474609375,231.1201171875
1742,80,799.4638671875,193.00390625
1743,80,838.1259765625,196.77734375
1744,80,801.2646484375,194.8486328125
1745,80,839.0673828125,197.236328125
1746,80,815.8564453125,195.8837890625
1747,80,844.466796875,196.814453125
1748,80,848.015625,197.9365234375
1749,80,799.240234375,194.0517578125
1750,80,842.7177734375,196.2470703125
1751,80,835.3623046875,193.998046875
1752,80,839.30859375,195.7275390625
1753,81,790.1533203125,191.2880859375
1754,81,830.5244140625,199.8779296875
1755,81,829.150390625,199.177734375
1756,80,835.4404296875,202.271484375
1757,81,782.115234375,192.1005859375
1758,81,823.095703125,199.1416015625
1759,81,800.818359375,197.736328125
1760,81,817.8876953125,196.1298828125
1761,81,795.0126953125,194.7734375
1762,81,816.3154296875,195.693359375
1763,81,798.3193359375,195.666015625
1764,81,818.205078125,197.408203125
1765,81,807.654296875,198.01171875
1766,80,828.30078125,200.1005859375
1767,80,828.126953125,193.7626953125
1768,80,830.6259765625,195.6650390625
1769,81,789.92578125,191.77734375
1770,81,819.1728515625,199.2568359375
1771,80,826.345703125,202.630859375
1772,80,840.58984375,197.521484375
1773,80,830.41015625,194.2421875
1774,80,830.564453125,195.8095703125
1775,81,786.900390625,191.90234375
1776,80,822.421875,200.0556640625
1777,80,827.8271484375,193.8427734375
1778,80,839.15625,197.0693359375
1779,81,788.5927734375,192.2353515625
1780,80,828.3662109375,200.3857421875
1781,80,826.275390625,193.1484375
1782,80,840.8974609375,197.900390625
1783,80,801.029296875,194.822265625
1784,80,831.78125,195.3076171875
1785,80,836.7900390625,197.732421875
1786,80,846.673828125,196.6064453125
1787,80,838.603515625,198.212890625
1788,79,860.6533203125,200.5615234375
1789,79,862.4697265625,194.8193359375
1790,79,862.193359375,194.55859375
1791,80,822.7822265625,191.46484375
1792,79,861.9326171875,200.6015625
1793,79,867.921875,195.48828125
1794,79,878.3779296875,197.990234375
1795,79,848.8154296875,195.59375
1796,79,873.310546875,196.9267578125
1797,79,876.1748046875,195.435546875
1798,79,879.8935546875,195.900390625
1799,84,593.0595703125,131.5830078125
1800,89,610.037109375,158.7412109375
1801,84,866.1083984375,254.375
1802,81,883.0185546875,221.8330078125
1803,79,904.1865234375,209.0888671875
1804,79,917.3935546875,197.283203125
1805,83,731.9208984375,162.185546875
1806,88,641.498046875,159.2041015625
1807,89,627.71875,184.7451171875
1808,86,718.123046875,222.5615234375
1809,84,768.9580078125,211.474609375
1810,83,806.564453125,205.740234375
1811,83,776.853515625,193.23046875
1812,88,628.1962890625,153.3056640625
1813,90,612.185546875,179.7509765625
1814,90,607.2578125,196.7919921875
1815,86,690.228515625,227.9833984375
1816,85,746.232421875,206.4716796875
1817,83,791.1201171875,209.91015625
1818,86,706.1259765625,175.525390625
1819,90,621.0263671875,167.7109375
1820,85,723.5791015625,238.4794921875
1821,84,764.134765625,200.2138671875
1822,83,789.146484375,200.685546875
1823,83,804.9775390625,198.5341796875
1824,83,800.6103515625,195.3203125
1825,88,616.46484375,150.4248046875
1826,91,585.6005859375,171.115234375
1827,86,673.892578125,231.5302734375
1828,86,720.380859375,195.8115234375
1829,85,749.3984375,202.990234375
1830,85,767.0361328125,197.755859375
1831,88,649.119140625,169.2802734375
1832,91,586.619140625,172.015625
1833,92,554.2880859375,186.716796875
1834,88,641.755859375,229.3720703125
1835,87,700.2294921875,204.8759765625
1836,87,719.154296875,198.5576171875
