4929,34,1349.939453125,167.0166015625
4930,36,1351.83203125,182.45703125
4931,37,1347.78515625,189.8916015625
4932,38,1347.595703125,191.6962890625
4933,38,1351.0400390625,197.80078125
4934,38,1349.423828125,196.748046875
4935,38,1352.03515625,197.1103515625
4936,38,1357.2724609375,198.4443359375
4937,38,1354.07421875,196.9931640625
4938,38,1351.638671875,196.1552734375
4939,38,1358.814453125,197.9384765625
4940,38,1355.0185546875,196.5224609375
4941,38,1354.9375,196.0771484375
4942,38,1356.814453125,197.1630859375
4943,38,1354.4111328125,196.2587890625
4944,38,1354.8994140625,196.1591796875
4945,38,1361.5126953125,198.0576171875
4946,38,1358.9970703125,197.1103515625
4947,38,1348.87109375,195.1640625
4948,38,1361.9638671875,197.8701171875
4949,38,1356.24609375,196.421875
4950,38,1351.7724609375,196.2724609375
4951,38,1352.8994140625,196.8916015625
4952,38,1347.7314453125,195.595703125
4953,38,1348.056640625,195.6318359375
4954,38,1350.7705078125,196.6962890625
4955,38,1347.5439453125,195.5732421875
4956,38,1346.1640625,195.2255859375
4957,38,1347.0703125,195.7421875
4958,38,1342.9638671875,194.5537109375
4959,38,1345.337890625,195.0234375
4960,38,1345.2939453125,195.4765625
4961,37,1348.681640625,203.982421875
4962,37,1345.439453125,196.18359375
4963,37,1361.6044921875,197.59375
4964,37,1368.53515625,198.796875
4965,37,1363.560546875,197.9697265625
4966,37,1365.423828125,197.4697265625
4967,37,1366.7470703125,198.2177734375
4968,37,1362.8876953125,196.88671875
4969,37,1362.642578125,196.6357421875
4970,37,1363.5517578125,197.3349609375
4971,37,1360.71875,196.1083984375
4972,37,1361.7783203125,196.29296875
4973,37,1362.62890625,197.349609375
4974,37,1359.236328125,195.611328125
4975,37,1359.31640625,195.515625
4976,37,1360.3115234375,196.59765625
4977,37,1352.6552734375,194.5458984375
4978,37,1349.5087890625,193.7626953125
4979,37,1349.9404296875,194.9384765625
4980,37,1345.0029296875,193.0625
4981,37,1345.076171875,193.3486328125
4982,37,1347.0244140625,194.6171875
4983,38,1339.751953125,191.927734375
4984,38,1340.6162109375,197.5087890625
4985,38,1343.4306640625,198.85546875
4986,38,1334.7197265625,196.443359375
4987,38,1333.9677734375,196.0673828125
4988,38,1337.8544921875,197.6064453125
4989,38,1331.458984375,195.810546875
4990,38,1331.4296875,195.7763671875
4991,38,1336.6904296875,197.5458984375
4992,38,1333.0126953125,195.9296875
4993,38,1337.408203125,196.5205078125
4994,38,1350.255859375,199.751953125
4995,38,1344.1376953125,198.0498046875
4996,38,1344.1201171875,198.134765625
4997,38,1348.25390625,199.4482421875
4998,38,1343.0068359375,197.912109375
4999,38,1343.8193359375,197.9892578125
5000,38,1347.193359375,199.1826171875
5001,38,1341.1767578125,197.6806640625
5002,38,1341.4375,197.701171875
5003,38,1345.2255859375,199.13671875
5004,38,1331.9052734375,196.1845703125
5005,38,1334.0341796875,196.3349609375
5006,38,1347.4326171875,199.994140625
5007,38,1340.03515625,197.6708984375
5008,38,1338.4736328125,197.2744140625
5009,38,1343.2021484375,199.1171875
5010,38,1334.6943359375,196.958984375
5011,38,1337.2109375,197.5166015625
5012,38,1345.068359375,199.5537109375
5013,38,1334.6181640625,196.95703125
5014,38,1335.251953125,196.8798828125
5015,38,1342.8203125,198.6220703125
5016,38,1336.3125,196.48828125
5017,38,1337.796875,196.634765625
5018,38,1343.9677734375,198.5654296875
5019,38,1336.513671875,196.1748046875
5020,38,1335.98046875,195.9892578125
5021,38,1341.5791015625,197.5517578125
5022,38,1335.94140625,195.7177734375
5023,38,1336.8974609375,195.9326171875
5024,38,1342.908203125,197.798828125
5025,38,1334.091796875,195.2978515625
5026,38,1335.3125,195.4921875
5027,38,1343.0322265625,197.744140625
5028,38,1337.458984375,196.1572265625
5029,38,1337.484375,196.025390625
5030,38,1343.4033203125,197.5576171875
5031,38,1335.6689453125,195.44921875
5032,38,1336.5546875,195.865234375
5033,38,1343.1162109375,197.673828125
5034,38,1335.1572265625,195.7138671875
5035,38,1336.5361328125,195.6533203125
5036,38,1344.5947265625,197.7841796875
5037,38,1338.158203125,195.923828125
5038,38,1338.04296875,195.833984375
5039,38,1343.9794921875,197.5966796875
5040,38,1338.2685546875,196.232421875
5041,38,1336.265625,196.2880859375
5042,38,1341.5732421875,198.060546875
5043,38,1335.0908203125,196.123046875
5044,38,1335.314453125,196.31640625
5045,38,1344.9169921875,198.2978515625
5046,38,1334.7841796875,195.9755859375
5047,38,1336.9814453125,196.09375
5048,38,1345.7158203125,198.4326171875
5049,38,1337.546875,196.3466796875
5050,38,1336.6103515625,195.8251953125
5051,38,1345.53515625,198.095703125
5052,38,1336.4384765625,195.859375
5053,38,1337.91015625,196.078125
5054,38,1345.4462890625,197.904296875
5055,38,1339.037109375,196.2470703125
5056,38,1339.185546875,196.408203125
5057,38,1345.7841796875,198.2138671875
5058,38,1338.998046875,196.5048828125
5059,38,1338.7265625,196.4228515625
5060,38,1347.044921875,198.8388671875
5061,38,1338.986328125,196.6962890625
5062,38,1340.935546875,197.4453125
5063,38,1349.794921875,199.8330078125
5064,38,1339.65234375,197.1767578125
5065,38,1343.1484375,197.826171875
5066,37,1353.6953125,200.7607421875
5067,37,1347.236328125,193.53125
5068,37,1348.330078125,194.005859375
5069,37,1356.69921875,196.5205078125
5070,37,1343.8583984375,193.169921875
5071,37,1350.42578125,194.6103515625
5072,37,1360.982421875,197.640625
5073,37,1348.58984375,194.5400390625
5074,37,1352.279296875,195.16796875
5075,37,1365.1572265625,197.7763671875
5076,37,1360.8310546875,196.42578125
5077,37,1361.6787109375,196.078125
5078,37,1369.7392578125,198.3798828125
5079,37,1363.5126953125,196.3759765625
5080,37,1365.8349609375,196.9658203125
5081,37,1372.64453125,198.7021484375
5082,37,1368.9794921875,197.515625
5083,37,1371.828125,197.73046875
5084,37,1377.5859375,199.517578125
5085,37,1373.8251953125,197.974609375
5086,37,1375.3212890625,198.3671875
5087,37,1380.384765625,199.9140625
5088,37,1372.0966796875,197.5068359375
5089,37,1371.6435546875,197.4267578125
5090,37,1377.6640625,199.623046875
5091,37,1370.70703125,197.8447265625
5092,37,1368.5029296875,197.1953125
5093,37,1375.5009765625,199.8046875
5094,37,1367.8994140625,197.6162109375
5095,37,1364.4248046875,196.703125
5096,37,1368.05078125,198.4609375
5097,37,1354.48046875,195.3154296875
5098,37,1355.3203125,195.0087890625
5099,37,1360.0400390625,196.9931640625
5100,37,1350.560546875,194.65625
5101,37,1341.97265625,192.9873046875
5102,37,1348.5302734375,195.2822265625
5103,38,1335.4990234375,192.046875
5104,38,1334.2177734375,196.580078125
5105,38,1342.0,198.6337890625
5106,38,1330.33984375,196.095703125
5107,38,1331.4990234375,196.0341796875
5108,38,1337.859375,197.9375
5109,38,1330.1982421875,196.478515625
5110,38,1330.7080078125,196.181640625
3736,43,653.8662109375,56.28515625
3737,48,655.919921875,61.4140625
3738,53,655.4853515625,66.5966796875
3739,58,652.169921875,71.5625
3740,63,648.7978515625,76.73046875
3741,68,645.3515625,82.8974609375
3742,73,634.625,89.1943359375
3743,78,631.791015625,98.564453125
3744,83,636.2021484375,113.7099609375
3745,88,629.326171875,135.0849609375
3746,92,629.15625,167.0947265625
3747,91,626.2197265625,205.81640625
3748,91,616.6337890625,192.6943359375
3749,92,610.845703125,190.6015625
3750,92,595.9482421875,196.0078125
3751,92,590.830078125,193.650390625
3752,93,575.96875,188.99609375
3753,92,567.6748046875,206.734375
3754,94,555.609375,182.296875
3755,92,537.3154296875,214.6591796875
3756,95,522.666015625,171.5078125
3757,91,463.873046875,223.6640625
3758,96,488.7294921875,153.8974609375
3759,91,496.5556640625,263.93359375
3760,96,469.982421875,152.0654296875
3761,91,469.189453125,252.76953125
3762,96,469.4189453125,151.94921875
3763,91,469.607421875,252.8671875
3764,96,470.0029296875,152.1259765625
3765,91,470.865234375,253.49609375
3766,96,472.2431640625,152.6201171875
3767,91,472.47265625,253.9091796875
3768,96,473.0654296875,152.853515625
3769,91,474.31640625,254.8935546875
3770,96,478.1875,153.7265625
3771,91,479.1259765625,255.8857421875
3772,96,479.66796875,153.658203125
3773,91,476.1171875,255.111328125
3774,96,480.5087890625,153.8076171875
3775,91,480.560546875,256.5615234375
3776,96,481.5625,154.3193359375
3777,91,477.9365234375,256.2001953125
3778,96,482.732421875,154.7919921875
3779,91,483.4287109375,257.736328125
3780,96,483.2470703125,154.9169921875
3781,91,482.6787109375,257.8515625
3782,96,482.931640625,154.736328125
3783,91,483.9287109375,258.2490234375
3784,96,484.7744140625,155.2333984375
3785,91,485.423828125,258.8310546875
3786,96,503.609375,158.3603515625
3787,91,507.3359375,268.8740234375
3788,96,490.4501953125,157.2529296875
3789,91,521.6943359375,275.51953125
3790,96,513.955078125,159.4697265625
3791,91,533.4228515625,283.9326171875
3792,95,504.2353515625,162.7509765625
3793,90,551.884765625,260.03515625
3794,95,538.205078125,159.8564453125
3795,90,568.087890625,269.498046875
3796,94,531.830078125,163.40234375
3797,89,610.5029296875,248.2705078125
3798,92,622.6435546875,170.375
3799,91,631.703125,206.3408203125
3800,91,624.533203125,195.94921875
3801,89,682.7880859375,212.314453125
3802,90,692.0478515625,189.166015625
3803,89,696.673828125,205.701171875
3804,89,715.6904296875,196.4208984375
3805,89,722.966796875,198.7109375
3806,85,811.5380859375,223.2607421875
3807,86,811.013671875,185.537109375
3808,86,810.9599609375,195.6630859375
3809,86,811.5009765625,195.6748046875
3810,86,810.0302734375,195.41796875
3811,86,810.3642578125,195.4638671875
3812,86,810.50390625,195.603515625
3813,86,811.91015625,195.7275390625
3814,86,809.7431640625,195.44921875
3815,86,810.2216796875,195.53125
3816,86,810.5703125,195.5693359375
3817,86,811.615234375,195.7138671875
3818,86,810.5537109375,195.412109375
3819,86,810.2724609375,195.390625
3820,86,810.55859375,195.509765625
3821,86,811.076171875,195.5556640625
3822,86,809.8798828125,195.4482421875
3823,86,809.1015625,195.310546875
3824,86,809.0986328125,195.37890625
3825,86,810.5185546875,195.609375
3826,86,808.8037109375,195.2880859375
3827,86,808.587890625,195.1904296875
3828,86,808.9404296875,195.3076171875
3829,86,810.009765625,195.4384765625
3830,86,808.599609375,195.1142578125
3831,86,808.5244140625,195.14453125
3832,86,809.09375,195.30078125
3833,86,809.439453125,195.4052734375
3834,86,808.5078125,195.0908203125
3835,86,808.35546875,195.0703125
3836,86,808.86328125,195.0625
3837,86,809.494140625,195.2412109375
3838,86,808.4599609375,195.1337890625
3839,86,808.70703125,195.068359375
3840,86,809.2216796875,195.2509765625
3841,86,751.6337890625,194.0888671875
3842,86,751.6328125,193.900390625
3843,86,751.7197265625,193.7607421875
3844,86,752.77734375,193.9755859375
3845,86,754.5361328125,194.2451171875
3846,86,753.615234375,194.2392578125
3847,86,753.2236328125,194.12890625
3848,86,752.7568359375,194.1005859375
3849,86,752.5048828125,193.9453125
3850,91,519.2998046875,143.7412109375
3851,93,519.9443359375,181.8154296875
3852,91,525.1083984375,210.578125
3853,93,525.626953125,181.240234375
3854,91,535.5380859375,213.447265625
3855,93,531.7451171875,183.25
3856,91,527.599609375,209.2431640625
3857,93,529.2607421875,180.712890625
3858,91,537.1220703125,212.8408203125
3859,93,532.5888671875,180.9365234375
3860,91,534.9501953125,211.1201171875
3861,93,536.8291015625,182.9423828125
3862,91,537.4775390625,212.890625
3863,93,525.83203125,178.5859375
3864,92,524.3466796875,206.6669921875
3865,94,517.8388671875,183.755859375
3866,91,513.0751953125,221.12109375
3867,94,515.9462890625,173.9140625
3868,91,508.6103515625,221.484375
3869,94,517.5888671875,174.5361328125
3870,90,518.9921875,224.662109375
3871,94,520.3017578125,167.099609375
3872,90,517.150390625,224.380859375
3873,94,518.4697265625,166.90234375
3874,90,521.2294921875,225.181640625
3875,94,520.451171875,167.0478515625
3876,90,522.357421875,225.69921875
3877,94,521.05859375,167.310546875
3878,90,521.6904296875,224.787109375
3879,94,521.9326171875,166.6650390625
3880,90,519.8603515625,224.263671875
3881,94,519.421875,166.3701171875
3882,90,522.6708984375,225.2998046875
3883,94,523.6435546875,168.1572265625
3884,90,523.3271484375,226.0341796875
3885,94,524.8037109375,168.4375
3886,90,525.8232421875,226.9130859375
3887,94,525.10546875,168.2333984375
3888,90,522.6318359375,225.1884765625
3889,94,517.314453125,165.138671875
3890,91,518.6044921875,223.103515625
3891,94,520.66796875,175.0556640625
3892,90,519.001953125,224.13671875
3893,94,521.0830078125,166.9892578125
3894,90,520.4853515625,224.51171875
3895,94,521.693359375,166.8876953125
3896,90,523.4423828125,225.3798828125
3897,94,522.6142578125,167.123046875
3898,90,524.130859375,225.322265625
3899,94,525.3076171875,167.9443359375
3900,90,525.2392578125,225.7412109375
3901,94,521.5302734375,166.8115234375
3902,90,522.76953125,224.8583984375
3903,94,524.720703125,167.421875
3904,90,526.23046875,225.939453125
3905,94,526.3525390625,167.9697265625
3906,90,526.306640625,225.982421875
3907,94,526.2822265625,167.9130859375
3908,93,480.15234375,201.0517578125
3909,95,480.72265625,180.30859375
3910,90,485.2158203125,231.3935546875
3911,95,489.25,146.03125
3912,90,498.0634765625,235.7177734375
3913,95,497.6279296875,147.376953125
3914,90,498.986328125,235.3955078125
3915,95,500.3828125,148.28125
3916,90,502.591796875,237.162109375
3917,95,502.10546875,148.3837890625
3918,90,500.552734375,235.849609375
3919,95,501.7646484375,148.2255859375
3920,90,502.3388671875,237.0693359375
3921,95,500.830078125,147.861328125
3922,90,500.03515625,235.6298828125
3923,95,499.5087890625,147.462890625
3924,90,498.541015625,235.296875
3925,95,497.8193359375,146.6455078125
3926,90,495.1474609375,232.416015625
3927,95,494.466796875,145.3740234375
3928,90,490.9296875,232.046875
3929,95,490.3818359375,144.087890625
3930,91,487.84375,229.791015625
3931,96,486.3291015625,150.2099609375
3932,91,480.2822265625,255.529296875
3933,96,488.9189453125,150.181640625
3934,91,488.3310546875,257.755859375
3935,96,486.953125,149.8408203125
3936,91,480.857421875,255.2421875
3937,96,483.9677734375,149.0458984375
3938,91,482.0576171875,254.9033203125
3939,96,482.2568359375,148.80859375
3940,91,479.4189453125,254.5927734375
3941,96,481.7080078125,148.6845703125
3942,91,479.1904296875,253.9111328125
3943,96,481.7216796875,148.537109375
3944,91,478.54296875,254.2431640625
3945,96,480.546875,148.375
3946,91,479.720703125,253.9755859375
3947,96,482.439453125,148.8310546875
3948,91,479.8564453125,254.4970703125
3949,96,488.29296875,150.3505859375
3950,91,486.3984375,257.4638671875
3951,96,489.8740234375,150.2060546875
3952,91,487.9326171875,258.5693359375
3953,96,490.8203125,150.314453125
3954,91,487.48046875,257.2685546875
3955,96,492.4580078125,150.4619140625
3956,91,485.73046875,256.978515625
3957,96,489.9013671875,149.509765625
3958,91,488.501953125,256.857421875
3959,96,494.0126953125,150.0478515625
3960,91,485.8759765625,256.392578125
3961,96,513.6455078125,154.0693359375
3962,91,513.1708984375,267.6416015625
3963,96,514.6904296875,153.75390625
3964,91,513.701171875,267.3310546875
3965,96,513.021484375,152.3359375
3966,91,494.06640625,273.26953125
3967,94,495.9140625,170.732421875
3968,90,526.8212890625,226.42578125
3969,94,527.2392578125,164.185546875
3970,91,525.4072265625,219.7060546875
3971,95,513.6494140625,164.0634765625
3972,90,501.978515625,235.4248046875
3973,95,487.0517578125,144.85546875
3974,92,465.5986328125,219.79296875
3975,97,450.384765625,150.3798828125
3976,92,453.8017578125,271.9248046875
3977,97,453.380859375,149.2001953125
3978,92,438.56640625,262.25390625
3979,97,423.1416015625,140.078125
3980,92,427.0,254.81640625
3981,97,416.9892578125,136.78515625
3982,92,408.578125,242.9853515625
3983,97,395.212890625,129.67578125
3984,92,396.4716796875,234.935546875
3985,97,396.6474609375,127.7998046875
3986,93,387.7099609375,228.8828125
3987,98,377.9501953125,136.3662109375
3988,93,379.505859375,253.5244140625
3989,98,373.3232421875,133.2861328125
3990,93,370.47265625,245.9560546875
3991,98,369.9443359375,131.2255859375
3992,93,357.97265625,237.9462890625
3993,98,351.2802734375,125.0341796875
3994,93,359.7158203125,237.796875
3995,98,336.0390625,121.0576171875
3996,95,335.1533203125,222.6103515625
3997,100,333.873046875,153.3583984375
3998,95,331.7998046875,339.83984375
3999,100,334.84765625,152.9765625
4000,95,331.7314453125,339.12890625
4001,100,327.861328125,150.4267578125
4002,95,318.95703125,325.7216796875
4003,100,316.7216796875,146.54296875
4004,95,314.236328125,321.4765625
4005,100,320.44140625,148.720703125
4006,95,322.2724609375,329.9306640625
4007,100,310.888671875,145.30078125
4008,95,309.3955078125,316.5048828125
4009,100,302.3759765625,142.359375
4010,95,299.1533203125,305.8681640625
4011,100,301.6044921875,142.0234375
4012,95,291.8076171875,298.4814453125
4013,100,308.5078125,147.287109375
4014,95,312.0361328125,317.82421875
4015,100,302.6591796875,144.3115234375
4016,95,255.041015625,260.451171875
4017,100,256.9814453125,123.1728515625
4018,95,250.666015625,255.9619140625
4019,100,248.8759765625,118.4697265625
4020,95,246.32421875,252.1396484375
4021,100,240.689453125,113.689453125
4022,95,233.87109375,239.1123046875
4023,100,229.1298828125,108.541015625
4024,95,228.6640625,233.822265625
4025,100,220.7392578125,104.1943359375
4026,97,216.8623046875,221.8720703125
4027,100,215.1943359375,130.724609375
4028,99,202.8134765625,207.3994140625
4029,100,196.189453125,174.205078125
4030,100,183.54296875,188.37109375
4031,100,190.2958984375,195.8154296875
4032,99,196.0439453125,201.2578125
4033,100,172.7529296875,155.7392578125
4034,100,156.4580078125,160.7568359375
4035,100,149.4482421875,153.3994140625
4036,100,155.447265625,159.7109375
4037,100,172.7578125,177.4912109375
4038,100,178.9658203125,183.5224609375
4039,100,187.7099609375,192.998046875
4040,99,196.1982421875,201.462890625
4041,100,171.431640625,152.51953125
4042,100,169.3291015625,174.060546875
4043,100,178.443359375,183.349609375
4044,100,186.37890625,191.1328125
4045,100,194.01171875,198.666015625
4046,99,201.830078125,206.60546875
4047,100,202.57421875,180.2333984375
4048,99,202.6201171875,207.3583984375
4049,100,208.927734375,184.46484375
4050,97,212.6767578125,217.9921875
4051,100,219.3681640625,134.1025390625
4052,96,219.6474609375,225.3115234375
4053,100,233.6845703125,125.2705078125
4054,95,237.9443359375,243.904296875
4055,100,248.123046875,118.353515625
4056,95,260.8798828125,266.8984375
4057,100,262.931640625,124.76953125
4058,95,274.0625,280.521484375
4059,100,284.1376953125,133.138671875
4060,95,285.3505859375,291.7333984375
4061,100,288.7548828125,135.6279296875
4062,95,293.4765625,299.8369140625
4063,100,294.6171875,138.720703125
4064,95,301.970703125,307.99609375
4065,100,311.279296875,145.9736328125
4066,95,313.5947265625,320.03125
4067,100,330.8447265625,154.9912109375
4068,95,342.9345703125,349.755859375
4069,99,352.2294921875,164.5478515625
4070,94,364.896484375,315.24609375
4071,99,371.0751953125,151.7822265625
4072,94,380.1630859375,329.0478515625
4073,99,387.1435546875,157.478515625
4074,94,392.73828125,339.2529296875
4075,98,399.46484375,161.9267578125
4076,93,400.94921875,267.482421875
4077,98,408.3134765625,149.6611328125
4078,93,417.1318359375,278.7177734375
4079,98,420.5126953125,154.4541015625
4080,93,423.5234375,283.666015625
4081,97,445.6796875,167.9140625
4082,92,440.318359375,261.5234375
4083,97,447.0458984375,150.576171875
4084,92,442.9814453125,264.0771484375
4085,97,444.8876953125,150.751953125
4086,92,450.9931640625,270.53125
4087,97,444.19140625,150.3212890625
4088,92,435.998046875,261.9501953125
4089,97,448.20703125,150.638671875
4090,92,448.1123046875,269.046875
4091,97,446.2294921875,150.666015625
4092,92,448.0859375,269.3369140625
4093,97,461.1591796875,154.421875
4094,92,456.673828125,273.802734375
4095,97,466.2958984375,154.748046875
4096,92,469.0703125,280.294921875
4097,97,463.51171875,155.1923828125
4098,92,466.1728515625,279.90234375
4099,97,471.5478515625,157.71484375
4100,92,470.7060546875,281.8603515625
4101,97,473.8857421875,157.7724609375
4102,92,472.5078125,282.4140625
4103,97,471.51953125,156.34765625
4104,92,472.59375,282.11328125
4105,97,477.5146484375,157.720703125
4106,92,479.869140625,285.57421875
4107,97,478.9541015625,157.5859375
4108,92,482.9833984375,288.00390625
4109,97,487.419921875,158.9052734375
4110,92,510.4033203125,299.93359375
4111,96,501.7802734375,161.5673828125
4112,91,500.73046875,262.4677734375
4113,96,441.3388671875,142.52734375
4114,91,489.1494140625,256.591796875
4115,96,497.208984375,151.328125
4116,91,446.0673828125,239.1982421875
4117,96,485.2294921875,148.4228515625
4118,91,481.08203125,253.2578125
4119,96,486.4267578125,149.861328125
4120,91,436.0703125,234.9775390625
4121,96,478.94921875,147.6630859375
4122,91,486.9423828125,255.4541015625
4123,96,479.5361328125,148.2548828125
4124,91,437.2890625,234.46484375
4125,96,479.05859375,146.865234375
4126,91,482.94140625,253.916015625
4127,96,482.845703125,148.2841796875
4128,91,439.73046875,236.3330078125
4129,96,475.626953125,145.7197265625
4130,91,483.4853515625,251.982421875
4131,96,486.3330078125,147.4052734375
4132,91,443.0703125,237.61328125
4133,96,477.4013671875,144.4794921875
4134,91,476.79296875,249.947265625
4135,96,484.1162109375,147.46875
4136,91,452.8037109375,240.6123046875
4137,96,484.1591796875,146.158203125
4138,91,483.6748046875,250.986328125
4139,96,484.8251953125,146.271484375
4140,91,447.548828125,237.6005859375
4141,96,479.60546875,144.7431640625
4142,91,480.123046875,249.98828125
4143,96,489.146484375,147.083984375
4144,91,464.8681640625,245.224609375
4145,96,484.7001953125,145.2939453125
4146,91,490.068359375,252.818359375
4147,96,487.9716796875,146.4384765625
4148,91,466.1318359375,244.91015625
4149,96,481.0244140625,143.8935546875
4150,91,484.5595703125,250.0703125
4151,96,480.77734375,144.8271484375
4152,91,466.162109375,243.8603515625
4153,96,484.1201171875,143.966796875
4154,91,484.814453125,249.908203125
4155,96,482.6728515625,144.9013671875
4156,91,474.8857421875,247.8037109375
4157,96,490.3291015625,145.1435546875
4158,91,488.4072265625,251.103515625
4159,96,488.3642578125,146.083984375
4160,91,476.8623046875,248.421875
4161,96,486.251953125,144.71875
4162,91,490.978515625,251.9150390625
4163,96,490.0712890625,146.673828125
4164,93,390.9619140625,220.025390625
4165,98,391.1279296875,160.708984375
4166,93,392.1064453125,277.083984375
4167,97,396.478515625,163.369140625
4168,92,405.7939453125,256.1103515625
4169,97,422.626953125,156.7177734375
4170,92,436.75390625,272.78515625
4171,97,436.7890625,160.3564453125
4172,92,429.9443359375,268.8525390625
4173,97,427.3564453125,156.8984375
4174,92,431.541015625,269.7392578125
4175,97,432.5771484375,158.2431640625
4176,92,435.8759765625,271.6494140625
4177,97,439.5908203125,160.8818359375
4178,92,441.2421875,274.65234375
4179,97,439.767578125,160.69140625
4180,92,436.2861328125,272.357421875
4181,97,431.013671875,156.8642578125
4182,92,429.111328125,268.060546875
4183,97,430.814453125,157.1787109375
4184,92,433.349609375,270.3203125
4185,97,435.9140625,158.947265625
4186,92,438.849609375,273.587890625
4187,96,445.751953125,162.26953125
4188,91,446.5517578125,246.4873046875
4189,96,444.078125,152.505859375
4190,91,443.060546875,244.5
4191,96,443.5986328125,151.76171875
4192,91,442.22265625,242.603515625
4193,96,447.1240234375,152.48828125
4194,91,449.666015625,246.9091796875
4195,96,451.98046875,154.2880859375
4196,91,449.650390625,246.970703125
4197,96,448.591796875,153.048828125
4198,91,452.7470703125,248.7568359375
4199,96,455.1025390625,155.61328125
4200,91,453.0654296875,248.734375
4201,95,483.8447265625,162.130859375
4202,90,494.30859375,236.3427734375
4203,95,495.416015625,157.1142578125
4204,90,497.453125,238.0927734375
4205,95,490.181640625,156.6611328125
4206,90,492.6904296875,236.123046875
4207,95,485.2431640625,154.5380859375
4208,91,480.283203125,230.8359375
4209,96,471.7958984375,157.177734375
4210,91,465.2880859375,252.345703125
4211,96,460.9384765625,153.7158203125
4212,91,457.783203125,248.615234375
4213,96,457.8359375,152.78125
4214,91,458.4951171875,249.1064453125
4215,96,455.7265625,151.7236328125
4216,91,461.294921875,250.14453125
4217,96,463.150390625,153.99609375
4218,91,464.9375,252.1845703125
4219,96,471.0791015625,156.921875
4220,91,476.4287109375,257.8046875
4221,96,480.1513671875,159.6650390625
4222,91,483.4169921875,261.154296875
4223,95,486.11328125,161.5791015625
4224,90,488.08203125,234.412109375
4225,95,487.8974609375,155.251953125
4226,90,488.068359375,234.67578125
4227,89,607.3779296875,201.78515625
4228,90,609.9921875,188.28125
4229,89,611.0849609375,201.7802734375
4230,90,613.123046875,188.4345703125
4231,89,615.9462890625,202.8115234375
4232,90,622.267578125,189.076171875
4233,89,621.3583984375,202.951171875
4234,90,625.2314453125,189.6640625
4235,89,634.74609375,205.490234375
4236,90,633.75390625,190.1533203125
4237,89,631.13671875,203.77734375
4238,90,635.0771484375,190.474609375
4239,89,640.736328125,205.5166015625
4240,90,636.404296875,190.1962890625
4241,89,632.94921875,203.8203125
4242,90,637.2939453125,190.21484375
4243,89,643.7734375,205.62890625
4244,90,645.7890625,190.685546875
4245,89,645.7890625,204.81640625
4246,90,645.4609375,189.7734375
4247,89,651.736328125,205.3203125
4248,90,649.115234375,188.537109375
4249,89,643.638671875,200.162109375
4250,90,653.208984375,185.021484375
4251,90,668.4248046875,198.2333984375
4252,91,649.5908203125,190.9052734375
4253,91,637.8046875,194.681640625
4254,92,614.0185546875,185.85546875
4255,92,618.3330078125,193.8955078125
4256,93,615.439453125,191.56640625
4257,91,603.1865234375,209.9013671875
4258,93,606.4609375,178.4970703125
4259,91,603.349609375,208.078125
4260,94,584.3330078125,174.1533203125
4261,90,593.681640625,229.013671875
4262,94,586.8330078125,163.7333984375
4263,90,581.8642578125,225.3251953125
4264,95,574.2578125,159.8427734375
4265,90,560.7216796875,250.685546875
4266,95,567.892578125,156.8232421875
4267,90,555.888671875,248.765625
4268,95,554.3935546875,153.240234375
4269,90,552.2109375,245.8134765625
4270,95,539.5654296875,147.2109375
4271,90,529.591796875,236.3896484375
4272,95,528.953125,142.9580078125
4273,91,503.083984375,225.9921875
4274,96,507.5693359375,144.875
4275,91,503.94921875,255.2802734375
4276,96,501.63671875,142.5087890625
4277,91,514.1357421875,257.88671875
4278,96,508.494140625,142.77734375
4279,91,499.470703125,252.572265625
4280,96,519.5908203125,144.4970703125
4281,91,516.8876953125,258.3232421875
4282,96,519.958984375,144.5703125
4283,91,526.89453125,262.86328125
4284,96,489.748046875,140.8232421875
4285,91,511.244140625,256.84375
4286,96,500.896484375,143.1748046875
4287,91,515.0791015625,259.6708984375
4288,96,515.5517578125,145.787109375
4289,91,506.8271484375,258.7861328125
4290,96,481.876953125,141.7001953125
4291,91,500.6826171875,256.546875
4292,96,505.1025390625,146.58203125
4293,91,511.583984375,263.2958984375
4294,96,498.89453125,148.310546875
4295,91,508.005859375,261.982421875
4296,96,508.314453125,149.646484375
4297,91,511.2744140625,264.076171875
4298,96,508.6630859375,150.9013671875
4299,91,509.5830078125,263.0810546875
4300,96,510.10546875,150.7119140625
4301,91,509.40625,263.58203125
4302,96,506.7421875,150.734375
4303,91,510.2841796875,263.8544921875
4304,96,510.552734375,150.85546875
4305,91,510.396484375,264.14453125
4306,96,507.8203125,151.0341796875
4307,91,510.685546875,264.4365234375
4308,96,510.6962890625,151.3779296875
4309,91,510.86328125,264.755859375
4310,96,506.9921875,151.4541015625
4311,91,510.681640625,265.3671875
4312,96,513.67578125,153.1640625
4313,91,514.07421875,266.658203125
4314,96,516.4970703125,153.640625
4315,91,458.15625,246.90234375
4316,96,458.12109375,160.955078125
4317,91,456.517578125,245.5048828125
4318,96,454.802734375,159.3173828125
4319,91,454.2470703125,244.697265625
4320,96,452.423828125,158.47265625
4321,91,503.73828125,266.9267578125
4322,95,501.4638671875,167.6455078125
4323,90,512.759765625,239.9072265625
4324,94,521.3115234375,165.6630859375
4325,91,519.6025390625,216.9384765625
4326,94,516.5595703125,171.2705078125
4327,91,517.97265625,216.6630859375
4328,94,514.138671875,170.66015625
4329,92,513.0283203125,214.8486328125
4330,94,513.177734375,178.8681640625
4331,91,516.9638671875,216.64453125
4332,94,513.427734375,171.140625
4333,91,514.2470703125,216.046875
4334,94,518.2861328125,172.1201171875
4335,91,519.48046875,216.708984375
4336,94,512.2431640625,170.05859375
4337,92,506.5771484375,212.2265625
4338,95,497.849609375,173.3994140625
4339,90,496.8671875,233.0966796875
4340,95,504.681640625,159.744140625
4341,90,509.1572265625,237.986328125
4342,95,509.01953125,160.890625
4343,90,509.9619140625,238.67578125
4344,94,512.9033203125,162.193359375
4345,91,515.2685546875,215.875
4346,94,516.3896484375,171.3251953125
4347,92,512.572265625,214.46875
4348,94,510.1943359375,177.619140625
4349,92,512.3701171875,215.2470703125
4350,94,515.3427734375,179.27734375
4351,91,515.6357421875,216.1474609375
4352,94,517.220703125,171.9609375
4353,91,518.0654296875,216.77734375
4354,94,520.544921875,172.76953125
4355,91,524.267578125,219.0830078125
4356,94,520.0166015625,172.5
4357,91,515.7529296875,215.7900390625
4358,95,507.564453125,168.427734375
4359,90,504.2861328125,235.73828125
4360,95,507.29296875,160.7158203125
4361,90,509.515625,237.90234375
4362,94,513.8828125,162.349609375
4363,91,518.33984375,216.0234375
4364,94,519.9345703125,172.1279296875
4365,91,520.2421875,216.841796875
4366,94,516.1259765625,171.6494140625
4367,92,514.923828125,214.8671875
4368,94,513.20703125,177.8818359375
4369,91,517.2646484375,216.140625
4370,94,515.98828125,172.27734375
4371,91,517.3525390625,216.2744140625
4372,94,514.8037109375,170.9345703125
4373,92,514.4287109375,215.2353515625
4374,92,573.30859375,198.939453125
4375,92,573.9365234375,199.052734375
4376,92,581.7734375,199.3544921875
4377,91,585.7822265625,200.2060546875
4378,92,587.0654296875,191.39453125
4379,91,590.4189453125,200.8662109375
4380,92,590.7880859375,190.771484375
4381,91,590.9052734375,200.990234375
4382,92,588.2666015625,191.1015625
4383,91,592.09765625,200.9873046875
4384,92,590.9541015625,190.443359375
4385,91,592.1982421875,200.8818359375
4386,92,588.4677734375,190.634765625
4387,91,591.78125,200.259765625
4388,92,591.2392578125,189.80078125
4389,91,592.876953125,200.6494140625
4390,92,590.1904296875,190.59765625
4391,91,595.7734375,201.162109375
4392,92,592.0830078125,189.68359375
4393,92,590.4404296875,199.515625
4394,92,586.6650390625,199.0166015625
4395,92,590.537109375,198.3984375
4396,92,593.001953125,198.8916015625
4397,92,593.3603515625,199.7216796875
4398,92,588.7109375,199.517578125
4399,92,594.275390625,199.63671875
4400,92,594.8818359375,199.2119140625
4401,91,597.0869140625,200.513671875
4402,92,590.0,190.01171875
4403,91,598.4541015625,200.4267578125
4404,92,598.439453125,190.240234375
4405,91,600.6728515625,201.650390625
4406,92,592.8740234375,190.46875
4407,91,604.208984375,201.578125
4408,92,603.4833984375,190.806640625
4409,91,604.3486328125,202.0791015625
4410,92,591.4013671875,189.3720703125
4411,91,600.3603515625,200.5791015625
4412,92,597.5380859375,189.708984375
4413,91,600.6826171875,200.3037109375
4414,92,602.962890625,190.9091796875
4415,87,683.583984375,238.8994140625
4416,88,683.583984375,188.1015625
4417,88,714.1962890625,199.3408203125
4418,88,702.7978515625,195.009765625
4419,88,708.71875,195.1171875
4420,88,701.732421875,192.27734375
4421,88,696.3037109375,192.7705078125
4422,88,714.41796875,197.8662109375
4423,87,733.5849609375,203.2158203125
4424,87,734.7939453125,193.1640625
4425,88,726.380859375,190.5869140625
4426,87,735.5,204.0537109375
4427,87,744.9287109375,196.2734375
4428,87,756.9208984375,199.6103515625
4429,87,763.9140625,199.8212890625
4430,86,762.955078125,200.68359375
4431,86,773.6669921875,199.876953125
4432,86,754.6728515625,196.9853515625
4433,85,791.41796875,206.50390625
4434,85,795.533203125,198.9072265625
4435,84,813.509765625,203.4267578125
4436,84,792.2626953125,196.4560546875
4437,84,816.0205078125,196.685546875
4438,84,807.3583984375,194.9287109375
4439,84,807.9921875,194.8046875
4440,85,790.359375,191.6298828125
4441,84,806.7451171875,205.7373046875
4442,84,839.5546875,199.4794921875
4443,83,851.8955078125,204.3056640625
4444,83,852.5361328125,199.8759765625
4445,83,847.107421875,199.6376953125
4446,83,847.380859375,199.0634765625
4447,83,827.591796875,193.1923828125
4448,84,811.5078125,188.634765625
4449,85,783.7099609375,190.2861328125
4450,85,809.654296875,197.76171875
4451,85,815.201171875,198.5458984375
4452,85,809.7294921875,194.7392578125
4453,85,792.4765625,193.66796875
