3031,35,1357.912109375,158.990234375
3032,37,1357.5712890625,176.8935546875
3033,39,1357.544921875,182.58203125
3034,40,1357.3671875,190.10546875
3035,41,1357.3173828125,191.595703125
3036,41,1357.072265625,196.474609375
3037,41,1356.8603515625,196.4638671875
3038,41,1356.7548828125,196.4091796875
3039,41,1356.5126953125,196.3740234375
3040,41,1356.4140625,196.40625
3041,41,1320.23828125,195.6611328125
3042,41,1320.5283203125,195.6015625
3043,41,1320.6982421875,195.607421875
3044,41,1320.931640625,195.6875
3045,41,1320.8505859375,195.6611328125
3046,41,1320.759765625,195.6494140625
3047,41,1320.703125,195.5986328125
3048,41,1320.83203125,195.595703125
3049,41,1321.0498046875,195.548828125
3050,41,1321.234375,195.708984375
3051,41,1321.28125,195.6748046875
3052,41,1321.771484375,195.6904296875
3053,41,1321.90625,195.7666015625
3054,41,1322.0341796875,195.794921875
3055,41,1322.646484375,195.853515625
3056,41,1323.080078125,195.8369140625
3057,41,1326.306640625,195.8779296875
3058,41,1327.3271484375,195.9482421875
3059,41,1327.529296875,195.8828125
3060,41,1327.7431640625,195.9453125
3061,41,1327.55859375,195.990234375
3062,41,1327.78515625,195.9404296875
3063,41,1327.6728515625,195.953125
3064,41,1327.6748046875,195.8974609375
3065,41,1327.4765625,195.9072265625
3066,41,1327.39453125,195.900390625
3067,41,1327.5986328125,195.91015625
3068,41,1327.849609375,195.9599609375
3069,41,1328.4130859375,196.0439453125
3070,41,1329.0966796875,196.0341796875
3071,41,1331.462890625,196.259765625
3072,41,1333.2177734375,196.470703125
3073,41,1337.541015625,195.5576171875
3074,41,1339.0244140625,195.443359375
3075,41,1340.048828125,195.416015625
3076,41,1340.4892578125,195.33203125
3077,41,1340.4658203125,195.3896484375
3078,41,1340.5478515625,195.3232421875
3079,41,1340.560546875,195.2568359375
3080,41,1340.2802734375,195.220703125
3081,41,1339.951171875,195.21484375
3082,41,1339.9443359375,195.1884765625
3083,41,1339.9111328125,195.2109375
3084,41,1339.982421875,195.1513671875
3085,41,1339.763671875,195.1787109375
3086,41,1339.7451171875,195.1611328125
3087,41,1339.4775390625,195.14453125
3088,41,1339.359375,195.1240234375
3089,41,1338.9853515625,194.759765625
3090,41,1339.3828125,194.80078125
3091,41,1340.2978515625,194.79296875
3092,41,1340.56640625,194.9111328125
3093,41,1340.6630859375,194.92578125
3094,41,1340.9833984375,194.91796875
3095,41,1341.0908203125,194.955078125
3096,41,1341.29296875,195.0341796875
3097,41,1341.5498046875,195.0087890625
3098,41,1342.185546875,195.1396484375
3099,41,1342.2919921875,195.2236328125
3100,41,1342.82421875,195.4306640625
3101,41,1343.3984375,195.505859375
3102,41,1343.712890625,195.6318359375
3103,41,1344.3623046875,195.7373046875
3104,41,1344.3798828125,195.677734375
3105,41,1346.296875,195.4541015625
3106,41,1347.2900390625,195.48046875
3107,41,1348.5009765625,195.458984375
3108,41,1348.84765625,195.46875
3109,41,1349.0048828125,195.4208984375
3110,41,1349.1982421875,195.4892578125
3111,41,1349.1943359375,195.4443359375
3112,41,1349.037109375,195.384765625
3113,41,1348.9580078125,195.3642578125
3114,41,1348.8486328125,195.3017578125
3115,41,1348.8876953125,195.3642578125
3116,41,1349.330078125,195.44921875
3117,41,1349.5048828125,195.58203125
3118,41,1349.759765625,195.6455078125
3119,41,1350.208984375,195.7392578125
3120,41,1350.7080078125,195.87890625
3121,41,1352.7138671875,195.84765625
3122,41,1353.4169921875,195.853515625
3123,41,1353.8642578125,195.9169921875
3124,41,1354.0439453125,195.9375
3125,41,1353.6083984375,195.890625
3126,41,1353.4267578125,195.8759765625
3127,41,1353.2783203125,195.83203125
3128,41,1353.15625,195.7373046875
3129,41,1353.1513671875,195.669921875
3130,41,1352.814453125,195.7431640625
3131,41,1352.9580078125,195.69921875
3132,41,1353.392578125,195.8583984375
3133,41,1353.4794921875,195.98046875
3134,41,1353.81640625,196.1689453125
3135,41,1353.9921875,196.158203125
3136,41,1354.4365234375,196.330078125
3137,41,1354.896484375,196.1015625
3138,41,1355.2890625,196.1328125
3139,41,1355.982421875,196.1494140625
3140,41,1356.40625,196.1494140625
3141,41,1356.447265625,196.3076171875
3142,41,1356.5966796875,196.2734375
3143,41,1356.421875,196.275390625
3144,41,1356.51171875,196.259765625
3145,41,1356.478515625,196.087890625
3146,41,1356.568359375,196.1103515625
3147,41,1356.60546875,196.064453125
3148,41,1356.443359375,196.107421875
3149,41,1356.443359375,196.154296875
3150,41,1356.4453125,196.1513671875
3151,41,1356.5517578125,196.09765625
3152,41,1356.7255859375,196.1025390625
3153,41,1356.1826171875,196.095703125
3154,41,1355.94140625,196.0400390625
3155,41,1356.427734375,196.154296875
3156,41,1357.259765625,196.2158203125
3157,41,1357.4775390625,196.3388671875
3158,41,1357.7822265625,196.44921875
3159,41,1358.154296875,196.48046875
3160,41,1357.9501953125,196.6533203125
3161,41,1358.2861328125,196.7216796875
3162,41,1358.3896484375,196.8056640625
3163,41,1358.412109375,196.8525390625
3164,41,1358.6953125,196.873046875
3165,41,1358.8701171875,196.9794921875
3166,41,1359.04296875,196.9296875
3167,41,1359.248046875,197.0615234375
3168,41,1359.162109375,197.0458984375
3169,41,1358.703125,196.859375
3170,41,1359.5361328125,196.90625
3171,41,1359.837890625,196.923828125
3172,41,1360.2822265625,196.9248046875
3173,41,1360.220703125,196.8720703125
3174,41,1360.1572265625,196.8564453125
3175,41,1360.4189453125,196.923828125
3176,41,1360.484375,196.8916015625
3177,41,1360.4111328125,196.91796875
3178,41,1360.59375,197.0400390625
3179,41,1360.384765625,197.0322265625
3180,41,1360.375,197.009765625
3181,41,1360.5390625,197.0859375
3182,41,1360.560546875,197.13671875
3183,41,1360.2666015625,197.2177734375
3184,41,1360.40625,197.18359375
3185,41,1359.6298828125,197.0908203125
3186,41,1358.5849609375,197.076171875
3187,41,1358.6279296875,197.1240234375
3188,41,1358.552734375,197.1181640625
3189,41,1358.216796875,197.12109375
3190,41,1358.2021484375,197.068359375
3191,41,1358.263671875,197.0791015625
3192,41,1358.1455078125,197.0419921875
3193,41,1358.0029296875,196.9765625
3194,41,1357.6806640625,196.8837890625
3195,41,1357.1728515625,196.822265625
3196,41,1356.9677734375,196.806640625
3197,41,1356.8515625,196.8154296875
3198,41,1356.5732421875,196.7451171875
3199,41,1356.2255859375,196.68359375
3200,41,1355.728515625,196.6572265625
3201,41,1304.7958984375,194.224609375
3202,41,1305.228515625,194.193359375
3203,41,1305.48046875,194.17578125
3204,41,1305.6015625,194.17578125
3205,41,1305.7490234375,194.17578125
3206,41,1306.1845703125,194.2392578125
3207,41,1306.2138671875,194.244140625
3208,41,1306.552734375,194.2724609375
3209,41,1306.77734375,194.3056640625
3210,41,1307.0595703125,194.3994140625
3211,41,1307.3193359375,194.3857421875
3212,41,1307.5146484375,194.3974609375
3213,41,1307.626953125,194.4306640625
3214,41,1307.9111328125,194.4189453125
3215,41,1308.3232421875,194.5859375
3216,41,1310.3701171875,194.841796875
3217,41,1317.6611328125,194.7119140625
3218,41,1319.291015625,194.7265625
3219,41,1320.7548828125,194.7021484375
3220,41,1321.3837890625,194.7783203125
3221,41,1321.5234375,194.8134765625
3222,41,1321.9609375,194.8505859375
3223,41,1322.279296875,194.8388671875
3224,41,1322.236328125,194.8134765625
3225,41,1321.9755859375,194.7451171875
3226,41,1322.083984375,194.7958984375
3227,41,1321.8662109375,194.705078125
3228,41,1321.912109375,194.7392578125
3229,41,1321.7724609375,194.712890625
3230,41,1321.7802734375,194.61328125
3231,41,1323.4306640625,194.7578125
3232,41,1324.30078125,194.947265625
3233,41,1325.6396484375,194.84765625
3234,41,1327.05859375,194.8271484375
3235,41,1328.802734375,194.9912109375
3236,41,1329.509765625,195.0595703125
3237,41,1330.4072265625,195.13671875
3238,41,1330.982421875,195.2744140625
3239,41,1331.75390625,195.4384765625
3240,41,1332.123046875,195.5341796875
3241,41,1332.677734375,195.54296875
3242,41,1332.708984375,195.6396484375
3243,41,1333.1552734375,195.673828125
3244,41,1333.69921875,195.814453125
3245,41,1334.345703125,195.822265625
3246,41,1334.5869140625,195.923828125
3247,41,1334.9345703125,196.0087890625
3248,41,1335.6962890625,196.111328125
3249,41,1337.3173828125,196.2509765625
3250,41,1338.6337890625,196.310546875
3251,41,1339.9619140625,196.4482421875
3252,41,1340.751953125,196.4814453125
3253,41,1341.447265625,196.5654296875
3254,41,1341.76171875,196.552734375
3255,41,1341.8681640625,196.6240234375
3256,41,1342.310546875,196.578125
3257,41,1342.6669921875,196.7451171875
3258,41,1343.0185546875,196.779296875
3259,41,1343.568359375,196.888671875
3260,41,1343.927734375,196.9794921875
3261,41,1345.03125,197.17578125
3262,41,1345.578125,197.17578125
3263,41,1346.5673828125,197.412109375
3264,41,1346.9208984375,197.498046875
3265,41,1348.2353515625,197.55859375
3266,41,1350.0546875,197.6689453125
3267,41,1351.357421875,197.76171875
3268,41,1352.4951171875,197.8076171875
3269,41,1352.763671875,197.8154296875
3270,41,1353.2431640625,197.91796875
3271,41,1353.4287109375,197.9287109375
3272,41,1353.8955078125,197.9228515625
3273,41,1354.2080078125,197.8681640625
3274,41,1353.951171875,197.76953125
3275,41,1354.2294921875,197.94921875
3276,41,1354.3837890625,198.037109375
3277,41,1354.76953125,198.0419921875
3278,41,1355.1396484375,198.0185546875
3279,41,1355.625,198.1640625
3280,41,1355.9267578125,198.220703125
3281,41,1355.126953125,197.92578125
3282,41,1355.4189453125,197.91796875
3283,41,1356.9130859375,198.0751953125
3284,41,1357.2822265625,198.103515625
3285,41,1357.5634765625,198.177734375
3286,41,1358.1767578125,198.1962890625
3287,41,1358.0361328125,198.2392578125
3288,41,1358.0126953125,198.2705078125
3289,41,1358.4248046875,198.11328125
3290,41,1358.8046875,198.1845703125
3291,41,1359.201171875,198.2421875
3292,41,1359.359375,198.3330078125
3293,41,1359.6181640625,198.3310546875
3294,41,1360.1435546875,198.515625
3295,41,1360.59765625,198.5078125
3296,41,1360.5654296875,198.65234375
3297,41,1359.0576171875,198.314453125
3298,41,1359.5849609375,198.33203125
3299,41,1360.685546875,198.548828125
3300,41,1361.66796875,198.474609375
3301,41,1361.814453125,198.44921875
3302,41,1361.771484375,198.4248046875
3303,41,1361.69921875,198.384765625
3304,41,1361.7353515625,198.31640625
3305,41,1361.3798828125,198.2470703125
3306,41,1360.9296875,198.17578125
3307,41,1360.9267578125,198.203125
3308,41,1360.8662109375,198.2265625
3309,41,1361.1474609375,198.2578125
3310,41,1361.3623046875,198.2822265625
3311,41,1361.810546875,198.349609375
3312,41,1361.857421875,198.4150390625
3313,41,1359.7392578125,198.125
3314,41,1360.3388671875,198.1015625
3315,41,1361.44140625,198.1826171875
3316,41,1361.45703125,198.1611328125
3317,41,1361.7578125,198.15625
3318,41,1361.9541015625,198.203125
3319,41,1361.759765625,198.2119140625
3320,41,1361.8291015625,198.1123046875
3321,41,1361.880859375,198.169921875
3322,41,1361.833984375,198.1474609375
3323,41,1361.5908203125,197.990234375
3324,41,1361.6318359375,198.0380859375
3325,41,1361.818359375,198.1865234375
3326,41,1362.1875,198.1279296875
3327,41,1362.5751953125,198.2568359375
3328,41,1362.8232421875,198.240234375
3329,41,1363.0908203125,198.16015625
3330,41,1363.154296875,198.2177734375
3331,41,1363.4365234375,198.2080078125
3332,41,1363.66796875,198.1953125
3333,41,1363.453125,198.166015625
3334,41,1363.4892578125,198.1015625
3335,41,1363.1728515625,198.1201171875
3336,41,1362.7685546875,198.072265625
3337,41,1362.439453125,197.947265625
3338,41,1362.28515625,197.9287109375
3339,41,1361.72265625,197.8828125
3340,41,1361.357421875,197.8134765625
3341,41,1361.208984375,197.7705078125
3342,41,1360.728515625,197.787109375
3343,41,1361.046875,197.7607421875
3344,41,1360.71875,197.8017578125
3345,41,1358.8603515625,197.6279296875
3346,41,1358.2578125,197.5810546875
3347,41,1358.3173828125,197.5302734375
3348,41,1357.96484375,197.517578125
3349,41,1358.0078125,197.4580078125
3350,41,1357.6259765625,197.455078125
3351,41,1357.4990234375,197.396484375
3352,41,1357.1298828125,197.4033203125
3353,41,1356.9345703125,197.353515625
3354,41,1356.5224609375,197.2685546875
3355,41,1356.404296875,197.240234375
3356,41,1356.1796875,197.2685546875
3357,41,1356.0048828125,197.2734375
3358,41,1355.912109375,197.251953125
3359,41,1355.966796875,197.23828125
3360,41,1356.0546875,197.2509765625
3361,41,1323.2265625,195.501953125
3362,41,1323.45703125,195.5107421875
3363,41,1323.5166015625,195.5009765625
3364,41,1323.5009765625,195.4736328125
3365,41,1323.431640625,195.4033203125
3366,41,1323.2783203125,195.3349609375
3367,41,1323.07421875,195.3115234375
3368,41,1323.0830078125,195.3125
3369,41,1322.958984375,195.2509765625
3370,41,1322.7978515625,195.265625
3371,41,1322.7763671875,195.2265625
3372,41,1322.802734375,195.3056640625
3373,41,1323.3984375,195.400390625
3374,41,1323.8359375,195.609375
3375,41,1324.486328125,195.6767578125
3376,41,1325.0986328125,195.8603515625
3377,41,1326.212890625,195.8310546875
3378,41,1327.7197265625,195.7890625
3379,41,1329.5673828125,196.0751953125
3380,41,1330.376953125,196.1611328125
3381,41,1331.30859375,196.2236328125
3382,41,1332.0732421875,196.2744140625
3383,41,1332.2392578125,196.154296875
3384,41,1332.4951171875,196.1748046875
3385,41,1332.646484375,196.2177734375
3386,41,1332.8486328125,196.2109375
3387,41,1332.7646484375,196.1689453125
3388,41,1332.912109375,196.1123046875
3389,41,1332.9814453125,196.255859375
3390,41,1333.2578125,196.2685546875
3391,41,1336.193359375,196.634765625
3392,41,1338.0556640625,196.93359375
3393,41,1342.7978515625,196.8525390625
3394,41,1345.15234375,196.9404296875
3395,41,1346.4560546875,197.1474609375
3396,41,1347.185546875,197.2158203125
3397,41,1347.81640625,197.103515625
3398,41,1348.154296875,197.09375
3399,41,1348.720703125,197.1552734375
3400,41,1348.7451171875,197.1259765625
3401,41,1348.9599609375,197.2158203125
3402,41,1349.087890625,197.1953125
3403,41,1349.2490234375,197.146484375
3404,41,1349.34375,197.2919921875
3405,41,1349.654296875,197.2646484375
3406,41,1350.2294921875,197.4873046875
3407,41,1350.6396484375,197.5302734375
3408,41,1350.9990234375,197.6728515625
3409,41,1352.8759765625,197.1982421875
3410,41,1353.8310546875,197.1640625
3411,41,1354.9296875,197.1884765625
3412,41,1355.13671875,197.1884765625
3413,41,1355.1025390625,197.1494140625
3414,41,1355.09375,197.05078125
3415,41,1355.0478515625,197.046875
3416,41,1354.9990234375,197.02734375
3417,41,1355.115234375,197.0400390625
3418,41,1354.859375,196.9501953125
3419,41,1355.015625,196.9755859375
3420,41,1354.9375,197.0078125
3421,41,1354.865234375,196.96484375
3422,41,1354.6806640625,196.96875
3423,41,1354.5048828125,196.8857421875
3424,41,1354.517578125,196.8662109375
3425,41,1353.9375,196.765625
3426,41,1354.5166015625,196.6552734375
3427,41,1354.5439453125,196.7080078125
3428,41,1354.533203125,196.7431640625
3429,41,1354.73828125,196.728515625
3430,41,1355.4052734375,196.9072265625
3431,41,1355.4658203125,196.9033203125
3432,41,1355.82421875,197.0712890625
3433,41,1356.1328125,197.2099609375
3434,41,1356.4921875,197.310546875
3435,41,1357.1533203125,197.462890625
3436,41,1357.263671875,197.46875
3437,41,1357.62109375,197.7109375
3438,41,1357.9697265625,197.654296875
3439,41,1358.2802734375,197.7509765625
3440,41,1358.3271484375,197.8359375
3441,41,1357.861328125,197.6318359375
3442,41,1358.6640625,197.5869140625
3443,41,1359.818359375,197.7392578125
3444,41,1360.115234375,197.779296875
3445,41,1360.3935546875,197.837890625
3446,41,1360.240234375,197.76953125
3447,41,1360.123046875,197.7568359375
3448,41,1360.3603515625,197.74609375
3449,41,1360.2568359375,197.5927734375
3450,41,1360.1533203125,197.6201171875
3451,41,1360.0966796875,197.53515625
3452,41,1359.927734375,197.6875
3453,41,1360.1181640625,197.7529296875
3454,41,1360.1767578125,197.853515625
3455,41,1360.9609375,197.9375
3456,41,1360.8466796875,198.05078125
3457,41,1359.44921875,197.578125
3458,41,1359.6015625,197.6376953125
3459,41,1360.466796875,197.6826171875
3460,41,1360.546875,197.5458984375
3461,41,1360.61328125,197.5458984375
3462,41,1360.4482421875,197.5078125
3463,41,1360.3955078125,197.490234375
3464,41,1360.435546875,197.5166015625
3465,41,1360.548828125,197.560546875
3466,41,1360.609375,197.5283203125
3467,41,1360.6279296875,197.6640625
3468,41,1361.0869140625,197.658203125
3469,41,1361.37109375,197.7158203125
3470,41,1361.6796875,197.6982421875
3471,41,1361.7783203125,197.8193359375
3472,41,1361.9482421875,197.83984375
3473,41,1362.5693359375,197.482421875
3474,41,1363.1630859375,197.482421875
3475,41,1363.63671875,197.447265625
3476,41,1363.9140625,197.4345703125
3477,41,1363.919921875,197.5068359375
3478,41,1363.828125,197.5263671875
3479,41,1363.947265625,197.544921875
3480,41,1363.9404296875,197.5078125
3481,41,1363.7734375,197.525390625
3482,41,1363.72265625,197.5380859375
3483,41,1363.806640625,197.548828125
3484,41,1363.884765625,197.607421875
3485,41,1363.857421875,197.6298828125
3486,41,1363.263671875,197.6240234375
3487,41,1363.70703125,197.783203125
3488,41,1363.814453125,197.798828125
3489,41,1362.1455078125,197.4052734375
3490,41,1361.7802734375,197.388671875
3491,41,1361.76171875,197.3857421875
3492,41,1361.9765625,197.326171875
3493,41,1361.8994140625,197.3349609375
3494,41,1361.90234375,197.34765625
3495,41,1361.9912109375,197.34765625
3496,41,1361.962890625,197.3671875
3497,41,1361.98046875,197.404296875
3498,41,1362.1064453125,197.4404296875
3499,41,1362.2353515625,197.515625
3500,41,1362.2177734375,197.5302734375
3501,41,1362.1689453125,197.5166015625
3502,41,1362.3037109375,197.529296875
3503,41,1362.275390625,197.5517578125
3504,41,1362.296875,197.5830078125
3505,41,1361.05078125,197.298828125
3506,41,1361.228515625,197.2744140625
3507,41,1360.984375,197.3330078125
3508,41,1360.892578125,197.3115234375
3509,41,1360.8310546875,197.26953125
3510,41,1360.7822265625,197.3095703125
1401,46,1053.44921875,125.2626953125
1402,51,1071.39453125,137.8017578125
1403,56,1054.2119140625,142.2216796875
1404,61,1070.5,155.5419921875
1405,65,1070.392578125,167.8515625
1406,68,1059.0751953125,176.5556640625
1407,69,1075.51171875,188.7666015625
1408,70,1056.86328125,188.451171875
1409,70,1078.75390625,196.6015625
1410,70,1076.2255859375,195.064453125
1411,70,1085.359375,195.8662109375
1412,70,1098.8359375,198.845703125
1413,70,1101.9892578125,199.283203125
1414,70,1094.248046875,197.345703125
1415,70,1084.6845703125,195.2265625
1416,70,1098.3125,198.767578125
1417,70,1103.7783203125,199.5751953125
1418,70,1092.10546875,196.9404296875
1419,70,1085.3984375,194.587890625
1420,70,1100.1083984375,198.12109375
1421,70,1103.3916015625,198.4541015625
1422,70,1094.2861328125,196.4443359375
1423,70,1086.115234375,193.7080078125
1424,70,1101.49609375,197.5556640625
1425,70,1105.8857421875,198.5830078125
1426,70,1092.3896484375,195.3486328125
1427,70,1088.6201171875,195.0703125
1428,70,1101.0703125,198.1240234375
1429,70,1109.2763671875,199.4345703125
1430,70,1098.4921875,197.435546875
1431,70,1098.125,196.7900390625
1432,70,1109.0078125,198.685546875
1433,69,1117.1943359375,200.021484375
1434,69,1103.6796875,193.044921875
1435,70,1097.5556640625,191.1025390625
1436,70,1113.330078125,199.583984375
1437,69,1122.818359375,200.5419921875
1438,69,1100.33984375,193.32421875
1439,69,1096.736328125,192.9970703125
1440,69,1117.2939453125,195.390625
1441,68,1069.7314453125,203.955078125
1442,68,1096.939453125,192.443359375
1443,68,1136.435546875,197.51953125
1444,68,1114.244140625,194.1943359375
1445,69,1110.8046875,191.8837890625
1446,69,1124.5751953125,198.115234375
1447,69,1135.8232421875,199.4521484375
1448,69,1117.5615234375,197.33203125
1449,69,1104.19921875,194.48046875
1450,69,1115.7177734375,197.0185546875
1451,69,1122.31640625,198.2744140625
1452,69,1111.4716796875,196.41015625
1453,69,1096.5107421875,193.2041015625
1454,69,1094.1982421875,194.3486328125
1455,69,1106.068359375,196.16796875
1456,70,1070.5615234375,189.0517578125
1457,69,1104.357421875,200.310546875
1458,70,1083.185546875,191.2685546875
1459,70,1080.0888671875,195.314453125
1460,70,1093.71484375,199.1767578125
1461,70,1065.8193359375,192.4326171875
1462,70,1090.80078125,197.974609375
1463,71,1064.24609375,191.5146484375
1464,70,1085.921875,200.4873046875
1465,71,1061.658203125,190.275390625
1466,71,1080.982421875,199.4677734375
1467,71,1059.8369140625,194.142578125
1468,71,1073.19140625,198.9228515625
1469,71,1055.439453125,192.8447265625
1470,71,1070.58203125,198.09765625
1471,71,1050.3701171875,192.5546875
1472,71,1068.712890625,197.8310546875
1473,72,1048.6376953125,192.2421875
1474,72,1054.228515625,198.73046875
1475,72,1045.5244140625,193.1875
1476,72,1055.92578125,196.73828125
1477,72,1055.53125,196.66015625
1478,72,1053.3251953125,195.1259765625
1479,73,1032.9873046875,188.6708984375
1480,73,1034.552734375,196.0615234375
1481,74,1025.5205078125,191.2373046875
1482,73,1023.7568359375,200.533203125
1483,74,1018.818359375,189.7109375
1484,74,1022.291015625,197.076171875
1485,74,1006.806640625,197.5009765625
1486,74,1007.6787109375,192.990234375
1487,74,1011.8642578125,195.3447265625
1488,75,998.9150390625,189.7255859375
1489,76,1003.30078125,191.0068359375
1490,76,988.3857421875,194.6806640625
1491,77,989.6171875,191.119140625
1492,77,996.4638671875,199.1806640625
1493,77,984.7578125,198.9375
1494,77,987.5478515625,197.107421875
1495,77,976.8896484375,195.154296875
1496,77,976.5146484375,197.0869140625
1497,77,959.986328125,197.05859375
1498,77,961.0830078125,193.646484375
1499,77,972.9443359375,197.7724609375
1500,77,953.603515625,192.4697265625
1501,77,954.6513671875,195.134765625
1502,78,944.296875,189.6826171875
1503,78,949.099609375,198.5693359375
1504,78,950.09765625,198.044921875
1505,78,936.6220703125,196.5234375
1506,78,932.947265625,193.947265625
1507,79,919.748046875,191.5341796875
1508,80,906.8525390625,191.412109375
1509,80,893.369140625,195.9169921875
1510,80,892.3935546875,195.197265625
1511,80,892.130859375,195.373046875
1512,80,884.740234375,194.705078125
1513,80,885.5888671875,194.896484375
1514,80,872.7099609375,192.7265625
1515,81,864.541015625,191.5458984375
1516,81,864.306640625,198.154296875
1517,81,857.138671875,197.2626953125
1518,81,862.099609375,197.04296875
1519,81,842.5107421875,193.333984375
1520,82,831.9921875,190.0615234375
1521,83,811.7001953125,188.400390625
1522,83,799.57421875,194.6484375
1523,84,774.103515625,187.2490234375
1524,85,776.7421875,192.03515625
1525,85,781.333984375,198.083984375
1526,85,789.5390625,199.8525390625
1527,84,795.240234375,201.3349609375
1528,84,798.759765625,195.5966796875
1529,85,784.9619140625,191.7763671875
1530,86,756.3603515625,189.41015625
1531,86,736.9091796875,192.2978515625
1532,89,599.130859375,176.296875
1533,86,681.6875,217.5126953125
1534,88,645.802734375,182.361328125
1535,89,621.474609375,190.3310546875
1536,90,608.935546875,190.5068359375
1537,89,608.1943359375,203.1259765625
1538,90,593.779296875,186.10546875
1539,88,609.8525390625,208.6943359375
1540,88,628.6806640625,194.19140625
1541,89,623.94140625,189.09375
1542,89,625.900390625,195.8603515625
1543,89,632.6181640625,197.841796875
1544,89,636.14453125,199.6611328125
1545,88,648.5859375,202.6455078125
1546,87,669.3359375,200.91796875
1547,87,684.751953125,193.6796875
1548,87,701.0205078125,197.4541015625
1549,86,712.90625,201.4228515625
1550,85,733.1513671875,202.5556640625
1551,85,732.87109375,193.7861328125
1552,85,739.6494140625,194.3984375
1553,85,740.9970703125,194.28515625
1554,85,742.0888671875,194.630859375
1555,85,745.109375,196.9521484375
1556,85,753.568359375,199.7099609375
1557,84,759.689453125,203.1533203125
1558,84,757.96484375,198.826171875
1559,84,757.78515625,198.619140625
1560,84,746.9775390625,195.3427734375
1561,82,783.2021484375,208.3203125
1562,84,772.3984375,183.4384765625
1563,84,772.6796875,195.111328125
1564,85,759.8798828125,187.7236328125
1565,85,731.583984375,192.294921875
1566,86,743.189453125,190.3564453125
1567,86,728.0908203125,199.4580078125
1568,85,745.384765625,201.626953125
1569,86,723.1748046875,190.7919921875
1570,86,737.3125,198.40234375
1571,86,734.9052734375,199.357421875
1572,84,757.0703125,209.9853515625
1573,85,710.55078125,189.138671875
1574,85,748.89453125,199.158203125
1575,85,757.03125,199.556640625
1576,84,759.603515625,202.1796875
1577,84,718.9287109375,193.109375
1578,84,751.1767578125,195.56640625
1579,84,744.5830078125,192.630859375
1580,84,750.546875,195.1103515625
1581,85,714.34375,190.2177734375
1582,85,745.98046875,198.0419921875
1583,85,741.08984375,197.5947265625
1584,85,756.994140625,199.09375
1585,84,759.19921875,200.0146484375
1586,84,744.1796875,194.8154296875
1587,84,762.193359375,195.7548828125
1588,84,759.857421875,199.41796875
1589,84,771.5068359375,199.8076171875
1590,84,749.228515625,198.4853515625
1591,84,763.23828125,197.9658203125
1592,84,743.4521484375,196.6923828125
1593,84,758.4287109375,197.05859375
1594,84,749.1435546875,196.5556640625
1595,84,745.4609375,198.029296875
1596,84,695.6240234375,192.521484375
1597,84,733.6201171875,194.4970703125
1598,84,729.9111328125,192.9912109375
1599,84,737.1455078125,195.662109375
1600,84,702.279296875,193.509765625
1601,84,737.3134765625,194.9931640625
1602,84,736.1591796875,198.306640625
1603,84,751.6923828125,196.8759765625
1604,84,741.94140625,197.6875
1605,84,754.0908203125,194.869140625
1606,84,740.3583984375,195.900390625
1607,84,756.005859375,196.1123046875
1608,84,744.8056640625,198.3193359375
1609,84,760.181640625,198.5849609375
1610,84,758.9150390625,199.962890625
1611,83,758.6708984375,201.07421875
1612,84,709.4853515625,190.513671875
1613,84,749.33203125,198.38671875
1614,84,746.9755859375,196.2861328125
1615,84,717.798828125,192.947265625
1616,84,745.126953125,193.90234375
1617,85,735.3125,189.46875
1618,85,740.3701171875,198.0205078125
1619,85,697.3740234375,193.3125
1620,85,739.2412109375,199.37109375
1621,85,729.5771484375,195.9453125
1622,86,705.51171875,191.6044921875
1623,86,689.2998046875,197.37109375
1624,86,685.2890625,197.43359375
1625,86,684.333984375,197.849609375
1626,86,685.3798828125,198.8857421875
1627,86,683.16796875,197.396484375
1628,87,664.8955078125,190.55078125
1629,87,668.5048828125,197.9482421875
1630,87,676.578125,199.2587890625
1631,86,700.015625,204.8935546875
1632,85,705.833984375,200.6376953125
1633,85,713.5947265625,192.9951171875
1634,86,711.068359375,191.091796875
1635,86,708.7900390625,199.62109375
1636,87,678.58984375,189.7119140625
1637,89,632.470703125,179.75390625
1638,91,585.044921875,181.169921875
1639,90,587.890625,206.48046875
1640,89,601.4013671875,200.8505859375
1641,90,608.3271484375,189.080078125
1642,90,594.0712890625,198.6591796875
1643,90,593.578125,198.8115234375
1644,89,606.6552734375,203.837890625
1645,89,620.6591796875,193.650390625
1646,89,627.0322265625,197.095703125
1647,88,638.580078125,201.509765625
1648,88,641.443359375,196.9111328125
1649,85,711.80859375,216.0810546875
1650,87,656.4677734375,180.990234375
1651,86,698.4111328125,201.62890625
1652,87,681.67578125,191.8212890625
1653,86,689.2529296875,201.5263671875
1654,87,649.94921875,189.8369140625
1655,86,697.390625,200.9736328125
1656,86,691.8505859375,196.6171875
1657,86,703.5400390625,194.859375
1658,86,686.927734375,195.0517578125
1659,86,701.8828125,193.494140625
1660,86,684.4609375,192.6435546875
1661,86,708.9560546875,193.919921875
1662,86,689.35546875,194.9365234375
1663,86,708.625,194.6611328125
1664,86,695.4501953125,195.376953125
1665,86,719.46875,198.466796875
1666,86,699.962890625,197.5478515625
1667,86,722.037109375,197.90234375
1668,85,711.8681640625,200.146484375
1669,86,721.8271484375,190.828125
1670,86,713.1943359375,197.94140625
1671,86,681.82421875,196.4091796875
1672,91,332.86328125,99.0888671875
1673,96,336.166015625,119.57421875
1674,95,350.1083984375,203.125
1675,96,360.29296875,190.3876953125
1676,92,390.1162109375,228.5380859375
1677,95,435.37109375,170.3876953125
1678,90,477.7451171875,249.462890625
1679,91,524.4990234375,187.43359375
1680,89,560.4755859375,207.7763671875
1681,89,600.7255859375,197.912109375
1682,92,535.412109375,169.275390625
1683,94,489.3701171875,179.5625
1684,92,472.8896484375,208.80078125
1685,97,445.1962890625,159.109375
1686,92,456.4072265625,290.2900390625
1687,94,488.6328125,176.8896484375
1688,89,528.759765625,235.794921875
1689,92,543.576171875,173.8388671875
1690,90,555.654296875,207.9326171875
1691,90,562.6923828125,193.8447265625
1692,90,572.78515625,197.8984375
1693,89,580.6884765625,202.28125
1694,90,585.40625,191.7294921875
1695,90,571.7109375,196.93359375
1696,90,570.787109375,196.36328125
1697,91,564.6962890625,190.427734375
1698,90,582.39453125,205.7275390625
1699,95,341.822265625,120.86328125
1700,95,385.427734375,196.6015625
1701,93,418.5634765625,209.4873046875
1702,96,435.3369140625,170.2041015625
1703,91,442.2685546875,243.2900390625
1704,96,456.33984375,151.435546875
1705,91,452.0654296875,248.041015625
1706,96,462.8828125,155.1103515625
1707,91,467.392578125,255.73828125
1708,96,466.376953125,156.947265625
1709,91,476.404296875,258.9892578125
1710,96,454.7919921875,153.65234375
1711,91,447.74609375,244.685546875
1712,96,433.44921875,144.75390625
1713,91,437.4970703125,238.0458984375
1714,96,432.4072265625,143.443359375
1715,91,436.44140625,237.1494140625
1716,96,445.2333984375,148.0361328125
1717,91,438.28515625,238.1826171875
1718,96,434.8994140625,145.1494140625
1719,91,442.7177734375,240.611328125
1720,96,447.365234375,147.669921875
1721,91,451.27734375,245.0654296875
1722,96,470.1748046875,155.00390625
1723,91,478.75390625,258.833984375
1724,95,491.8134765625,162.0419921875
1725,90,515.6953125,245.646484375
1726,94,527.3212890625,164.0634765625
1727,90,541.5380859375,226.0341796875
1728,94,544.25390625,168.1162109375
1729,90,544.7158203125,226.6103515625
1730,93,545.314453125,169.068359375
1731,91,551.408203125,208.2041015625
1732,93,550.8330078125,178.7294921875
1733,92,542.9814453125,203.599609375
1734,94,540.5029296875,183.5078125
1735,91,535.1591796875,222.9970703125
1736,94,534.8681640625,173.3330078125
1737,91,527.4560546875,220.15234375
1738,94,529.1806640625,171.841796875
1739,90,537.265625,223.9130859375
1740,85,754.234375,278.3115234375
1741,80,834.474609375,231.1201171875
1742,80,799.4638671875,193.00390625
1743,80,838.1259765625,196.77734375
1744,80,801.2646484375,194.8486328125
1745,80,839.0673828125,197.236328125
1746,80,815.8564453125,195.8837890625
1747,80,844.466796875,196.814453125
1748,80,848.015625,197.9365234375
1749,80,799.240234375,194.0517578125
1750,80,842.7177734375,196.2470703125
1751,80,835.3623046875,193.998046875
1752,80,839.30859375,195.7275390625
1753,81,790.1533203125,191.2880859375
1754,81,830.5244140625,199.8779296875
1755,81,829.150390625,199.177734375
1756,80,835.4404296875,202.271484375
1757,81,782.115234375,192.1005859375
1758,81,823.095703125,199.1416015625
1759,81,800.818359375,197.736328125
1760,81,817.8876953125,196.1298828125
1761,81,795.0126953125,194.7734375
1762,81,816.3154296875,195.693359375
1763,81,798.3193359375,195.666015625
1764,81,818.205078125,197.408203125
1765,81,807.654296875,198.01171875
1766,80,828.30078125,200.1005859375
1767,80,828.126953125,193.7626953125
1768,80,830.6259765625,195.6650390625
1769,81,789.92578125,191.77734375
1770,81,819.1728515625,199.2568359375
1771,80,826.345703125,202.630859375
1772,80,840.58984375,197.521484375
1773,80,830.41015625,194.2421875
1774,80,830.564453125,195.8095703125
1775,81,786.900390625,191.90234375
1776,80,822.421875,200.0556640625
1777,80,827.8271484375,193.8427734375
1778,80,839.15625,197.0693359375
1779,81,788.5927734375,192.2353515625
1780,80,828.3662109375,200.3857421875
1781,80,826.275390625,193.1484375
1782,80,840.8974609375,197.900390625
1783,80,801.029296875,194.822265625
1784,80,831.78125,195.3076171875
1785,80,836.7900390625,197.732421875
1786,80,846.673828125,196.6064453125
1787,80,838.603515625,198.212890625
1788,79,860.6533203125,200.5615234375
1789,79,862.4697265625,194.8193359375
1790,79,862.193359375,194.55859375
1791,80,822.7822265625,191.46484375
1792,79,861.9326171875,200.6015625
1793,79,867.921875,195.48828125
1794,79,878.3779296875,197.990234375
1795,79,848.8154296875,195.59375
1796,79,873.310546875,196.9267578125
1797,79,876.1748046875,195.435546875
1798,79,879.8935546875,195.900390625
1799,84,593.0595703125,131.5830078125
1800,89,610.037109375,158.7412109375
1801,84,866.1083984375,254.375
1802,81,883.0185546875,221.8330078125
1803,79,904.1865234375,209.0888671875
1804,79,917.3935546875,197.283203125
1805,83,731.9208984375,162.185546875
1806,88,641.498046875,159.2041015625
1807,89,627.71875,184.7451171875
1808,86,718.123046875,222.5615234375
1809,84,768.9580078125,211.474609375
1810,83,806.564453125,205.740234375
1811,83,776.853515625,193.23046875
1812,88,628.1962890625,153.3056640625
1813,90,612.185546875,179.7509765625
1814,90,607.2578125,196.7919921875
1815,86,690.228515625,227.9833984375
1816,85,746.232421875,206.4716796875
1817,83,791.1201171875,209.91015625
1818,86,706.1259765625,175.525390625
1819,90,621.0263671875,167.7109375
1820,85,723.5791015625,238.4794921875
