3291,35,1279.9638671875,129.884765625
3292,40,1277.888671875,144.6953125
3293,45,1279.0830078125,156.265625
3294,48,1280.9365234375,169.529296875
3295,51,1279.4189453125,175.7041015625
3296,53,1283.0068359375,180.9775390625
3297,54,1289.091796875,189.2216796875
3298,55,1288.3740234375,190.5078125
3299,55,1289.6435546875,192.9140625
3300,55,1290.5556640625,193.1376953125
3301,55,1290.50390625,192.9384765625
3302,55,1290.693359375,193.005859375
3303,55,1291.67578125,193.27734375
3304,55,1290.7392578125,192.984375
3305,55,1290.8037109375,192.966796875
3306,55,1291.9892578125,193.2294921875
3307,55,1290.361328125,192.900390625
3308,55,1290.0693359375,192.8681640625
3309,55,1290.6181640625,193.275390625
3310,55,1288.7919921875,192.8203125
3311,55,1287.6015625,192.689453125
3312,55,1287.92578125,192.921875
3313,55,1286.03125,192.599609375
3314,55,1286.525390625,192.4072265625
3315,55,1287.8046875,192.76171875
3316,55,1286.5224609375,192.6181640625
3317,55,1287.3056640625,192.7490234375
3318,55,1288.724609375,193.0537109375
3319,55,1287.0126953125,192.712890625
3320,55,1285.7392578125,192.8779296875
3321,55,1287.5078125,193.3359375
3322,55,1282.6552734375,192.771484375
3323,55,1278.587890625,192.5693359375
3324,55,1279.2568359375,193.220703125
3325,55,1278.359375,192.9404296875
3326,55,1279.6240234375,192.833984375
3327,55,1281.4052734375,193.1650390625
3328,55,1284.9306640625,193.2919921875
3329,55,1293.681640625,193.419921875
3330,55,1292.75390625,193.2255859375
3331,55,1294.4736328125,193.150390625
3332,55,1295.5341796875,193.3955078125
3333,55,1295.3212890625,193.24609375
3334,55,1295.5908203125,193.1767578125
3335,55,1296.28125,193.3369140625
3336,55,1295.52734375,193.2109375
3337,55,1295.9169921875,193.2568359375
3338,55,1296.2880859375,193.4423828125
3339,55,1295.380859375,193.2861328125
3340,55,1295.6533203125,193.263671875
3341,55,1296.3076171875,193.5341796875
3342,55,1295.0888671875,193.224609375
3343,55,1294.384765625,193.0908203125
3344,55,1294.5205078125,193.3447265625
3345,55,1291.548828125,192.9052734375
3346,55,1289.982421875,192.7255859375
3347,55,1290.205078125,192.958984375
3348,55,1289.55078125,192.7138671875
3349,55,1287.7783203125,192.7294921875
3350,55,1287.8681640625,192.884765625
3351,55,1286.2294921875,192.53125
3352,55,1285.671875,192.6015625
3353,55,1285.8115234375,192.6962890625
3354,55,1280.330078125,192.27734375
3355,56,1275.2900390625,192.0849609375
3356,56,1272.33203125,195.3046875
3357,56,1271.8984375,195.1044921875
3358,56,1271.8251953125,195.2646484375
3359,56,1271.5458984375,195.24609375
3360,56,1271.3984375,195.2294921875
3361,56,1248.6259765625,194.521484375
3362,56,1251.884765625,194.16796875
3363,56,1251.8486328125,194.220703125
3364,56,1252.5244140625,194.2685546875
3365,56,1252.2255859375,194.046875
3366,56,1251.595703125,193.9541015625
3367,56,1252.2626953125,194.0615234375
3368,56,1251.556640625,193.921875
3369,56,1251.5771484375,193.9912109375
3370,56,1251.99609375,194.1923828125
3371,56,1251.0849609375,193.98828125
3372,56,1250.876953125,193.9501953125
3373,56,1250.8642578125,194.2666015625
3374,56,1250.712890625,194.0771484375
3375,56,1251.0859375,194.0185546875
3376,56,1250.5732421875,194.2490234375
3377,56,1249.2392578125,193.8486328125
3378,56,1251.1923828125,193.888671875
3379,56,1253.0263671875,194.3115234375
3380,56,1253.89453125,194.3369140625
3381,56,1254.7470703125,194.3408203125
3382,56,1253.2001953125,194.140625
3383,56,1253.6806640625,194.1181640625
3384,56,1254.69921875,194.458984375
3385,56,1248.5439453125,193.75
3386,56,1247.37109375,193.5673828125
3387,56,1247.2958984375,194.1953125
3388,56,1245.42578125,193.8955078125
3389,56,1247.5830078125,193.9873046875
3390,56,1248.9453125,194.36328125
3391,56,1254.033203125,194.60546875
3392,56,1259.21484375,194.8125
3393,56,1257.970703125,194.234375
3394,56,1265.431640625,194.1943359375
3395,56,1268.75390625,194.6650390625
3396,56,1269.3251953125,194.51953125
3397,56,1271.0947265625,194.5830078125
3398,56,1272.173828125,194.8525390625
3399,56,1271.90234375,194.5859375
3400,56,1272.505859375,194.5703125
3401,56,1273.197265625,194.7578125
3402,56,1272.4140625,194.544921875
3403,56,1273.1201171875,194.5068359375
3404,56,1273.4072265625,194.75390625
3405,56,1272.361328125,194.3818359375
3406,56,1272.74609375,194.349609375
3407,56,1273.1611328125,194.7236328125
3408,56,1270.90234375,194.23046875
3409,56,1271.271484375,194.1845703125
3410,56,1272.6572265625,194.4677734375
3411,56,1271.9033203125,194.0966796875
3412,56,1273.0224609375,194.1904296875
3413,56,1273.9609375,194.5849609375
3414,56,1272.60546875,194.3173828125
3415,56,1272.498046875,194.3662109375
3416,56,1273.8720703125,194.7529296875
3417,56,1268.5234375,194.1103515625
3418,56,1264.3115234375,194.044921875
3419,56,1265.599609375,194.8115234375
3420,56,1264.2470703125,194.533203125
3421,56,1265.931640625,194.685546875
3422,56,1267.28125,194.9501953125
3423,56,1268.6142578125,195.1162109375
3424,56,1268.2236328125,194.5166015625
3425,56,1274.6533203125,194.3779296875
3426,56,1279.4931640625,195.0849609375
3427,56,1278.986328125,194.853515625
3428,56,1280.4501953125,194.7958984375
3429,56,1281.650390625,194.892578125
3430,56,1280.701171875,194.71875
3431,56,1281.0400390625,194.70703125
3432,56,1281.55078125,194.9775390625
3433,56,1280.015625,194.736328125
3434,56,1280.1728515625,194.607421875
3435,56,1280.8935546875,194.822265625
3436,56,1279.6318359375,194.58984375
3437,56,1279.51171875,194.6005859375
3438,56,1280.294921875,194.791015625
3439,56,1280.34765625,194.796875
3440,56,1280.2265625,194.759765625
3441,56,1276.4560546875,194.0986328125
3442,56,1276.2373046875,193.953125
3443,56,1276.9755859375,194.2861328125
3444,56,1279.0400390625,194.33984375
3445,56,1277.921875,194.19921875
3446,56,1277.75390625,194.296875
3447,56,1278.71875,194.408203125
3448,56,1275.91015625,194.5869140625
3449,56,1273.88671875,194.212890625
3450,56,1274.9326171875,194.2412109375
3451,56,1276.6357421875,194.7333984375
3452,56,1275.953125,194.5546875
3453,56,1277.9189453125,194.6484375
3454,56,1278.8056640625,194.7880859375
3455,56,1280.189453125,194.94921875
3456,56,1281.18359375,195.0673828125
3457,56,1278.7890625,194.4736328125
3458,56,1282.5498046875,194.48046875
3459,56,1285.6142578125,195.00390625
3460,56,1285.8876953125,194.9833984375
3461,56,1286.34375,194.91796875
3462,56,1286.80859375,195.08984375
3463,56,1286.478515625,194.818359375
3464,56,1286.46484375,194.9462890625
3465,56,1287.1533203125,195.22265625
3466,56,1286.291015625,195.0830078125
3467,56,1285.9091796875,194.947265625
3468,56,1286.2109375,195.138671875
3469,56,1284.9296875,194.6982421875
3470,56,1284.736328125,194.7978515625
3471,56,1285.302734375,195.0283203125
3472,56,1282.3935546875,194.38671875
3473,56,1281.455078125,194.28125
3474,56,1283.15625,194.8125
3475,56,1282.021484375,194.5078125
3476,56,1282.15234375,194.5068359375
3477,56,1282.98046875,194.861328125
3478,56,1279.8291015625,194.21484375
3479,56,1276.861328125,194.0908203125
3480,56,1278.216796875,194.681640625
3481,56,1275.853515625,194.2158203125
3482,56,1275.431640625,194.158203125
3483,56,1277.6865234375,194.6171875
3484,56,1276.53125,194.595703125
3485,56,1278.470703125,194.74609375
3486,56,1279.216796875,194.90625
3487,56,1278.19921875,194.3671875
3488,56,1280.7578125,194.0546875
3489,56,1284.61328125,194.744140625
3490,56,1284.3134765625,194.509765625
3491,56,1286.419921875,194.6630859375
3492,56,1287.66015625,194.6591796875
3493,56,1286.6943359375,194.3212890625
3494,56,1286.5,194.236328125
3495,56,1287.4189453125,194.421875
3496,56,1286.3876953125,194.279296875
3497,56,1285.5986328125,194.1982421875
3498,56,1286.3017578125,194.3935546875
3499,56,1285.02734375,194.173828125
3500,56,1283.5234375,194.02734375
3501,56,1284.0947265625,194.330078125
3502,56,1282.587890625,193.982421875
3503,56,1282.0166015625,193.9697265625
3504,56,1282.650390625,194.1669921875
3505,56,1278.6328125,193.9716796875
3506,56,1277.0615234375,193.5341796875
3507,56,1276.3662109375,193.43359375
3508,56,1276.73828125,193.564453125
3509,56,1273.8916015625,193.0986328125
3510,56,1269.53515625,193.0419921875
3511,56,1267.0263671875,193.2646484375
3512,56,1265.517578125,193.0283203125
3513,56,1264.1884765625,192.8427734375
3514,56,1263.671875,192.94140625
3515,56,1263.1767578125,192.89453125
3516,56,1262.787109375,193.236328125
3517,56,1262.8017578125,193.37109375
3518,56,1261.9384765625,193.1943359375
3519,56,1262.046875,193.2265625
3520,56,1261.1328125,192.912109375
3521,56,1243.5478515625,192.62890625
3522,56,1245.6298828125,192.4892578125
3523,56,1245.962890625,192.42578125
3524,56,1247.111328125,192.4716796875
3525,57,1246.560546875,192.2080078125
3526,57,1246.1826171875,195.693359375
3527,57,1246.46484375,195.8505859375
3528,57,1245.8818359375,195.7685546875
3529,57,1246.1015625,195.7724609375
3530,57,1246.7490234375,195.86328125
3531,57,1245.6767578125,195.6044921875
3532,57,1245.8115234375,195.6630859375
3533,57,1244.62109375,195.8857421875
3534,57,1246.7021484375,195.771484375
3535,57,1247.0400390625,195.8125
3536,57,1247.7998046875,195.861328125
3537,57,1247.501953125,195.6083984375
3538,57,1249.5439453125,195.6865234375
3539,57,1248.5224609375,195.33203125
3540,57,1249.16015625,195.5439453125
3541,57,1249.814453125,195.8408203125
3542,57,1249.927734375,195.7802734375
3543,57,1242.806640625,195.34375
3544,57,1243.03125,195.3740234375
3545,57,1243.328125,195.369140625
3546,57,1244.2451171875,195.341796875
3547,57,1244.537109375,195.33203125
3548,57,1245.845703125,195.45703125
3549,57,1247.2275390625,195.5087890625
3550,57,1247.5205078125,195.5556640625
3551,57,1249.9521484375,195.650390625
3552,57,1253.0595703125,196.1103515625
3553,57,1251.81640625,195.6455078125
3554,57,1260.6171875,195.5087890625
3555,57,1264.9541015625,196.1767578125
3556,57,1264.59765625,196.0126953125
3557,57,1266.5068359375,196.1357421875
3558,57,1267.9931640625,196.3955078125
5100,62,669.1572265625,66.7685546875
5101,67,690.2880859375,72.9775390625
5102,72,686.3896484375,78.2509765625
5103,77,680.0361328125,87.013671875
5104,82,650.9384765625,98.6064453125
5105,87,677.849609375,118.8603515625
5106,92,674.4560546875,146.0390625
5107,92,667.8212890625,197.6669921875
5108,93,620.9541015625,189.095703125
5109,90,661.1142578125,218.41015625
5110,93,658.0966796875,172.83203125
5111,90,658.546875,219.73828125
5112,94,610.3974609375,168.076171875
5113,89,654.4208984375,243.6328125
5114,94,657.75390625,160.1123046875
5115,89,654.5869140625,245.748046875
5116,94,629.599609375,157.5849609375
5117,89,658.6982421875,245.5673828125
5118,94,663.755859375,161.2451171875
5119,89,667.54296875,248.2548828125
5120,94,652.4521484375,160.7626953125
5121,89,673.34765625,250.3349609375
5122,93,677.0751953125,164.94140625
5123,89,678.4443359375,224.9951171875
5124,93,666.876953125,164.109375
5125,89,690.443359375,226.3056640625
5126,93,686.673828125,165.0244140625
5127,89,692.1552734375,226.9453125
5128,93,666.572265625,163.744140625
5129,90,680.87890625,221.431640625
5130,92,670.0576171875,178.2841796875
5131,96,474.310546875,166.3203125
5132,91,476.4619140625,259.015625
5133,95,509.5048828125,164.2861328125
5134,90,520.2900390625,242.9814453125
5135,95,523.09765625,156.1650390625
5136,90,534.3056640625,249.9208984375
5137,95,516.4765625,159.6611328125
5138,90,542.3212890625,254.2724609375
5139,94,541.5419921875,163.5498046875
5140,91,538.2412109375,221.779296875
5141,95,521.5,167.208984375
5142,90,538.84375,251.896484375
5143,94,542.6533203125,162.466796875
5144,91,540.126953125,220.7607421875
5145,94,532.5595703125,169.1044921875
5146,91,542.0908203125,221.5078125
5147,94,543.619140625,169.7216796875
5148,91,542.8935546875,221.255859375
5149,95,527.1845703125,167.70703125
5150,90,551.982421875,256.720703125
5151,94,557.248046875,165.005859375
5152,91,546.1064453125,221.48046875
5153,94,547.1103515625,169.2236328125
5154,91,547.1650390625,220.775390625
5155,95,553.9501953125,168.5673828125
5156,90,555.421875,255.5166015625
5157,94,537.7763671875,161.490234375
5158,90,566.0908203125,228.6728515625
5159,94,566.99609375,167.1103515625
5160,90,553.2177734375,225.4921875
5161,90,638.71484375,195.3515625
5162,90,669.7197265625,194.1591796875
5163,90,676.62109375,194.6474609375
5164,91,669.341796875,192.12890625
5165,90,674.080078125,204.9541015625
5166,91,662.0224609375,189.369140625
5167,91,661.4111328125,199.7333984375
5168,91,659.5322265625,199.548828125
5169,90,660.0302734375,202.03125
5170,92,639.6337890625,183.0908203125
5171,91,632.654296875,201.927734375
5172,92,630.8154296875,192.2060546875
5173,91,619.232421875,202.1162109375
5174,92,628.0634765625,190.791015625
5175,91,626.083984375,201.0771484375
5176,92,625.28515625,190.5029296875
5177,91,629.4609375,203.923828125
5178,92,624.76953125,191.0830078125
5179,91,622.0302734375,200.68359375
5180,92,614.947265625,188.2529296875
5181,92,609.3134765625,199.134765625
5182,92,614.080078125,198.50390625
5183,92,610.5556640625,196.7314453125
5184,91,617.6552734375,200.091796875
5185,92,616.607421875,191.2314453125
5186,92,617.3134765625,199.2001953125
5187,92,611.2568359375,197.107421875
5188,92,612.4853515625,198.55078125
5189,92,594.236328125,196.4072265625
5190,92,613.642578125,197.8681640625
5191,92,611.2451171875,196.869140625
5192,92,612.6259765625,196.96875
5193,92,591.8583984375,195.255859375
5194,92,603.322265625,195.53515625
5195,92,600.5234375,194.2763671875
5196,93,588.708984375,189.9013671875
5197,92,558.068359375,203.1904296875
5198,93,575.8828125,185.2236328125
5199,92,574.1435546875,205.3173828125
5200,93,571.638671875,184.994140625
5201,92,551.009765625,201.9052734375
5202,93,573.8251953125,185.59375
5203,91,581.619140625,209.24609375
5204,93,585.1376953125,181.1005859375
5205,91,566.5078125,208.134765625
5206,93,586.6826171875,182.1201171875
5207,91,583.873046875,210.78125
5208,93,585.158203125,181.1064453125
5209,92,566.4501953125,207.4326171875
5210,92,593.2080078125,192.974609375
5211,92,601.46875,196.025390625
5212,92,597.6376953125,195.9248046875
5213,92,591.1943359375,194.69140625
5214,92,603.365234375,197.955078125
5215,92,602.4716796875,196.5283203125
5216,92,601.8349609375,195.97265625
5217,92,596.78515625,195.7509765625
5218,92,597.646484375,193.79296875
5219,92,599.9853515625,194.1845703125
5220,92,600.0830078125,193.650390625
5221,92,588.7294921875,192.294921875
5222,92,604.1552734375,195.9267578125
5223,92,604.3408203125,195.3642578125
5224,92,603.8017578125,194.8486328125
5225,92,604.662109375,196.75
5226,92,606.513671875,194.6015625
5227,92,601.1455078125,194.666015625
5228,92,603.7060546875,193.7353515625
5229,93,587.7744140625,189.578125
5230,91,591.6689453125,214.001953125
5231,93,571.341796875,179.4765625
5232,91,590.4677734375,214.1591796875
5233,93,591.1318359375,183.4462890625
5234,91,589.7099609375,214.5126953125
5235,93,571.529296875,180.2216796875
5236,91,593.708984375,214.96875
5237,93,590.888671875,183.5625
5238,90,601.341796875,219.828125
5239,93,574.77734375,174.89453125
5240,90,600.583984375,220.029296875
5241,92,599.2802734375,178.1748046875
5242,92,593.953125,195.7578125
5243,92,583.083984375,194.1103515625
5244,92,590.9091796875,194.0751953125
5245,93,586.123046875,191.8193359375
5246,91,587.42578125,215.1953125
5247,93,566.4052734375,180.5126953125
5248,91,576.576171875,212.376953125
5249,93,586.595703125,182.826171875
5250,91,588.7099609375,214.34375
5251,93,575.6640625,181.12109375
5252,91,594.0458984375,215.3173828125
5253,93,586.8984375,180.568359375
5254,91,589.1513671875,213.0185546875
5255,93,588.8681640625,184.4111328125
5256,90,597.2939453125,216.1787109375
5257,93,589.1806640625,172.125
5258,90,595.2822265625,215.87890625
5259,93,577.43359375,172.7734375
5260,90,597.7724609375,217.1044921875
5261,92,603.7392578125,177.796875
5262,91,609.869140625,200.86328125
5263,92,601.9091796875,189.17578125
5264,91,605.8486328125,200.2373046875
5265,92,605.384765625,189.923828125
5266,91,606.5849609375,200.3681640625
5267,92,612.13671875,191.4990234375
5268,91,611.5068359375,201.390625
5269,92,610.029296875,190.6357421875
5270,91,608.390625,200.8271484375
5271,92,612.90234375,191.7626953125
5272,91,610.521484375,200.7578125
5273,92,616.458984375,191.4169921875
5274,91,613.3447265625,201.5302734375
5275,92,616.7431640625,192.1640625
5276,91,612.0244140625,200.525390625
5277,92,611.8857421875,190.3818359375
5278,91,614.537109375,201.5810546875
5279,91,617.404296875,192.322265625
5280,91,617.0810546875,192.4462890625
5281,89,648.8974609375,214.7197265625
5282,90,663.6484375,188.0673828125
5283,89,666.56640625,202.96484375
5284,90,666.73046875,187.8408203125
5285,89,687.0615234375,207.0693359375
5286,90,668.2158203125,185.7666015625
5287,89,669.291015625,200.82421875
5288,90,677.1552734375,187.525390625
5289,89,683.64453125,205.5732421875
5290,90,671.41796875,186.306640625
5291,89,669.5634765625,200.80859375
5292,90,668.9052734375,185.875
5293,89,677.5078125,204.0751953125
5294,91,662.6591796875,184.134765625
5295,89,659.7958984375,209.03125
5296,90,667.7421875,185.7783203125
5297,89,671.533203125,202.578125
5298,90,668.7939453125,185.9736328125
5299,90,659.9560546875,198.537109375
5300,90,661.09375,198.9052734375
5301,89,668.6669921875,200.8837890625
5302,91,659.3115234375,182.3583984375
5303,90,657.7822265625,207.54296875
5304,90,654.51171875,195.9560546875
5305,90,662.7705078125,198.6162109375
5306,90,651.4326171875,193.8505859375
5307,90,648.1806640625,192.623046875
5308,91,647.8857421875,192.0732421875
5309,90,650.734375,204.8955078125
5310,91,629.681640625,185.7177734375
5311,92,619.7255859375,191.8076171875
5312,92,608.189453125,199.59765625
5313,92,582.818359375,196.775390625
5314,92,592.3974609375,196.283203125
5315,92,587.3818359375,193.7763671875
5316,92,589.498046875,195.66796875
5317,93,568.3876953125,191.89453125
5318,91,585.1337890625,215.134765625
5319,93,585.2958984375,183.87890625
5320,90,590.2041015625,217.2529296875
5321,93,570.5947265625,173.416015625
5322,90,588.728515625,217.0
5323,93,593.462890625,176.3642578125
5324,90,602.5732421875,219.30859375
5325,92,604.078125,177.453125
5326,87,730.26953125,260.5390625
5327,86,730.716796875,201.3271484375
5328,86,730.04296875,195.2314453125
5329,86,729.9052734375,195.244140625
5330,86,730.76171875,195.4208984375
5331,86,730.009765625,195.294921875
5332,86,729.1201171875,195.0107421875
5333,86,730.1572265625,195.220703125
5334,86,731.3603515625,195.603515625
5335,86,730.6904296875,195.3515625
5336,86,729.755859375,195.1630859375
5337,86,730.2666015625,195.31640625
5338,86,730.3544921875,195.3984375
5339,86,730.0908203125,195.2822265625
5340,86,729.3818359375,195.056640625
5341,86,730.6396484375,195.421875
5342,86,731.14453125,195.59765625
5343,86,730.9248046875,195.3642578125
5344,86,730.7021484375,195.4189453125
5345,86,731.845703125,195.5439453125
5346,86,731.0537109375,195.62109375
5347,86,731.400390625,195.5927734375
5348,86,731.6396484375,195.6669921875
5349,86,731.845703125,195.7919921875
5350,86,732.392578125,195.9208984375
5351,86,732.5703125,195.890625
5352,86,732.5595703125,195.80859375
5353,86,732.59765625,195.837890625
5354,86,732.5244140625,195.828125
5355,86,732.4052734375,195.75
5356,86,732.076171875,195.7607421875
5357,86,732.30078125,195.7666015625
5358,86,732.7626953125,195.806640625
5359,86,732.4365234375,195.7685546875
5360,86,732.298828125,195.744140625
5361,86,732.6748046875,195.798828125
5362,86,732.884765625,195.8544921875
5363,86,732.7158203125,195.767578125
5364,86,732.7998046875,195.7861328125
5365,86,732.7978515625,195.802734375
5366,86,732.8173828125,195.7890625
5367,86,732.271484375,195.6298828125
5368,86,731.79296875,195.59765625
5369,86,731.4892578125,195.36328125
5370,86,731.8154296875,195.3486328125
5371,86,730.4365234375,195.150390625
5372,86,730.3662109375,195.1220703125
5373,86,732.625,195.625
5374,86,733.0244140625,195.6640625
5375,86,732.03125,195.5693359375
5376,86,732.1015625,195.580078125
5377,86,732.861328125,195.7119140625
5378,86,733.3251953125,195.9716796875
5379,86,732.4658203125,195.6728515625
5380,86,732.0341796875,195.560546875
5381,86,732.533203125,195.669921875
5382,86,733.4580078125,195.9267578125
5383,86,732.5078125,195.7578125
5384,86,731.853515625,195.55859375
5385,86,732.49609375,195.646484375
5386,86,733.35546875,195.8935546875
5387,86,732.4208984375,195.5263671875
5388,86,732.705078125,195.60546875
5389,86,732.6533203125,195.6044921875
5390,86,733.5263671875,195.77734375
5391,86,732.9794921875,195.6923828125
5392,86,732.9345703125,195.623046875
5393,86,733.4033203125,195.78125
5394,86,734.1953125,195.900390625
5395,86,733.25,195.63671875
5396,86,733.2451171875,195.6123046875
5397,86,733.923828125,195.794921875
5398,86,733.9677734375,195.8681640625
5399,86,733.9716796875,195.876953125
5400,86,733.6943359375,195.720703125
5401,81,962.587890625,238.2900390625
5402,81,962.1533203125,192.27734375
5403,82,960.9091796875,191.9619140625
5404,82,961.4677734375,198.310546875
5405,82,961.7412109375,198.578125
5406,82,961.1689453125,198.0419921875
5407,82,959.947265625,197.9697265625
5408,82,961.1240234375,198.0732421875
5409,82,961.7744140625,198.275390625
5410,82,960.84765625,197.9755859375
5411,82,960.39453125,197.8076171875
5412,82,960.7431640625,197.9755859375
5413,82,961.01171875,197.9609375
5414,82,960.3359375,197.78125
5415,82,960.0224609375,197.779296875
5416,82,960.072265625,197.759765625
5417,82,960.54296875,197.8837890625
5418,82,958.4453125,197.4931640625
5419,82,956.34765625,197.0947265625
5420,82,956.37109375,197.03515625
5421,82,955.732421875,197.064453125
5422,82,954.9931640625,197.01953125
5423,82,954.2587890625,196.970703125
5424,82,955.666015625,197.2783203125
5425,82,956.1357421875,197.458984375
5426,82,956.26953125,197.5244140625
5427,82,956.25390625,197.6357421875
5428,82,955.658203125,197.6376953125
5429,82,955.5712890625,197.5576171875
5430,82,955.1513671875,197.1611328125
5431,82,954.0810546875,196.5341796875
5432,82,953.6630859375,196.41796875
5433,82,953.2001953125,196.2900390625
5434,82,952.3466796875,195.5927734375
5435,82,948.1103515625,193.96875
5436,82,945.373046875,193.0751953125
5437,82,942.2392578125,192.63671875
5438,82,945.0390625,193.0263671875
5439,83,942.84375,192.140625
5440,82,939.2509765625,202.1943359375
5441,87,646.40625,133.171875
5442,91,646.447265625,163.0302734375
5443,89,693.08203125,212.4462890625
5444,90,696.4248046875,184.5439453125
5445,89,712.3427734375,205.9345703125
5446,90,710.365234375,185.400390625
5447,90,707.6005859375,199.5302734375
5448,89,716.8427734375,202.5302734375
5449,90,722.0009765625,189.2197265625
5450,89,720.1787109375,202.37890625
5451,91,713.40234375,182.3369140625
5452,89,721.9912109375,212.7001953125
5453,90,722.4931640625,186.54296875
5454,90,715.0078125,197.482421875
5455,90,711.4951171875,195.09375
5456,90,720.3330078125,198.02734375
5457,89,719.6650390625,200.5751953125
5458,91,714.1796875,178.9052734375
5459,90,716.587890625,205.8095703125
5460,90,728.708984375,198.0185546875
5461,90,725.8828125,199.79296875
5462,90,719.7685546875,194.96484375
5463,90,719.177734375,193.73046875
5464,90,729.66796875,196.8193359375
5465,90,725.564453125,198.5009765625
5466,90,724.7197265625,194.8701171875
5467,90,727.716796875,195.2548828125
5468,90,736.1494140625,197.4404296875
5469,90,735.236328125,198.9521484375
5470,90,738.8837890625,199.15234375
5471,90,741.0205078125,198.7607421875
5472,90,741.4853515625,198.4365234375
5473,89,753.1201171875,201.748046875
5474,90,757.2841796875,185.158203125
5475,93,572.138671875,174.431640625
5476,91,572.138671875,213.4208984375
5477,92,595.82421875,186.650390625
5478,92,602.541015625,197.5439453125
5479,92,608.298828125,198.74609375
5480,92,609.0029296875,198.943359375
5481,92,611.8232421875,199.6748046875
5482,91,618.9833984375,201.08203125
5483,92,623.111328125,191.5029296875
5484,91,629.5888671875,203.73828125
5485,91,631.7880859375,194.439453125
5486,91,639.4970703125,195.7119140625
5487,91,642.4267578125,196.53515625
5488,91,644.126953125,196.189453125
5489,91,661.1142578125,198.564453125
5490,91,668.783203125,199.95703125
5491,90,671.6279296875,203.326171875
5492,90,705.2255859375,197.390625
5493,90,709.212890625,198.9208984375
5494,90,686.337890625,196.822265625
5495,89,723.732421875,202.787109375
5496,90,710.4716796875,187.2412109375
5497,89,728.4912109375,203.7939453125
5498,90,735.494140625,189.2998046875
5499,89,736.7978515625,205.8056640625
5500,90,715.1796875,188.484375
5501,89,735.734375,206.6513671875
5502,90,744.8076171875,191.30078125
5503,89,750.322265625,207.7197265625
5504,89,759.39453125,193.4931640625
5505,89,775.2685546875,197.7880859375
5506,93,539.3662109375,163.6123046875
5507,91,540.076171875,213.896484375
5508,92,586.6015625,189.2333984375
5509,92,590.91015625,194.4150390625
5510,92,590.8046875,192.955078125
5511,91,608.046875,200.77734375
5512,92,606.3642578125,190.966796875
5513,92,601.640625,196.095703125
5514,93,589.21875,190.078125
5515,92,576.29296875,207.08203125
5516,94,545.7060546875,181.033203125
5517,90,562.357421875,227.4208984375
5518,95,547.7724609375,157.49609375
5519,90,540.205078125,252.9951171875
5520,95,490.435546875,149.353515625
5521,90,502.130859375,241.443359375
5522,93,585.7900390625,170.07421875
5523,92,568.865234375,204.2216796875
5524,93,573.244140625,185.1279296875
5525,93,533.3798828125,198.2861328125
5526,92,572.443359375,205.5615234375
5527,94,570.0302734375,183.462890625
5528,89,584.6494140625,236.1884765625
5529,94,549.0830078125,150.9345703125
5530,89,574.6259765625,232.1923828125
5531,94,589.9296875,159.0703125
5532,89,597.0830078125,243.359375
5533,94,580.203125,159.884765625
5534,89,597.1669921875,243.3828125
5535,93,601.0126953125,162.3642578125
5536,90,599.96484375,219.1162109375
5537,93,589.3212890625,175.548828125
5538,90,594.8466796875,216.8271484375
5539,93,594.7607421875,174.345703125
5540,90,597.115234375,218.1884765625
5541,93,592.861328125,175.744140625
5542,90,595.5947265625,217.19140625
5543,93,596.814453125,175.7431640625
5544,90,597.9521484375,218.1513671875
5545,93,597.4267578125,176.6279296875
5546,90,599.14453125,219.3681640625
5547,93,597.8330078125,176.7216796875
5548,90,600.0390625,219.5244140625
5549,93,599.5322265625,176.59375
5550,90,599.8193359375,219.2626953125
5551,95,487.70703125,158.123046875
5552,90,488.2763671875,243.0302734375
5553,95,492.0244140625,158.5986328125
5554,90,491.626953125,244.1025390625
5555,95,497.5439453125,159.5947265625
5556,90,500.7841796875,246.75390625
5557,95,502.5654296875,157.609375
5558,90,505.283203125,246.576171875
5559,95,511.583984375,160.1962890625
5560,90,515.64453125,252.0302734375
5561,95,520.4267578125,161.0087890625
5562,90,519.7392578125,251.908203125
5563,94,525.5556640625,162.0546875
5564,90,531.4267578125,225.279296875
5565,94,529.6689453125,162.2099609375
5566,91,529.8935546875,222.5263671875
5567,94,533.810546875,170.7333984375
5568,90,538.5390625,226.5419921875
5569,94,539.37109375,164.6875
5570,90,541.4267578125,227.15625
5571,94,542.5029296875,165.1337890625
5572,90,542.71875,227.173828125
5573,94,544.3681640625,165.3173828125
5574,90,538.716796875,225.515625
5575,94,533.6728515625,161.486328125
5576,90,539.470703125,224.7060546875
5577,94,544.396484375,164.8935546875
5578,90,548.3740234375,228.5029296875
5579,94,548.4326171875,165.9794921875
5580,90,548.85546875,228.587890625
5581,94,549.0712890625,166.2587890625
5582,90,548.203125,228.642578125
5583,94,545.775390625,165.71875
5584,90,542.8154296875,226.6005859375
5585,94,545.5869140625,165.4111328125
5586,90,546.6220703125,228.2568359375
5587,94,548.2265625,166.4482421875
5588,90,548.5283203125,228.3251953125
5589,94,549.544921875,165.9091796875
5590,90,549.5810546875,228.5546875
5591,94,550.9189453125,165.97265625
5592,90,549.2587890625,228.0419921875
5593,94,546.7353515625,164.4638671875
5594,90,544.3330078125,226.1875
5595,94,541.2763671875,163.208984375
5596,90,547.068359375,226.2802734375
5597,94,548.2978515625,163.78125
5598,90,550.625,228.2314453125
5599,94,550.734375,165.7001953125
5600,90,551.0283203125,227.5927734375
5601,94,546.544921875,163.564453125
5602,90,548.4853515625,227.23046875
5603,94,547.2939453125,165.1865234375
5604,90,554.181640625,229.19140625
5605,94,555.6611328125,166.955078125
5606,90,558.3974609375,230.75
5607,94,557.1376953125,167.97265625
5608,90,556.107421875,230.015625
5609,94,551.15234375,165.5087890625
5610,90,552.80859375,228.19140625
5611,94,553.0869140625,166.5380859375
5612,90,556.8837890625,230.29296875
5613,94,558.7529296875,167.8779296875
5614,90,556.9169921875,230.3046875
5615,94,557.38671875,167.6357421875
5616,90,555.5283203125,230.08203125
5617,94,552.78125,166.75390625
5618,90,547.0380859375,226.775390625
5619,94,550.931640625,166.16796875
5620,90,551.275390625,228.9892578125
5621,94,551.33203125,166.6123046875
5622,90,545.666015625,227.0556640625
5623,94,541.6591796875,163.9638671875
5624,90,541.005859375,225.423828125
5625,94,543.8779296875,165.220703125
5626,90,546.443359375,227.65625
5627,94,545.90234375,165.7509765625
5628,90,545.6337890625,227.3369140625
5629,94,545.146484375,165.56640625
5630,90,546.091796875,227.6171875
5631,94,542.8583984375,165.2373046875
5632,90,540.7890625,225.712890625
5633,94,543.5478515625,165.46484375
5634,90,544.513671875,227.814453125
5635,94,504.537109375,166.7041015625
5636,91,504.6357421875,222.1123046875
5637,93,539.9228515625,177.5869140625
5638,91,550.3935546875,208.60546875
5639,92,574.390625,184.6787109375
5640,92,574.8125,194.087890625
5641,92,568.2216796875,199.5751953125
5642,91,604.3671875,201.830078125
5643,92,613.453125,190.5390625
5644,91,624.3505859375,202.611328125
5645,91,644.150390625,197.2958984375
5646,92,632.298828125,192.0908203125
5647,91,627.853515625,200.185546875
5648,91,635.1103515625,192.7119140625
5649,91,643.3232421875,195.916015625
5650,92,631.6171875,190.2705078125
5651,92,626.6728515625,198.3623046875
5652,91,636.4169921875,202.416015625
5653,91,644.4365234375,194.58203125
5654,92,628.0927734375,187.72265625
5655,92,622.974609375,196.31640625
5656,92,628.9990234375,199.5673828125
5657,91,637.650390625,202.890625
5658,92,626.0166015625,186.373046875
5659,92,617.6494140625,193.9833984375
5660,92,623.8583984375,197.208984375
5661,91,633.8115234375,201.02734375
5662,92,624.525390625,185.2646484375
5663,92,619.9091796875,193.9560546875
5664,92,623.9599609375,195.0693359375
5665,92,633.072265625,198.716796875
5666,93,613.5361328125,190.7548828125
5667,91,608.6484375,211.619140625
5668,93,609.712890625,181.072265625
5669,91,609.4033203125,215.4326171875
5670,93,599.4873046875,178.0419921875
5671,91,595.7412109375,208.9658203125
5672,93,599.7333984375,179.2265625
5673,91,602.8447265625,213.7431640625
5674,94,596.095703125,176.6484375
5675,89,593.900390625,232.6455078125
5676,94,599.4033203125,154.9130859375
5677,89,599.8623046875,236.2783203125
5678,94,593.1162109375,152.3330078125
5679,89,591.982421875,231.35546875
5680,94,597.2265625,154.2421875
5681,89,601.8154296875,237.484375
5682,94,594.830078125,153.01953125
5683,89,593.3720703125,231.455078125
5684,94,597.40234375,153.888671875
5685,89,600.6591796875,236.3740234375
5686,94,591.16796875,153.1220703125
5687,89,599.205078125,235.8037109375
5688,94,595.8203125,154.0068359375
5689,91,547.337890625,217.6865234375
5690,95,532.1494140625,163.552734375
5691,91,473.1259765625,230.951171875
5692,96,495.689453125,156.23046875
5693,91,478.2392578125,255.474609375
5694,96,482.3974609375,154.2900390625
5695,91,440.4482421875,244.9482421875
5696,96,470.9931640625,148.6259765625
5697,91,474.890625,259.66015625
5698,96,497.625,153.6923828125
5699,91,508.1630859375,273.4521484375
5700,96,460.2578125,148.8994140625
5701,91,498.7822265625,267.427734375
5702,96,510.12890625,161.0205078125
5703,91,463.642578125,256.03125
5704,96,489.2294921875,154.259765625
5705,91,480.40625,263.5341796875
5706,96,505.3251953125,159.8408203125
5707,91,506.091796875,272.9736328125
5708,96,497.9111328125,159.966796875
5709,91,462.775390625,254.822265625
5710,96,480.806640625,153.3857421875
5711,91,478.4443359375,257.419921875
5712,96,475.361328125,152.357421875
5713,91,446.5517578125,245.6767578125
5714,96,453.8779296875,143.4609375
5715,91,444.6357421875,240.1845703125
5716,96,436.3095703125,140.3515625
5717,92,408.078125,226.306640625
5718,97,428.2236328125,146.216796875
5719,92,437.3349609375,270.4169921875
5720,97,439.556640625,146.4560546875
5721,92,434.658203125,266.4248046875
5722,97,430.119140625,141.6298828125
5723,92,421.2021484375,257.1171875
5724,97,406.306640625,133.140625
5725,92,390.353515625,239.2705078125
5726,97,373.51953125,122.5205078125
5727,94,359.994140625,221.46875
5728,99,339.0400390625,141.33984375
5729,94,295.6337890625,264.7109375
5730,99,282.9619140625,119.119140625
5731,96,242.3076171875,217.6357421875
