2977,35,1354.666015625,159.0087890625
2978,37,1355.623046875,177.1298828125
2979,39,1358.080078125,183.2138671875
2980,40,1357.7646484375,190.5517578125
2981,41,1358.3984375,192.1630859375
2982,41,1359.01953125,197.29296875
2983,41,1358.994140625,197.232421875
2984,41,1359.0078125,197.1845703125
2985,41,1359.0068359375,197.150390625
2986,41,1358.7412109375,197.134765625
2987,41,1358.859375,197.076171875
2988,41,1358.8232421875,197.0849609375
2989,41,1359.01953125,197.09375
2990,41,1359.3115234375,197.2353515625
2991,41,1359.791015625,197.34765625
2992,41,1360.296875,197.408203125
2993,41,1360.8271484375,197.23046875
2994,41,1361.5615234375,197.3115234375
2995,41,1362.837890625,197.3720703125
2996,41,1363.025390625,197.3056640625
2997,41,1363.3193359375,197.470703125
2998,41,1363.5927734375,197.4541015625
2999,41,1362.79296875,197.3017578125
3000,41,1362.6591796875,197.255859375
3001,41,1363.13671875,197.333984375
3002,41,1363.169921875,197.3828125
3003,41,1363.3203125,197.271484375
3004,41,1363.4130859375,197.33203125
3005,41,1363.22265625,197.3056640625
3006,41,1363.1748046875,197.2568359375
3007,41,1363.46875,197.353515625
3008,41,1363.560546875,197.4130859375
3009,41,1359.9638671875,197.0283203125
3010,41,1358.416015625,196.912109375
3011,41,1359.869140625,197.0673828125
3012,41,1358.9716796875,197.0107421875
3013,41,1359.259765625,196.9560546875
3014,41,1359.888671875,196.9970703125
3015,41,1359.9033203125,196.984375
3016,41,1359.796875,197.060546875
3017,41,1359.78515625,197.0625
3018,41,1359.9072265625,197.09765625
3019,41,1359.662109375,197.0224609375
3020,41,1359.5029296875,197.0322265625
3021,41,1359.6298828125,197.00390625
3022,41,1359.5341796875,196.9853515625
3023,41,1359.3271484375,197.1123046875
3024,41,1359.4111328125,197.0654296875
3025,41,1358.53125,196.865234375
3026,41,1358.609375,196.7421875
3027,41,1358.5244140625,196.76953125
3028,41,1358.5595703125,196.701171875
3029,41,1358.240234375,196.685546875
3030,41,1358.2255859375,196.658203125
3031,41,1357.912109375,196.68359375
3032,41,1357.5712890625,196.5791015625
3033,41,1357.544921875,196.5537109375
3034,41,1357.3671875,196.513671875
3035,41,1357.3173828125,196.5263671875
3036,41,1357.072265625,196.474609375
3037,41,1356.8603515625,196.4638671875
3038,41,1356.7548828125,196.4091796875
3039,41,1356.5126953125,196.3740234375
3040,41,1356.4140625,196.40625
3041,41,1320.23828125,195.6611328125
3042,41,1320.5283203125,195.6015625
3043,41,1320.6982421875,195.607421875
3044,41,1320.931640625,195.6875
3045,41,1320.8505859375,195.6611328125
3046,41,1320.759765625,195.6494140625
3047,41,1320.703125,195.5986328125
3048,41,1320.83203125,195.595703125
3049,41,1321.0498046875,195.548828125
3050,41,1321.234375,195.708984375
3051,41,1321.28125,195.6748046875
3052,41,1321.771484375,195.6904296875
3053,41,1321.90625,195.7666015625
3054,41,1322.0341796875,195.794921875
3055,41,1322.646484375,195.853515625
3056,41,1323.080078125,195.8369140625
3057,41,1326.306640625,195.8779296875
3058,41,1327.3271484375,195.9482421875
3059,41,1327.529296875,195.8828125
3060,41,1327.7431640625,195.9453125
3061,41,1327.55859375,195.990234375
3062,41,1327.78515625,195.9404296875
3063,41,1327.6728515625,195.953125
3064,41,1327.6748046875,195.8974609375
3065,41,1327.4765625,195.9072265625
3066,41,1327.39453125,195.900390625
3067,41,1327.5986328125,195.91015625
3068,41,1327.849609375,195.9599609375
3069,41,1328.4130859375,196.0439453125
3070,41,1329.0966796875,196.0341796875
3071,41,1331.462890625,196.259765625
3072,41,1333.2177734375,196.470703125
3073,41,1337.541015625,195.5576171875
3074,41,1339.0244140625,195.443359375
3075,41,1340.048828125,195.416015625
3076,41,1340.4892578125,195.33203125
3077,41,1340.4658203125,195.3896484375
3078,41,1340.5478515625,195.3232421875
3079,41,1340.560546875,195.2568359375
3080,41,1340.2802734375,195.220703125
3081,41,1339.951171875,195.21484375
3082,41,1339.9443359375,195.1884765625
3083,41,1339.9111328125,195.2109375
3084,41,1339.982421875,195.1513671875
3085,41,1339.763671875,195.1787109375
3086,41,1339.7451171875,195.1611328125
3087,41,1339.4775390625,195.14453125
3088,41,1339.359375,195.1240234375
3089,41,1338.9853515625,194.759765625
3090,41,1339.3828125,194.80078125
3091,41,1340.2978515625,194.79296875
3092,41,1340.56640625,194.9111328125
3093,41,1340.6630859375,194.92578125
3094,41,1340.9833984375,194.91796875
3095,41,1341.0908203125,194.955078125
3096,41,1341.29296875,195.0341796875
3097,41,1341.5498046875,195.0087890625
3098,41,1342.185546875,195.1396484375
3099,41,1342.2919921875,195.2236328125
3100,41,1342.82421875,195.4306640625
3101,41,1343.3984375,195.505859375
3102,41,1343.712890625,195.6318359375
3103,41,1344.3623046875,195.7373046875
3104,41,1344.3798828125,195.677734375
3105,41,1346.296875,195.4541015625
3106,41,1347.2900390625,195.48046875
3107,41,1348.5009765625,195.458984375
3108,41,1348.84765625,195.46875
3109,41,1349.0048828125,195.4208984375
3110,41,1349.1982421875,195.4892578125
3111,41,1349.1943359375,195.4443359375
3112,41,1349.037109375,195.384765625
3113,41,1348.9580078125,195.3642578125
3114,41,1348.8486328125,195.3017578125
3115,41,1348.8876953125,195.3642578125
3116,41,1349.330078125,195.44921875
3117,41,1349.5048828125,195.58203125
3118,41,1349.759765625,195.6455078125
3119,41,1350.208984375,195.7392578125
3120,41,1350.7080078125,195.87890625
3121,41,1352.7138671875,195.84765625
3122,41,1353.4169921875,195.853515625
3123,41,1353.8642578125,195.9169921875
3124,41,1354.0439453125,195.9375
3125,41,1353.6083984375,195.890625
3126,41,1353.4267578125,195.8759765625
3127,41,1353.2783203125,195.83203125
3128,41,1353.15625,195.7373046875
3129,41,1353.1513671875,195.669921875
3130,41,1352.814453125,195.7431640625
3131,41,1352.9580078125,195.69921875
3132,41,1353.392578125,195.8583984375
3133,41,1353.4794921875,195.98046875
3134,41,1353.81640625,196.1689453125
3135,41,1353.9921875,196.158203125
3136,41,1354.4365234375,196.330078125
3137,41,1354.896484375,196.1015625
3138,41,1355.2890625,196.1328125
3139,41,1355.982421875,196.1494140625
3140,41,1356.40625,196.1494140625
3141,41,1356.447265625,196.3076171875
3142,41,1356.5966796875,196.2734375
3143,41,1356.421875,196.275390625
3144,41,1356.51171875,196.259765625
3145,41,1356.478515625,196.087890625
3146,41,1356.568359375,196.1103515625
3147,41,1356.60546875,196.064453125
3148,41,1356.443359375,196.107421875
3149,41,1356.443359375,196.154296875
3150,41,1356.4453125,196.1513671875
3151,41,1356.5517578125,196.09765625
3152,41,1356.7255859375,196.1025390625
3153,41,1356.1826171875,196.095703125
3154,41,1355.94140625,196.0400390625
3155,41,1356.427734375,196.154296875
3156,41,1357.259765625,196.2158203125
3157,41,1357.4775390625,196.3388671875
3158,41,1357.7822265625,196.44921875
3159,41,1358.154296875,196.48046875
3160,41,1357.9501953125,196.6533203125
3161,41,1358.2861328125,196.7216796875
3162,41,1358.3896484375,196.8056640625
3163,41,1358.412109375,196.8525390625
3164,41,1358.6953125,196.873046875
3165,41,1358.8701171875,196.9794921875
3166,41,1359.04296875,196.9296875
3167,41,1359.248046875,197.0615234375
3168,41,1359.162109375,197.0458984375
3169,41,1358.703125,196.859375
3170,41,1359.5361328125,196.90625
3171,41,1359.837890625,196.923828125
3172,41,1360.2822265625,196.9248046875
3173,41,1360.220703125,196.8720703125
3174,41,1360.1572265625,196.8564453125
3175,41,1360.4189453125,196.923828125
3176,41,1360.484375,196.8916015625
3177,41,1360.4111328125,196.91796875
3178,41,1360.59375,197.0400390625
3179,41,1360.384765625,197.0322265625
3180,41,1360.375,197.009765625
3181,41,1360.5390625,197.0859375
3182,41,1360.560546875,197.13671875
3183,41,1360.2666015625,197.2177734375
3184,41,1360.40625,197.18359375
3185,41,1359.6298828125,197.0908203125
3186,41,1358.5849609375,197.076171875
3187,41,1358.6279296875,197.1240234375
3188,41,1358.552734375,197.1181640625
3189,41,1358.216796875,197.12109375
3190,41,1358.2021484375,197.068359375
3191,41,1358.263671875,197.0791015625
3192,41,1358.1455078125,197.0419921875
3193,41,1358.0029296875,196.9765625
3194,41,1357.6806640625,196.8837890625
3195,41,1357.1728515625,196.822265625
3196,41,1356.9677734375,196.806640625
3197,41,1356.8515625,196.8154296875
3198,41,1356.5732421875,196.7451171875
3199,41,1356.2255859375,196.68359375
3200,41,1355.728515625,196.6572265625
3201,41,1304.7958984375,194.224609375
3202,41,1305.228515625,194.193359375
3203,41,1305.48046875,194.17578125
3204,41,1305.6015625,194.17578125
3205,41,1305.7490234375,194.17578125
3206,41,1306.1845703125,194.2392578125
3207,41,1306.2138671875,194.244140625
3208,41,1306.552734375,194.2724609375
3209,41,1306.77734375,194.3056640625
3210,41,1307.0595703125,194.3994140625
3211,41,1307.3193359375,194.3857421875
3212,41,1307.5146484375,194.3974609375
3213,41,1307.626953125,194.4306640625
3214,41,1307.9111328125,194.4189453125
3215,41,1308.3232421875,194.5859375
3216,41,1310.3701171875,194.841796875
3217,41,1317.6611328125,194.7119140625
3218,41,1319.291015625,194.7265625
3219,41,1320.7548828125,194.7021484375
3220,41,1321.3837890625,194.7783203125
3221,41,1321.5234375,194.8134765625
3222,41,1321.9609375,194.8505859375
3223,41,1322.279296875,194.8388671875
3224,41,1322.236328125,194.8134765625
3225,41,1321.9755859375,194.7451171875
375,46,657.83203125,66.9580078125
376,51,637.4951171875,73.095703125
377,56,658.8916015625,76.5302734375
378,61,656.8486328125,81.9833984375
379,66,654.0,88.9951171875
380,71,664.4150390625,96.5166015625
381,76,653.6669921875,106.5322265625
382,81,658.78125,117.5849609375
383,86,674.8701171875,138.814453125
384,89,680.9208984375,169.5283203125
385,89,681.150390625,193.74609375
386,89,693.5263671875,195.833984375
387,89,685.1201171875,194.43359375
388,89,698.5712890625,197.0126953125
389,89,707.9453125,198.6875
390,88,717.88671875,201.5947265625
391,88,721.626953125,196.7958984375
392,89,706.2158203125,191.76171875
393,88,716.8251953125,201.0126953125
394,88,720.6181640625,196.1005859375
395,88,727.2958984375,198.0927734375
396,88,718.9912109375,195.171875
397,88,715.0498046875,194.9208984375
398,88,701.7734375,196.158203125
399,88,711.84375,196.654296875
400,88,711.5703125,196.228515625
401,88,708.2060546875,197.353515625
402,88,720.142578125,198.3984375
403,87,722.6103515625,200.4072265625
404,88,740.056640625,189.7880859375
405,87,763.05078125,205.9072265625
406,87,782.1826171875,197.927734375
407,87,778.86328125,196.783203125
408,87,771.9462890625,194.482421875
409,87,767.4853515625,196.0224609375
410,88,757.02734375,192.24609375
411,86,763.3837890625,208.19140625
412,87,764.6650390625,188.8828125
413,87,776.259765625,197.3525390625
414,87,771.8916015625,198.076171875
415,87,768.130859375,196.5146484375
416,87,761.4775390625,192.8544921875
417,87,753.001953125,193.0498046875
418,88,739.8408203125,188.0625
419,87,742.890625,202.9521484375
420,88,750.0947265625,190.666015625
421,87,747.111328125,200.564453125
422,87,762.6064453125,193.1982421875
423,87,764.7158203125,193.255859375
424,87,765.8349609375,192.4814453125
425,87,773.5654296875,193.123046875
426,87,775.8994140625,194.21875
427,87,792.65234375,198.0625
428,87,796.958984375,198.935546875
429,87,786.9345703125,195.078125
430,87,802.587890625,199.77734375
431,87,799.25,198.7138671875
432,87,788.3056640625,198.21484375
433,87,783.8525390625,197.693359375
434,87,778.4833984375,197.5126953125
435,87,768.2880859375,196.0791015625
436,87,760.8759765625,195.28125
437,92,298.1201171875,78.2451171875
438,97,339.888671875,112.05078125
439,94,353.9482421875,215.5302734375
440,99,351.2109375,145.140625
441,94,359.7548828125,321.943359375
442,99,357.740234375,146.34765625
443,94,372.0107421875,332.3427734375
444,99,373.955078125,151.255859375
445,94,366.826171875,326.9091796875
446,99,372.046875,150.6904296875
447,94,369.830078125,328.4619140625
448,99,371.3193359375,149.7373046875
449,94,378.0078125,334.806640625
450,99,369.6533203125,149.7255859375
451,94,382.095703125,338.046875
452,99,381.9423828125,151.9599609375
453,94,378.00390625,335.5830078125
454,99,377.6435546875,152.78125
455,94,346.96484375,309.7353515625
456,99,361.765625,147.7978515625
457,94,367.6904296875,328.1376953125
458,99,357.228515625,147.1865234375
459,94,360.90625,320.986328125
460,99,357.724609375,147.2890625
461,94,367.69921875,326.48828125
462,99,379.2138671875,153.4912109375
463,94,367.296875,326.9365234375
464,99,381.4443359375,155.162109375
465,94,388.4072265625,344.8232421875
466,98,398.4951171875,161.8095703125
467,93,396.3818359375,270.1630859375
468,98,401.9833984375,143.349609375
469,93,405.189453125,274.87109375
470,98,401.9169921875,143.4169921875
471,93,407.3115234375,276.783203125
472,98,396.2421875,142.0107421875
473,93,406.6533203125,276.9384765625
474,98,418.2861328125,147.888671875
475,93,415.728515625,282.4638671875
476,98,409.2939453125,144.6611328125
477,93,405.974609375,275.8486328125
478,98,410.4599609375,144.353515625
479,93,411.845703125,278.390625
480,98,396.583984375,140.451171875
481,93,367.1826171875,254.5205078125
482,98,395.716796875,142.8125
483,93,390.693359375,267.931640625
484,98,409.1806640625,146.5390625
485,93,972.4208984375,647.1396484375
486,98,448.8525390625,151.556640625
487,93,338.6171875,243.4091796875
488,98,347.537109375,118.69140625
489,95,302.623046875,218.1943359375
490,99,345.5546875,164.2841796875
491,94,340.03125,315.4150390625
492,99,320.404296875,130.578125
493,94,322.298828125,300.2705078125
494,99,318.4287109375,131.4453125
495,94,303.0732421875,282.517578125
496,99,310.7294921875,131.10546875
497,94,297.6845703125,279.248046875
498,99,327.3193359375,137.12890625
499,94,327.6806640625,308.3359375
500,99,325.1044921875,135.6181640625
501,94,301.5068359375,283.4765625
502,99,301.0625,125.642578125
503,94,295.2255859375,277.7607421875
504,99,313.580078125,133.001953125
505,94,332.0576171875,313.3134765625
506,99,325.154296875,138.150390625
507,94,300.607421875,283.75
508,99,272.0888671875,117.193359375
509,94,279.408203125,263.759765625
510,99,306.5185546875,130.84765625
511,94,283.5634765625,267.9208984375
512,99,292.04296875,125.2900390625
513,94,288.0361328125,272.462890625
514,99,301.8994140625,128.67578125
515,94,258.7744140625,243.8740234375
516,99,295.3662109375,126.705078125
517,94,264.1083984375,249.49609375
518,99,309.2265625,131.4697265625
519,94,294.66015625,278.76953125
520,99,313.564453125,132.5029296875
521,94,311.912109375,294.7216796875
522,99,325.8916015625,136.7607421875
523,94,320.615234375,302.31640625
524,99,321.3857421875,133.94921875
525,94,321.5498046875,302.626953125
526,99,330.9873046875,137.4814453125
527,94,321.8271484375,303.0517578125
528,99,329.11328125,136.796875
529,94,339.35546875,320.2568359375
530,99,353.638671875,146.1025390625
531,94,294.1298828125,276.755859375
532,99,323.298828125,134.27734375
533,94,308.8662109375,290.4697265625
534,99,313.8095703125,130.6005859375
535,94,303.0517578125,284.7421875
536,99,316.783203125,131.34375
537,94,318.3251953125,300.0390625
538,99,328.796875,136.2880859375
539,94,337.1220703125,318.2587890625
540,99,357.26953125,151.3984375
541,94,365.5986328125,343.595703125
542,98,368.1435546875,163.744140625
543,93,429.748046875,322.29296875
544,95,460.8818359375,184.4267578125
545,90,479.3173828125,246.90234375
546,95,506.3681640625,160.2568359375
547,90,521.423828125,264.0244140625
548,94,542.0478515625,166.20703125
549,89,556.3173828125,236.8857421875
550,93,596.193359375,163.7470703125
551,91,561.3671875,210.513671875
552,91,619.099609375,194.896484375
553,93,586.1494140625,182.8505859375
554,90,590.4541015625,220.173828125
555,93,580.0166015625,169.599609375
556,90,581.7744140625,217.578125
557,93,614.966796875,174.158203125
558,89,627.564453125,225.787109375
559,92,647.080078125,170.55859375
560,91,643.412109375,206.06640625
561,91,650.8759765625,194.5732421875
562,89,695.2998046875,210.19140625
563,92,667.451171875,175.9072265625
564,88,707.3447265625,230.4814453125
565,92,655.56640625,166.75390625
566,89,672.939453125,221.0478515625
567,92,648.15625,171.181640625
568,89,666.9140625,216.115234375
569,92,629.2705078125,170.154296875
570,91,616.43359375,203.435546875
571,93,582.5732421875,184.208984375
572,91,568.14453125,213.7255859375
573,93,549.5693359375,176.912109375
574,90,574.314453125,215.9267578125
575,93,542.345703125,169.4560546875
576,92,536.2177734375,206.8466796875
577,94,535.015625,183.7041015625
578,90,529.1337890625,226.587890625
579,94,532.39453125,163.4375
580,90,540.7529296875,230.4384765625
581,94,536.4423828125,164.091796875
582,90,526.087890625,225.6015625
583,94,533.2958984375,164.0107421875
584,90,533.8662109375,228.4404296875
585,94,523.1279296875,162.0693359375
586,90,539.421875,229.546875
587,94,541.669921875,164.748046875
588,89,560.953125,236.0908203125
589,93,585.3369140625,163.2021484375
590,90,586.720703125,218.369140625
591,93,584.201171875,175.9130859375
592,90,588.81640625,219.5576171875
593,93,602.2998046875,176.4404296875
594,90,599.78125,222.7783203125
595,92,609.9384765625,181.1064453125
596,92,591.82421875,198.53515625
597,92,599.7080078125,199.20703125
598,92,561.6455078125,194.244140625
599,93,558.11328125,191.33984375
600,91,568.1142578125,215.44921875
601,86,975.9072265625,324.697265625
602,87,774.6806640625,188.140625
603,84,972.7314453125,222.1875
604,89,658.6484375,145.22265625
605,92,616.1689453125,174.173828125
606,92,543.32421875,192.578125
607,93,539.9013671875,191.5419921875
608,91,537.248046875,211.2685546875
609,94,518.8857421875,175.1982421875
610,91,504.5673828125,221.1552734375
611,92,553.529296875,184.8134765625
612,94,512.4833984375,182.2841796875
613,89,572.8154296875,242.677734375
614,93,574.0537109375,163.8427734375
615,91,574.517578125,215.462890625
616,93,569.486328125,181.57421875
617,91,570.56640625,214.2783203125
618,93,550.4130859375,181.3984375
619,91,562.587890625,212.8076171875
620,92,574.6162109375,186.4560546875
621,94,517.8974609375,181.453125
622,89,580.15234375,242.6689453125
623,94,578.716796875,157.9365234375
624,89,573.841796875,244.0283203125
625,94,567.162109375,157.4052734375
626,89,563.603515625,237.4345703125
627,94,567.96484375,158.861328125
628,89,568.7109375,239.9443359375
629,94,574.939453125,157.0625
630,89,570.6005859375,236.8076171875
631,93,590.75390625,161.458984375
632,89,601.5556640625,223.400390625
633,94,578.6513671875,158.390625
634,89,575.7216796875,241.8173828125
635,94,577.5361328125,158.6142578125
636,89,568.392578125,240.8095703125
637,94,570.263671875,158.380859375
638,89,566.1640625,236.9052734375
639,94,568.578125,156.7900390625
640,89,580.5244140625,242.998046875
641,94,567.119140625,158.3798828125
642,90,534.4140625,228.7353515625
643,93,562.33984375,170.9169921875
644,98,320.0517578125,130.40625
645,93,379.9521484375,264.7734375
646,98,400.4345703125,151.345703125
647,93,400.3955078125,277.77734375
648,98,398.7099609375,150.3251953125
649,93,398.8740234375,275.517578125
650,98,412.5673828125,151.2568359375
651,93,401.3505859375,275.951171875
652,98,410.5498046875,151.041015625
653,93,398.9619140625,273.6923828125
654,98,415.640625,151.53515625
655,93,408.5380859375,278.91796875
656,98,419.251953125,152.115234375
657,93,417.015625,284.9765625
658,98,416.966796875,152.0146484375
659,93,418.8583984375,286.513671875
660,98,413.919921875,152.3720703125
661,93,423.560546875,289.9755859375
662,98,440.458984375,159.3095703125
663,93,412.02734375,283.9033203125
664,98,424.765625,154.900390625
665,93,431.77734375,295.0576171875
666,98,416.595703125,151.8125
667,93,414.3779296875,283.3408203125
668,98,408.9677734375,149.6845703125
669,93,398.587890625,273.7978515625
670,98,405.2646484375,149.6748046875
671,93,405.2529296875,278.2841796875
672,98,405.0087890625,149.6005859375
673,93,406.3359375,279.1708984375
674,98,404.51171875,148.9462890625
675,93,406.357421875,279.7802734375
676,98,404.6376953125,149.4833984375
677,93,409.76171875,281.650390625
678,98,400.4345703125,147.4111328125
679,93,403.11328125,277.7216796875
680,98,401.4013671875,148.3095703125
681,93,397.3583984375,274.4970703125
682,98,394.5302734375,146.7451171875
683,93,394.33984375,272.623046875
684,98,394.015625,146.26953125
685,93,391.8193359375,270.8408203125
686,98,394.9072265625,146.654296875
687,93,395.580078125,273.8291015625
688,98,397.3125,147.8193359375
689,93,381.0185546875,263.421875
690,98,385.1826171875,144.0615234375
691,93,382.2373046875,264.099609375
692,98,376.787109375,141.9599609375
693,93,380.0234375,262.3916015625
694,98,381.1611328125,142.7548828125
695,93,383.205078125,265.3896484375
696,98,380.05859375,143.2529296875
697,93,400.6708984375,277.046875
698,98,403.16796875,149.7666015625
699,93,401.42578125,277.2548828125
700,98,400.2802734375,148.13671875
701,93,696.5751953125,459.0966796875
702,88,714.0498046875,254.4306640625
703,89,715.806640625,186.4970703125
704,89,715.8427734375,194.548828125
705,90,705.388671875,190.8642578125
706,89,712.6376953125,206.93359375
707,90,705.3486328125,192.1396484375
708,89,701.8154296875,203.9921875
709,90,696.5087890625,187.904296875
710,89,695.02734375,202.537109375
711,90,677.76953125,186.2392578125
712,90,683.4150390625,199.603515625
713,90,681.1884765625,199.0322265625
714,89,682.8994140625,200.330078125
715,91,667.375,184.23046875
716,89,682.7978515625,210.7685546875
717,90,678.982421875,185.4423828125
718,89,680.572265625,201.0107421875
719,90,669.2333984375,185.62890625
720,89,699.658203125,205.38671875
721,85,886.7451171875,227.337890625
722,87,865.6015625,177.7802734375
723,88,814.0078125,186.380859375
724,88,763.453125,195.171875
725,88,766.4033203125,197.849609375
726,88,773.6865234375,197.802734375
727,88,762.1259765625,195.2021484375
728,87,768.6025390625,200.0888671875
729,88,773.341796875,189.6982421875
730,87,780.3466796875,201.8828125
731,88,764.671875,185.8515625
732,88,766.0205078125,199.6767578125
733,87,761.8720703125,200.1982421875
734,89,749.990234375,183.51171875
735,88,749.7939453125,203.9833984375
736,88,742.685546875,197.9755859375
737,88,747.7333984375,197.181640625
738,88,742.56640625,195.203125
739,88,749.912109375,198.2646484375
740,88,739.1494140625,197.9541015625
741,88,736.8662109375,194.6416015625
742,88,737.642578125,197.9921875
743,88,741.783203125,196.359375
744,88,738.5625,196.2431640625
745,88,750.208984375,199.7431640625
746,88,736.5546875,198.20703125
747,88,749.9599609375,199.1318359375
748,88,754.75,198.0185546875
749,87,769.66015625,203.046875
750,88,758.193359375,191.44921875
751,87,770.046875,203.6123046875
752,87,778.421875,192.40625
753,87,788.138671875,195.4931640625
754,87,778.08203125,196.4296875
755,87,782.0107421875,195.919921875
756,87,784.126953125,196.3212890625
757,87,783.59375,197.1162109375
758,87,774.7197265625,196.8115234375
759,87,782.9326171875,196.6796875
760,87,783.7939453125,196.8935546875
761,87,792.1806640625,198.9365234375
762,87,783.8369140625,199.2138671875
763,87,793.9755859375,199.994140625
764,86,805.7607421875,202.328125
765,86,816.31640625,198.751953125
766,86,808.76171875,198.9443359375
767,86,814.0498046875,199.4404296875
768,85,821.330078125,201.0703125
769,85,823.9248046875,194.0908203125
770,85,824.8251953125,195.1494140625
771,85,831.2939453125,197.076171875
772,85,827.3994140625,197.251953125
773,90,187.3525390625,44.580078125
774,95,165.6083984375,53.8955078125
775,100,171.4814453125,86.9052734375
776,98,206.8095703125,211.5771484375
777,100,204.6123046875,142.0244140625
778,99,197.90234375,202.9404296875
779,100,203.6435546875,181.0556640625
780,95,228.9775390625,233.87109375
781,100,237.3388671875,116.8896484375
782,99,196.7236328125,201.486328125
783,97,234.43359375,209.451171875
784,100,241.0205078125,151.2216796875
785,95,251.1064453125,255.658203125
786,100,239.375,119.16796875
787,95,260.353515625,264.890625
788,100,263.5712890625,130.2392578125
789,95,264.03515625,269.234375
790,100,266.5478515625,131.8662109375
791,95,263.2783203125,268.625
792,100,264.2626953125,130.978515625
793,95,254.29296875,259.4541015625
794,100,265.3505859375,131.9140625
795,95,271.275390625,277.3701171875
796,100,274.8427734375,135.42578125
797,95,249.6748046875,255.330078125
798,100,276.33984375,136.5205078125
799,95,280.08984375,286.5615234375
800,100,273.5771484375,134.1337890625
801,95,240.1982421875,246.638671875
802,100,271.10546875,132.8271484375
803,95,269.7802734375,276.4169921875
804,100,272.576171875,133.6806640625
805,95,262.9052734375,269.521484375
806,100,291.2158203125,143.1015625
807,95,287.7978515625,294.13671875
808,100,302.958984375,149.7568359375
809,95,304.58203125,311.5986328125
810,100,316.591796875,154.7841796875
811,95,321.7734375,328.5927734375
812,90,663.8623046875,307.7802734375
813,90,631.7734375,199.9765625
814,91,607.7607421875,189.9716796875
815,92,584.2802734375,192.1943359375
816,92,573.34375,196.1533203125
817,92,583.6767578125,195.4931640625
818,92,573.0947265625,192.2666015625
819,92,583.212890625,195.4140625
820,92,590.1181640625,198.96484375
821,90,625.7197265625,211.55859375
822,88,700.162109375,212.794921875
823,87,741.9072265625,206.0947265625
824,86,779.978515625,204.87109375
825,85,786.8134765625,200.0830078125
826,85,843.7939453125,196.591796875
827,85,859.287109375,197.416015625
828,84,889.671875,201.40625
829,83,930.3076171875,201.453125
830,84,873.2822265625,190.2060546875
831,84,857.95703125,192.5390625
832,84,858.34375,195.4833984375
833,84,845.7529296875,195.349609375
834,84,834.5947265625,192.4228515625
835,85,803.2158203125,189.69921875
836,85,822.3876953125,197.888671875
837,85,821.673828125,198.7666015625
838,85,799.126953125,193.4228515625
839,85,796.392578125,194.78125
840,85,808.576171875,198.4013671875
841,83,942.3232421875,212.4365234375
842,84,879.748046875,189.6298828125
843,84,853.7333984375,197.626953125
844,85,822.5673828125,190.4189453125
845,84,821.625,201.20703125
846,84,815.361328125,192.935546875
847,84,815.5419921875,194.96484375
848,84,834.2744140625,199.2548828125
849,83,842.078125,200.21484375
850,83,841.837890625,194.2685546875
851,83,830.96484375,194.1435546875
852,83,849.3525390625,197.953125
853,83,847.0498046875,198.2998046875
854,83,835.521484375,196.3486328125
855,83,834.7001953125,198.5634765625
856,83,825.46484375,196.6875
857,83,824.6572265625,197.6611328125
858,83,826.0791015625,197.025390625
859,83,830.1201171875,199.6103515625
860,83,824.16796875,197.0
861,83,827.1767578125,199.328125
862,83,823.52734375,195.2998046875
863,83,825.2822265625,198.001953125
864,83,829.744140625,196.884765625
865,83,820.0810546875,193.703125
866,84,799.8984375,190.19921875
867,84,645.951171875,195.2177734375
868,84,645.9990234375,195.181640625
869,83,708.5341796875,202.9638671875
870,84,679.931640625,187.9658203125
871,84,704.650390625,194.6787109375
872,85,691.48828125,189.6572265625
873,85,688.6474609375,193.05859375
874,86,686.1630859375,190.7138671875
875,86,674.63671875,192.9306640625
876,88,662.109375,184.158203125
877,87,670.6435546875,202.0810546875
878,87,684.056640625,192.7021484375
879,88,686.9169921875,191.767578125
880,88,672.62109375,198.8779296875
881,88,678.671875,199.748046875
882,87,684.2333984375,201.9375
883,87,698.703125,194.162109375
884,87,716.5390625,199.5869140625
885,86,725.62109375,204.244140625
886,85,732.111328125,201.267578125
887,85,733.9287109375,193.8486328125
888,85,740.765625,196.4111328125
889,85,752.0673828125,197.7900390625
890,85,756.1181640625,198.3330078125
891,85,762.66796875,199.2451171875
892,85,760.3896484375,198.072265625
893,85,749.1513671875,193.35546875
894,86,741.16015625,191.8876953125
895,85,744.939453125,201.6484375
896,85,744.7666015625,194.146484375
897,85,753.9677734375,197.6962890625
898,84,758.1923828125,200.8203125
899,83,774.9560546875,200.271484375
900,83,774.4384765625,196.5791015625
901,83,781.9677734375,198.955078125
902,83,769.9072265625,193.37109375
903,83,778.27734375,194.3837890625
904,84,763.2587890625,187.9228515625
905,84,763.44140625,193.353515625
906,85,754.4169921875,190.5361328125
907,85,741.6181640625,192.279296875
908,86,741.361328125,190.8046875
909,86,736.91796875,199.3701171875
910,86,736.08203125,198.8974609375
911,86,717.5810546875,195.65234375
912,86,713.294921875,195.3798828125
913,86,705.7646484375,194.7587890625
914,86,709.73828125,196.310546875
915,86,710.2109375,195.8642578125
916,86,710.1396484375,195.0224609375
917,86,707.3818359375,193.58203125
918,87,704.7421875,192.060546875
919,87,712.9111328125,198.853515625
920,87,704.359375,198.1611328125
921,87,711.271484375,199.7021484375
922,87,715.0927734375,198.4462890625
923,87,701.826171875,192.9560546875
924,88,701.6328125,190.708984375
925,88,676.486328125,195.333984375
926,88,679.068359375,194.4150390625
927,89,660.4052734375,190.443359375
928,89,651.5771484375,192.9140625
929,90,638.39453125,188.9296875
930,90,627.4326171875,199.12890625
931,90,622.3681640625,196.4248046875
932,90,613.240234375,192.505859375
933,91,583.552734375,184.5498046875
934,92,561.8759765625,187.6142578125
935,93,537.1171875,189.072265625
936,92,528.7431640625,207.4267578125
937,93,521.83203125,185.85546875
938,92,527.6640625,206.9931640625
939,93,528.2392578125,187.5
940,92,520.4609375,206.0458984375
941,93,521.6474609375,187.2939453125
942,92,518.935546875,207.2265625
943,93,519.53125,187.287109375
944,91,535.669921875,213.654296875
945,92,546.0283203125,186.5439453125
946,92,551.4814453125,197.5869140625
947,92,555.7724609375,199.6552734375
948,92,552.751953125,199.3232421875
949,92,555.2919921875,199.4501953125
950,91,558.1162109375,200.3076171875
951,91,566.41015625,193.009765625
952,91,569.0,194.228515625
953,92,563.0732421875,192.123046875
954,91,574.2060546875,204.9951171875
955,91,572.7646484375,195.859375
956,91,573.8740234375,196.4296875
957,90,594.060546875,203.0361328125
958,89,609.4013671875,201.486328125
959,89,629.033203125,197.30859375
960,87,652.9892578125,209.087890625
961,86,667.77734375,201.189453125
962,87,662.34375,191.365234375
963,86,668.841796875,200.58203125
964,85,684.271484375,200.541015625
965,85,703.125,195.3720703125
966,85,713.431640625,198.6923828125
967,84,721.634765625,201.9482421875
968,84,726.021484375,197.5947265625
969,84,733.615234375,197.9658203125
970,84,733.9169921875,197.75
971,83,750.7939453125,203.6484375
972,82,777.27734375,205.513671875
973,81,794.689453125,201.77734375
974,81,801.416015625,197.029296875
975,81,808.486328125,198.0205078125
976,83,758.4794921875,181.697265625
977,84,733.7890625,186.0859375
978,86,707.34375,180.9326171875
979,86,707.4423828125,193.35546875
980,86,707.07421875,193.095703125
981,87,699.3671875,190.1748046875
982,88,692.7705078125,191.6875
983,87,692.8125,201.6640625
984,88,694.5673828125,190.1591796875
985,87,695.4462890625,201.4326171875
986,88,706.3759765625,191.7216796875
987,87,708.322265625,204.109375
988,87,716.9501953125,193.7734375
989,87,716.978515625,193.490234375
990,87,711.859375,192.818359375
991,88,701.3984375,190.7861328125
992,87,698.8701171875,201.6826171875
993,88,687.12109375,188.087890625
994,88,676.6572265625,196.9140625
995,88,667.951171875,193.78125
996,89,651.8203125,190.5615234375
997,89,641.9775390625,194.7734375
998,89,637.6044921875,193.998046875
999,89,632.373046875,193.1484375
1000,90,630.2978515625,191.365234375
1001,89,636.23828125,207.48046875
1002,92,545.9716796875,174.451171875
1003,92,525.560546875,195.0029296875
1004,94,477.0009765625,179.986328125
1005,92,463.791015625,207.8232421875
1006,96,453.5888671875,168.779296875
1007,91,435.68359375,242.07421875
1008,96,428.3505859375,149.08203125
1009,91,423.798828125,231.3642578125
1010,96,435.22265625,147.4150390625
1011,91,435.1005859375,234.89453125
1012,96,443.33203125,149.755859375
1013,91,439.85546875,237.7607421875
1014,96,446.0009765625,150.875
1015,91,462.572265625,248.5703125
1016,96,455.9208984375,152.5888671875
1017,91,460.1181640625,248.6875
1018,96,486.4375,160.0078125
1019,91,464.3505859375,251.39453125
1020,96,461.7392578125,155.8466796875
1021,91,457.916015625,250.666015625
1022,96,448.138671875,151.59375
1023,91,437.455078125,239.119140625
1024,96,425.5654296875,146.5302734375
1025,92,408.2177734375,225.638671875
